geo_value,time_value,value,location,issue_date
al,2019-12-31,NA,01,2021-10-22
al,2020-01-01,NA,01,2021-10-22
al,2020-01-02,NA,01,2021-10-22
al,2020-01-03,NA,01,2021-10-22
al,2020-01-04,NA,01,2021-10-22
al,2020-01-05,NA,01,2021-10-22
al,2020-01-06,NA,01,2021-10-22
al,2020-01-07,NA,01,2021-10-22
al,2020-01-08,NA,01,2021-10-22
al,2020-01-09,NA,01,2021-10-22
al,2020-01-10,NA,01,2021-10-22
al,2020-01-11,NA,01,2021-10-22
al,2020-01-12,NA,01,2021-10-22
al,2020-01-13,NA,01,2021-10-22
al,2020-01-14,NA,01,2021-10-22
al,2020-01-15,NA,01,2021-10-22
al,2020-01-16,NA,01,2021-10-22
al,2020-01-17,NA,01,2021-10-22
al,2020-01-18,NA,01,2021-10-22
al,2020-01-19,NA,01,2021-10-22
al,2020-01-20,NA,01,2021-10-22
al,2020-01-21,NA,01,2021-10-22
al,2020-01-22,NA,01,2021-10-22
al,2020-01-23,NA,01,2021-10-22
al,2020-01-24,NA,01,2021-10-22
al,2020-01-25,NA,01,2021-10-22
al,2020-01-26,NA,01,2021-10-22
al,2020-01-27,NA,01,2021-10-22
al,2020-01-28,NA,01,2021-10-22
al,2020-01-29,NA,01,2021-10-22
al,2020-01-30,NA,01,2021-10-22
al,2020-01-31,NA,01,2021-10-22
al,2020-02-01,NA,01,2021-10-22
al,2020-02-02,NA,01,2021-10-22
al,2020-02-03,NA,01,2021-10-22
al,2020-02-04,NA,01,2021-10-22
al,2020-02-05,NA,01,2021-10-22
al,2020-02-06,NA,01,2021-10-22
al,2020-02-07,NA,01,2021-10-22
al,2020-02-08,NA,01,2021-10-22
al,2020-02-09,NA,01,2021-10-22
al,2020-02-10,NA,01,2021-10-22
al,2020-02-11,NA,01,2021-10-22
al,2020-02-12,NA,01,2021-10-22
al,2020-02-13,NA,01,2021-10-22
al,2020-02-14,NA,01,2021-10-22
al,2020-02-15,NA,01,2021-10-22
al,2020-02-16,NA,01,2021-10-22
al,2020-02-17,NA,01,2021-10-22
al,2020-02-18,NA,01,2021-10-22
al,2020-02-19,NA,01,2021-10-22
al,2020-02-20,NA,01,2021-10-22
al,2020-02-21,NA,01,2021-10-22
al,2020-02-22,NA,01,2021-10-22
al,2020-02-23,NA,01,2021-10-22
al,2020-02-24,NA,01,2021-10-22
al,2020-02-25,NA,01,2021-10-22
al,2020-02-26,NA,01,2021-10-22
al,2020-02-27,NA,01,2021-10-22
al,2020-02-28,NA,01,2021-10-22
al,2020-02-29,NA,01,2021-10-22
al,2020-03-01,NA,01,2021-10-22
al,2020-03-02,NA,01,2021-10-22
al,2020-03-03,NA,01,2021-10-22
al,2020-03-04,NA,01,2021-10-22
al,2020-03-05,NA,01,2021-10-22
al,2020-03-06,NA,01,2021-10-22
al,2020-03-07,NA,01,2021-10-22
al,2020-03-08,NA,01,2021-10-22
al,2020-03-09,NA,01,2021-10-22
al,2020-03-10,NA,01,2021-10-22
al,2020-03-11,NA,01,2021-10-22
al,2020-03-12,NA,01,2021-10-22
al,2020-03-13,NA,01,2021-10-22
al,2020-03-14,NA,01,2021-10-22
al,2020-03-15,NA,01,2021-10-22
al,2020-03-16,NA,01,2021-10-22
al,2020-03-17,NA,01,2021-10-22
al,2020-03-18,NA,01,2021-10-22
al,2020-03-19,NA,01,2021-10-22
al,2020-03-20,NA,01,2021-10-22
al,2020-03-21,NA,01,2021-10-22
al,2020-03-22,NA,01,2021-10-22
al,2020-03-23,NA,01,2021-10-22
al,2020-03-24,NA,01,2021-10-22
al,2020-03-25,NA,01,2021-10-22
al,2020-03-26,NA,01,2021-10-22
al,2020-03-27,NA,01,2021-10-22
al,2020-03-28,NA,01,2021-10-22
al,2020-03-29,NA,01,2021-10-22
al,2020-03-30,NA,01,2021-10-22
al,2020-03-31,NA,01,2021-10-22
al,2020-04-01,NA,01,2021-10-22
al,2020-04-02,NA,01,2021-10-22
al,2020-04-03,NA,01,2021-10-22
al,2020-04-04,NA,01,2021-10-22
al,2020-04-05,NA,01,2021-10-22
al,2020-04-06,NA,01,2021-10-22
al,2020-04-07,NA,01,2021-10-22
al,2020-04-08,NA,01,2021-10-22
al,2020-04-09,NA,01,2021-10-22
al,2020-04-10,NA,01,2021-10-22
al,2020-04-11,NA,01,2021-10-22
al,2020-04-12,NA,01,2021-10-22
al,2020-04-13,NA,01,2021-10-22
al,2020-04-14,NA,01,2021-10-22
al,2020-04-15,NA,01,2021-10-22
al,2020-04-16,NA,01,2021-10-22
al,2020-04-17,NA,01,2021-10-22
al,2020-04-18,NA,01,2021-10-22
al,2020-04-19,NA,01,2021-10-22
al,2020-04-20,NA,01,2021-10-22
al,2020-04-21,NA,01,2021-10-22
al,2020-04-22,NA,01,2021-10-22
al,2020-04-23,NA,01,2021-10-22
al,2020-04-24,NA,01,2021-10-22
al,2020-04-25,NA,01,2021-10-22
al,2020-04-26,NA,01,2021-10-22
al,2020-04-27,NA,01,2021-10-22
al,2020-04-28,NA,01,2021-10-22
al,2020-04-29,NA,01,2021-10-22
al,2020-04-30,NA,01,2021-10-22
al,2020-05-01,NA,01,2021-10-22
al,2020-05-02,NA,01,2021-10-22
al,2020-05-03,NA,01,2021-10-22
al,2020-05-04,NA,01,2021-10-22
al,2020-05-05,NA,01,2021-10-22
al,2020-05-06,NA,01,2021-10-22
al,2020-05-07,NA,01,2021-10-22
al,2020-05-08,NA,01,2021-10-22
al,2020-05-09,NA,01,2021-10-22
al,2020-05-10,NA,01,2021-10-22
al,2020-05-11,NA,01,2021-10-22
al,2020-05-12,NA,01,2021-10-22
al,2020-05-13,NA,01,2021-10-22
al,2020-05-14,NA,01,2021-10-22
al,2020-05-15,NA,01,2021-10-22
al,2020-05-16,NA,01,2021-10-22
al,2020-05-17,NA,01,2021-10-22
al,2020-05-18,NA,01,2021-10-22
al,2020-05-19,NA,01,2021-10-22
al,2020-05-20,NA,01,2021-10-22
al,2020-05-21,NA,01,2021-10-22
al,2020-05-22,NA,01,2021-10-22
al,2020-05-23,NA,01,2021-10-22
al,2020-05-24,NA,01,2021-10-22
al,2020-05-25,NA,01,2021-10-22
al,2020-05-26,NA,01,2021-10-22
al,2020-05-27,NA,01,2021-10-22
al,2020-05-28,NA,01,2021-10-22
al,2020-05-29,NA,01,2021-10-22
al,2020-05-30,NA,01,2021-10-22
al,2020-05-31,NA,01,2021-10-22
al,2020-06-01,NA,01,2021-10-22
al,2020-06-02,NA,01,2021-10-22
al,2020-06-03,NA,01,2021-10-22
al,2020-06-04,NA,01,2021-10-22
al,2020-06-05,NA,01,2021-10-22
al,2020-06-06,NA,01,2021-10-22
al,2020-06-07,NA,01,2021-10-22
al,2020-06-08,NA,01,2021-10-22
al,2020-06-09,NA,01,2021-10-22
al,2020-06-10,NA,01,2021-10-22
al,2020-06-11,NA,01,2021-10-22
al,2020-06-12,NA,01,2021-10-22
al,2020-06-13,NA,01,2021-10-22
al,2020-06-14,NA,01,2021-10-22
al,2020-06-15,NA,01,2021-10-22
al,2020-06-16,NA,01,2021-10-22
al,2020-06-17,NA,01,2021-10-22
al,2020-06-18,NA,01,2021-10-22
al,2020-06-19,NA,01,2021-10-22
al,2020-06-20,NA,01,2021-10-22
al,2020-06-21,NA,01,2021-10-22
al,2020-06-22,NA,01,2021-10-22
al,2020-06-23,NA,01,2021-10-22
al,2020-06-24,NA,01,2021-10-22
al,2020-06-25,NA,01,2021-10-22
al,2020-06-26,NA,01,2021-10-22
al,2020-06-27,NA,01,2021-10-22
al,2020-06-28,NA,01,2021-10-22
al,2020-06-29,NA,01,2021-10-22
al,2020-06-30,NA,01,2021-10-22
al,2020-07-01,NA,01,2021-10-22
al,2020-07-02,NA,01,2021-10-22
al,2020-07-03,NA,01,2021-10-22
al,2020-07-04,NA,01,2021-10-22
al,2020-07-05,NA,01,2021-10-22
al,2020-07-06,NA,01,2021-10-22
al,2020-07-07,NA,01,2021-10-22
al,2020-07-08,NA,01,2021-10-22
al,2020-07-09,NA,01,2021-10-22
al,2020-07-10,NA,01,2021-10-22
al,2020-07-11,NA,01,2021-10-22
al,2020-07-12,NA,01,2021-10-22
al,2020-07-13,NA,01,2021-10-22
al,2020-07-14,161,01,2021-10-22
al,2020-07-15,145,01,2021-10-22
al,2020-07-16,235,01,2021-10-22
al,2020-07-17,157,01,2021-10-22
al,2020-07-18,125,01,2021-10-22
al,2020-07-19,136,01,2021-10-22
al,2020-07-20,177,01,2021-10-22
al,2020-07-21,122,01,2021-10-22
al,2020-07-22,153,01,2021-10-22
al,2020-07-23,99,01,2021-10-22
al,2020-07-24,140,01,2021-10-22
al,2020-07-25,176,01,2021-10-22
al,2020-07-26,136,01,2021-10-22
al,2020-07-27,127,01,2021-10-22
al,2020-07-28,129,01,2021-10-22
al,2020-07-29,162,01,2021-10-22
al,2020-07-30,104,01,2021-10-22
al,2020-07-31,123,01,2021-10-22
al,2020-08-01,90,01,2021-10-22
al,2020-08-02,92,01,2021-10-22
al,2020-08-03,104,01,2021-10-22
al,2020-08-04,89,01,2021-10-22
al,2020-08-05,122,01,2021-10-22
al,2020-08-06,113,01,2021-10-22
al,2020-08-07,101,01,2021-10-22
al,2020-08-08,75,01,2021-10-22
al,2020-08-09,79,01,2021-10-22
al,2020-08-10,103,01,2021-10-22
al,2020-08-11,104,01,2021-10-22
al,2020-08-12,119,01,2021-10-22
al,2020-08-13,112,01,2021-10-22
al,2020-08-14,99,01,2021-10-22
al,2020-08-15,110,01,2021-10-22
al,2020-08-16,93,01,2021-10-22
al,2020-08-17,120,01,2021-10-22
al,2020-08-18,108,01,2021-10-22
al,2020-08-19,111,01,2021-10-22
al,2020-08-20,120,01,2021-10-22
al,2020-08-21,125,01,2021-10-22
al,2020-08-22,99,01,2021-10-22
al,2020-08-23,128,01,2021-10-22
al,2020-08-24,129,01,2021-10-22
al,2020-08-25,140,01,2021-10-22
al,2020-08-26,140,01,2021-10-22
al,2020-08-27,118,01,2021-10-22
al,2020-08-28,113,01,2021-10-22
al,2020-08-29,111,01,2021-10-22
al,2020-08-30,110,01,2021-10-22
al,2020-08-31,146,01,2021-10-22
al,2020-09-01,147,01,2021-10-22
al,2020-09-02,125,01,2021-10-22
al,2020-09-03,120,01,2021-10-22
al,2020-09-04,106,01,2021-10-22
al,2020-09-05,97,01,2021-10-22
al,2020-09-06,89,01,2021-10-22
al,2020-09-07,119,01,2021-10-22
al,2020-09-08,127,01,2021-10-22
al,2020-09-09,102,01,2021-10-22
al,2020-09-10,125,01,2021-10-22
al,2020-09-11,118,01,2021-10-22
al,2020-09-12,86,01,2021-10-22
al,2020-09-13,106,01,2021-10-22
al,2020-09-14,113,01,2021-10-22
al,2020-09-15,111,01,2021-10-22
al,2020-09-16,92,01,2021-10-22
al,2020-09-17,131,01,2021-10-22
al,2020-09-18,104,01,2021-10-22
al,2020-09-19,93,01,2021-10-22
al,2020-09-20,107,01,2021-10-22
al,2020-09-21,129,01,2021-10-22
al,2020-09-22,109,01,2021-10-22
al,2020-09-23,117,01,2021-10-22
al,2020-09-24,102,01,2021-10-22
al,2020-09-25,130,01,2021-10-22
al,2020-09-26,106,01,2021-10-22
al,2020-09-27,89,01,2021-10-22
al,2020-09-28,113,01,2021-10-22
al,2020-09-29,101,01,2021-10-22
al,2020-09-30,121,01,2021-10-22
al,2020-10-01,106,01,2021-10-22
al,2020-10-02,120,01,2021-10-22
al,2020-10-03,98,01,2021-10-22
al,2020-10-04,97,01,2021-10-22
al,2020-10-05,126,01,2021-10-22
al,2020-10-06,134,01,2021-10-22
al,2020-10-07,121,01,2021-10-22
al,2020-10-08,116,01,2021-10-22
al,2020-10-09,101,01,2021-10-22
al,2020-10-10,98,01,2021-10-22
al,2020-10-11,107,01,2021-10-22
al,2020-10-12,127,01,2021-10-22
al,2020-10-13,138,01,2021-10-22
al,2020-10-14,126,01,2021-10-22
al,2020-10-15,140,01,2021-10-22
al,2020-10-16,126,01,2021-10-22
al,2020-10-17,109,01,2021-10-22
al,2020-10-18,126,01,2021-10-22
al,2020-10-19,139,01,2021-10-22
al,2020-10-20,152,01,2021-10-22
al,2020-10-21,151,01,2021-10-22
al,2020-10-22,175,01,2021-10-22
al,2020-10-23,152,01,2021-10-22
al,2020-10-24,150,01,2021-10-22
al,2020-10-25,150,01,2021-10-22
al,2020-10-26,172,01,2021-10-22
al,2020-10-27,188,01,2021-10-22
al,2020-10-28,149,01,2021-10-22
al,2020-10-29,158,01,2021-10-22
al,2020-10-30,150,01,2021-10-22
al,2020-10-31,136,01,2021-10-22
al,2020-11-01,166,01,2021-10-22
al,2020-11-02,144,01,2021-10-22
al,2020-11-03,144,01,2021-10-22
al,2020-11-04,165,01,2021-10-22
al,2020-11-05,159,01,2021-10-22
al,2020-11-06,178,01,2021-10-22
al,2020-11-07,175,01,2021-10-22
al,2020-11-08,181,01,2021-10-22
al,2020-11-09,196,01,2021-10-22
al,2020-11-10,207,01,2021-10-22
al,2020-11-11,186,01,2021-10-22
al,2020-11-12,174,01,2021-10-22
al,2020-11-13,181,01,2021-10-22
al,2020-11-14,189,01,2021-10-22
al,2020-11-15,163,01,2021-10-22
al,2020-11-16,221,01,2021-10-22
al,2020-11-17,202,01,2021-10-22
al,2020-11-18,224,01,2021-10-22
al,2020-11-19,192,01,2021-10-22
al,2020-11-20,187,01,2021-10-22
al,2020-11-21,198,01,2021-10-22
al,2020-11-22,179,01,2021-10-22
al,2020-11-23,217,01,2021-10-22
al,2020-11-24,243,01,2021-10-22
al,2020-11-25,227,01,2021-10-22
al,2020-11-26,205,01,2021-10-22
al,2020-11-27,245,01,2021-10-22
al,2020-11-28,221,01,2021-10-22
al,2020-11-29,244,01,2021-10-22
al,2020-11-30,308,01,2021-10-22
al,2020-12-01,285,01,2021-10-22
al,2020-12-02,294,01,2021-10-22
al,2020-12-03,279,01,2021-10-22
al,2020-12-04,294,01,2021-10-22
al,2020-12-05,272,01,2021-10-22
al,2020-12-06,271,01,2021-10-22
al,2020-12-07,320,01,2021-10-22
al,2020-12-08,320,01,2021-10-22
al,2020-12-09,336,01,2021-10-22
al,2020-12-10,349,01,2021-10-22
al,2020-12-11,348,01,2021-10-22
al,2020-12-12,337,01,2021-10-22
al,2020-12-13,328,01,2021-10-22
al,2020-12-14,399,01,2021-10-22
al,2020-12-15,427,01,2021-10-22
al,2020-12-16,405,01,2021-10-22
al,2020-12-17,383,01,2021-10-22
al,2020-12-18,366,01,2021-10-22
al,2020-12-19,359,01,2021-10-22
al,2020-12-20,352,01,2021-10-22
al,2020-12-21,403,01,2021-10-22
al,2020-12-22,514,01,2021-10-22
al,2020-12-23,435,01,2021-10-22
al,2020-12-24,366,01,2021-10-22
al,2020-12-25,344,01,2021-10-22
al,2020-12-26,420,01,2021-10-22
al,2020-12-27,367,01,2021-10-22
al,2020-12-28,457,01,2021-10-22
al,2020-12-29,424,01,2021-10-22
al,2020-12-30,431,01,2021-10-22
al,2020-12-31,423,01,2021-10-22
al,2021-01-01,393,01,2021-10-22
al,2021-01-02,441,01,2021-10-22
al,2021-01-03,431,01,2021-10-22
al,2021-01-04,468,01,2021-10-22
al,2021-01-05,451,01,2021-10-22
al,2021-01-06,453,01,2021-10-22
al,2021-01-07,432,01,2021-10-22
al,2021-01-08,468,01,2021-10-22
al,2021-01-09,395,01,2021-10-22
al,2021-01-10,354,01,2021-10-22
al,2021-01-11,436,01,2021-10-22
al,2021-01-12,416,01,2021-10-22
al,2021-01-13,398,01,2021-10-22
al,2021-01-14,410,01,2021-10-22
al,2021-01-15,397,01,2021-10-22
al,2021-01-16,304,01,2021-10-22
al,2021-01-17,342,01,2021-10-22
al,2021-01-18,354,01,2021-10-22
al,2021-01-19,360,01,2021-10-22
al,2021-01-20,319,01,2021-10-22
al,2021-01-21,322,01,2021-10-22
al,2021-01-22,270,01,2021-10-22
al,2021-01-23,239,01,2021-10-22
al,2021-01-24,240,01,2021-10-22
al,2021-01-25,307,01,2021-10-22
al,2021-01-26,284,01,2021-10-22
al,2021-01-27,285,01,2021-10-22
al,2021-01-28,267,01,2021-10-22
al,2021-01-29,236,01,2021-10-22
al,2021-01-30,210,01,2021-10-22
al,2021-01-31,235,01,2021-10-22
al,2021-02-01,260,01,2021-10-22
al,2021-02-02,225,01,2021-10-22
al,2021-02-03,207,01,2021-10-22
al,2021-02-04,242,01,2021-10-22
al,2021-02-05,210,01,2021-10-22
al,2021-02-06,177,01,2021-10-22
al,2021-02-07,191,01,2021-10-22
al,2021-02-08,194,01,2021-10-22
al,2021-02-09,184,01,2021-10-22
al,2021-02-10,176,01,2021-10-22
al,2021-02-11,186,01,2021-10-22
al,2021-02-12,146,01,2021-10-22
al,2021-02-13,115,01,2021-10-22
al,2021-02-14,133,01,2021-10-22
al,2021-02-15,136,01,2021-10-22
al,2021-02-16,117,01,2021-10-22
al,2021-02-17,164,01,2021-10-22
al,2021-02-18,133,01,2021-10-22
al,2021-02-19,159,01,2021-10-22
al,2021-02-20,113,01,2021-10-22
al,2021-02-21,96,01,2021-10-22
al,2021-02-22,124,01,2021-10-22
al,2021-02-23,106,01,2021-10-22
al,2021-02-24,112,01,2021-10-22
al,2021-02-25,92,01,2021-10-22
al,2021-02-26,104,01,2021-10-22
al,2021-02-27,83,01,2021-10-22
al,2021-02-28,84,01,2021-10-22
al,2021-03-01,97,01,2021-10-22
al,2021-03-02,83,01,2021-10-22
al,2021-03-03,77,01,2021-10-22
al,2021-03-04,74,01,2021-10-22
al,2021-03-05,79,01,2021-10-22
al,2021-03-06,64,01,2021-10-22
al,2021-03-07,73,01,2021-10-22
al,2021-03-08,65,01,2021-10-22
al,2021-03-09,69,01,2021-10-22
al,2021-03-10,69,01,2021-10-22
al,2021-03-11,59,01,2021-10-22
al,2021-03-12,71,01,2021-10-22
al,2021-03-13,51,01,2021-10-22
al,2021-03-14,53,01,2021-10-22
al,2021-03-15,115,01,2021-10-22
al,2021-03-16,64,01,2021-10-22
al,2021-03-17,61,01,2021-10-22
al,2021-03-18,73,01,2021-10-22
al,2021-03-19,109,01,2021-10-22
al,2021-03-20,77,01,2021-10-22
al,2021-03-21,59,01,2021-10-22
al,2021-03-22,74,01,2021-10-22
al,2021-03-23,73,01,2021-10-22
al,2021-03-24,59,01,2021-10-22
al,2021-03-25,67,01,2021-10-22
al,2021-03-26,61,01,2021-10-22
al,2021-03-27,59,01,2021-10-22
al,2021-03-28,66,01,2021-10-22
al,2021-03-29,63,01,2021-10-22
al,2021-03-30,58,01,2021-10-22
al,2021-03-31,47,01,2021-10-22
al,2021-04-01,67,01,2021-10-22
al,2021-04-02,41,01,2021-10-22
al,2021-04-03,48,01,2021-10-22
al,2021-04-04,45,01,2021-10-22
al,2021-04-05,62,01,2021-10-22
al,2021-04-06,59,01,2021-10-22
al,2021-04-07,60,01,2021-10-22
al,2021-04-08,54,01,2021-10-22
al,2021-04-09,53,01,2021-10-22
al,2021-04-10,46,01,2021-10-22
al,2021-04-11,43,01,2021-10-22
al,2021-04-12,49,01,2021-10-22
al,2021-04-13,43,01,2021-10-22
al,2021-04-14,66,01,2021-10-22
al,2021-04-15,51,01,2021-10-22
al,2021-04-16,69,01,2021-10-22
al,2021-04-17,67,01,2021-10-22
al,2021-04-18,64,01,2021-10-22
al,2021-04-19,78,01,2021-10-22
al,2021-04-20,69,01,2021-10-22
al,2021-04-21,69,01,2021-10-22
al,2021-04-22,57,01,2021-10-22
al,2021-04-23,63,01,2021-10-22
al,2021-04-24,53,01,2021-10-22
al,2021-04-25,53,01,2021-10-22
al,2021-04-26,57,01,2021-10-22
al,2021-04-27,51,01,2021-10-22
al,2021-04-28,53,01,2021-10-22
al,2021-04-29,71,01,2021-10-22
al,2021-04-30,65,01,2021-10-22
al,2021-05-01,61,01,2021-10-22
al,2021-05-02,92,01,2021-10-22
al,2021-05-03,58,01,2021-10-22
al,2021-05-04,56,01,2021-10-22
al,2021-05-05,64,01,2021-10-22
al,2021-05-06,65,01,2021-10-22
al,2021-05-07,65,01,2021-10-22
al,2021-05-08,62,01,2021-10-22
al,2021-05-09,54,01,2021-10-22
al,2021-05-10,91,01,2021-10-22
al,2021-05-11,82,01,2021-10-22
al,2021-05-12,74,01,2021-10-22
al,2021-05-13,76,01,2021-10-22
al,2021-05-14,54,01,2021-10-22
al,2021-05-15,70,01,2021-10-22
al,2021-05-16,45,01,2021-10-22
al,2021-05-17,51,01,2021-10-22
al,2021-05-18,48,01,2021-10-22
al,2021-05-19,51,01,2021-10-22
al,2021-05-20,52,01,2021-10-22
al,2021-05-21,46,01,2021-10-22
al,2021-05-22,52,01,2021-10-22
al,2021-05-23,39,01,2021-10-22
al,2021-05-24,47,01,2021-10-22
al,2021-05-25,60,01,2021-10-22
al,2021-05-26,50,01,2021-10-22
al,2021-05-27,47,01,2021-10-22
al,2021-05-28,49,01,2021-10-22
al,2021-05-29,37,01,2021-10-22
al,2021-05-30,52,01,2021-10-22
al,2021-05-31,26,01,2021-10-22
al,2021-06-01,50,01,2021-10-22
al,2021-06-02,41,01,2021-10-22
al,2021-06-03,31,01,2021-10-22
al,2021-06-04,35,01,2021-10-22
al,2021-06-05,28,01,2021-10-22
al,2021-06-06,27,01,2021-10-22
al,2021-06-07,38,01,2021-10-22
al,2021-06-08,24,01,2021-10-22
al,2021-06-09,30,01,2021-10-22
al,2021-06-10,32,01,2021-10-22
al,2021-06-11,37,01,2021-10-22
al,2021-06-12,28,01,2021-10-22
al,2021-06-13,24,01,2021-10-22
al,2021-06-14,31,01,2021-10-22
al,2021-06-15,29,01,2021-10-22
al,2021-06-16,25,01,2021-10-22
al,2021-06-17,26,01,2021-10-22
al,2021-06-18,22,01,2021-10-22
al,2021-06-19,24,01,2021-10-22
al,2021-06-20,34,01,2021-10-22
al,2021-06-21,27,01,2021-10-22
al,2021-06-22,33,01,2021-10-22
al,2021-06-23,30,01,2021-10-22
al,2021-06-24,26,01,2021-10-22
al,2021-06-25,32,01,2021-10-22
al,2021-06-26,26,01,2021-10-22
al,2021-06-27,25,01,2021-10-22
al,2021-06-28,29,01,2021-10-22
al,2021-06-29,39,01,2021-10-22
al,2021-06-30,44,01,2021-10-22
al,2021-07-01,281,01,2021-10-22
al,2021-07-02,40,01,2021-10-22
al,2021-07-03,41,01,2021-10-22
al,2021-07-04,44,01,2021-10-22
al,2021-07-05,46,01,2021-10-22
al,2021-07-06,49,01,2021-10-22
al,2021-07-07,39,01,2021-10-22
al,2021-07-08,45,01,2021-10-22
al,2021-07-09,50,01,2021-10-22
al,2021-07-10,45,01,2021-10-22
al,2021-07-11,50,01,2021-10-22
al,2021-07-12,67,01,2021-10-22
al,2021-07-13,80,01,2021-10-22
al,2021-07-14,74,01,2021-10-22
al,2021-07-15,93,01,2021-10-22
al,2021-07-16,95,01,2021-10-22
al,2021-07-17,97,01,2021-10-22
al,2021-07-18,118,01,2021-10-22
al,2021-07-19,158,01,2021-10-22
al,2021-07-20,155,01,2021-10-22
al,2021-07-21,173,01,2021-10-22
al,2021-07-22,185,01,2021-10-22
al,2021-07-23,198,01,2021-10-22
al,2021-07-24,201,01,2021-10-22
al,2021-07-25,215,01,2021-10-22
al,2021-07-26,262,01,2021-10-22
al,2021-07-27,278,01,2021-10-22
al,2021-07-28,279,01,2021-10-22
al,2021-07-29,276,01,2021-10-22
al,2021-07-30,288,01,2021-10-22
al,2021-07-31,274,01,2021-10-22
al,2021-08-01,242,01,2021-10-22
al,2021-08-02,324,01,2021-10-22
al,2021-08-03,299,01,2021-10-22
al,2021-08-04,284,01,2021-10-22
al,2021-08-05,317,01,2021-10-22
al,2021-08-06,332,01,2021-10-22
al,2021-08-07,320,01,2021-10-22
al,2021-08-08,309,01,2021-10-22
al,2021-08-09,392,01,2021-10-22
al,2021-08-10,401,01,2021-10-22
al,2021-08-11,414,01,2021-10-22
al,2021-08-12,385,01,2021-10-22
al,2021-08-13,345,01,2021-10-22
al,2021-08-14,357,01,2021-10-22
al,2021-08-15,349,01,2021-10-22
al,2021-08-16,400,01,2021-10-22
al,2021-08-17,363,01,2021-10-22
al,2021-08-18,387,01,2021-10-22
al,2021-08-19,372,01,2021-10-22
al,2021-08-20,369,01,2021-10-22
al,2021-08-21,342,01,2021-10-22
al,2021-08-22,323,01,2021-10-22
al,2021-08-23,377,01,2021-10-22
al,2021-08-24,379,01,2021-10-22
al,2021-08-25,390,01,2021-10-22
al,2021-08-26,397,01,2021-10-22
al,2021-08-27,334,01,2021-10-22
al,2021-08-28,336,01,2021-10-22
al,2021-08-29,398,01,2021-10-22
al,2021-08-30,401,01,2021-10-22
al,2021-08-31,358,01,2021-10-22
al,2021-09-01,415,01,2021-10-22
al,2021-09-02,350,01,2021-10-22
al,2021-09-03,428,01,2021-10-22
al,2021-09-04,323,01,2021-10-22
al,2021-09-05,351,01,2021-10-22
al,2021-09-06,308,01,2021-10-22
al,2021-09-07,372,01,2021-10-22
al,2021-09-08,365,01,2021-10-22
al,2021-09-09,351,01,2021-10-22
al,2021-09-10,295,01,2021-10-22
al,2021-09-11,310,01,2021-10-22
al,2021-09-12,237,01,2021-10-22
al,2021-09-13,313,01,2021-10-22
al,2021-09-14,284,01,2021-10-22
al,2021-09-15,263,01,2021-10-22
al,2021-09-16,241,01,2021-10-22
al,2021-09-17,203,01,2021-10-22
al,2021-09-18,168,01,2021-10-22
al,2021-09-19,174,01,2021-10-22
al,2021-09-20,202,01,2021-10-22
al,2021-09-21,197,01,2021-10-22
al,2021-09-22,177,01,2021-10-22
al,2021-09-23,141,01,2021-10-22
al,2021-09-24,149,01,2021-10-22
al,2021-09-25,116,01,2021-10-22
al,2021-09-26,114,01,2021-10-22
al,2021-09-27,158,01,2021-10-22
al,2021-09-28,132,01,2021-10-22
al,2021-09-29,135,01,2021-10-22
al,2021-09-30,111,01,2021-10-22
al,2021-10-01,89,01,2021-10-22
al,2021-10-02,98,01,2021-10-22
al,2021-10-03,96,01,2021-10-22
al,2021-10-04,130,01,2021-10-22
al,2021-10-05,103,01,2021-10-22
al,2021-10-06,114,01,2021-10-22
al,2021-10-07,101,01,2021-10-22
al,2021-10-08,96,01,2021-10-22
al,2021-10-09,101,01,2021-10-22
al,2021-10-10,75,01,2021-10-22
al,2021-10-11,92,01,2021-10-22
al,2021-10-12,80,01,2021-10-22
al,2021-10-13,85,01,2021-10-22
al,2021-10-14,69,01,2021-10-22
al,2021-10-15,79,01,2021-10-22
al,2021-10-16,74,01,2021-10-22
al,2021-10-17,66,01,2021-10-22
al,2021-10-18,65,01,2021-10-22
al,2021-10-19,76,01,2021-10-22
al,2021-10-20,76,01,2021-10-22
al,2021-10-21,76,01,2021-10-22
ak,2020-03-22,NA,02,2021-10-22
ak,2020-03-23,NA,02,2021-10-22
ak,2020-03-24,NA,02,2021-10-22
ak,2020-03-25,NA,02,2021-10-22
ak,2020-03-26,NA,02,2021-10-22
ak,2020-03-27,NA,02,2021-10-22
ak,2020-03-28,NA,02,2021-10-22
ak,2020-03-29,NA,02,2021-10-22
ak,2020-03-30,NA,02,2021-10-22
ak,2020-03-31,NA,02,2021-10-22
ak,2020-04-01,NA,02,2021-10-22
ak,2020-04-02,NA,02,2021-10-22
ak,2020-04-03,NA,02,2021-10-22
ak,2020-04-04,NA,02,2021-10-22
ak,2020-04-05,NA,02,2021-10-22
ak,2020-04-06,NA,02,2021-10-22
ak,2020-04-07,NA,02,2021-10-22
ak,2020-04-08,NA,02,2021-10-22
ak,2020-04-09,NA,02,2021-10-22
ak,2020-04-10,NA,02,2021-10-22
ak,2020-04-11,NA,02,2021-10-22
ak,2020-04-12,NA,02,2021-10-22
ak,2020-04-13,NA,02,2021-10-22
ak,2020-04-14,NA,02,2021-10-22
ak,2020-04-15,NA,02,2021-10-22
ak,2020-04-16,NA,02,2021-10-22
ak,2020-04-17,NA,02,2021-10-22
ak,2020-04-18,NA,02,2021-10-22
ak,2020-04-19,NA,02,2021-10-22
ak,2020-04-20,NA,02,2021-10-22
ak,2020-04-21,NA,02,2021-10-22
ak,2020-04-22,NA,02,2021-10-22
ak,2020-04-23,NA,02,2021-10-22
ak,2020-04-24,NA,02,2021-10-22
ak,2020-04-25,NA,02,2021-10-22
ak,2020-04-26,NA,02,2021-10-22
ak,2020-04-27,NA,02,2021-10-22
ak,2020-04-28,NA,02,2021-10-22
ak,2020-04-29,NA,02,2021-10-22
ak,2020-04-30,NA,02,2021-10-22
ak,2020-05-01,NA,02,2021-10-22
ak,2020-05-02,NA,02,2021-10-22
ak,2020-05-03,NA,02,2021-10-22
ak,2020-05-04,NA,02,2021-10-22
ak,2020-05-05,NA,02,2021-10-22
ak,2020-05-06,NA,02,2021-10-22
ak,2020-05-07,NA,02,2021-10-22
ak,2020-05-08,NA,02,2021-10-22
ak,2020-05-09,NA,02,2021-10-22
ak,2020-05-10,NA,02,2021-10-22
ak,2020-05-11,NA,02,2021-10-22
ak,2020-05-12,NA,02,2021-10-22
ak,2020-05-13,NA,02,2021-10-22
ak,2020-05-14,NA,02,2021-10-22
ak,2020-05-15,NA,02,2021-10-22
ak,2020-05-16,NA,02,2021-10-22
ak,2020-05-17,NA,02,2021-10-22
ak,2020-05-18,NA,02,2021-10-22
ak,2020-05-19,NA,02,2021-10-22
ak,2020-05-20,NA,02,2021-10-22
ak,2020-05-21,NA,02,2021-10-22
ak,2020-05-22,NA,02,2021-10-22
ak,2020-05-23,NA,02,2021-10-22
ak,2020-05-24,NA,02,2021-10-22
ak,2020-05-25,NA,02,2021-10-22
ak,2020-05-26,NA,02,2021-10-22
ak,2020-05-27,NA,02,2021-10-22
ak,2020-05-28,NA,02,2021-10-22
ak,2020-05-29,NA,02,2021-10-22
ak,2020-05-30,NA,02,2021-10-22
ak,2020-05-31,NA,02,2021-10-22
ak,2020-06-01,NA,02,2021-10-22
ak,2020-06-02,NA,02,2021-10-22
ak,2020-06-03,NA,02,2021-10-22
ak,2020-06-04,NA,02,2021-10-22
ak,2020-06-05,NA,02,2021-10-22
ak,2020-06-06,NA,02,2021-10-22
ak,2020-06-07,NA,02,2021-10-22
ak,2020-06-08,NA,02,2021-10-22
ak,2020-06-09,NA,02,2021-10-22
ak,2020-06-10,NA,02,2021-10-22
ak,2020-06-11,NA,02,2021-10-22
ak,2020-06-12,NA,02,2021-10-22
ak,2020-06-13,NA,02,2021-10-22
ak,2020-06-14,NA,02,2021-10-22
ak,2020-06-15,NA,02,2021-10-22
ak,2020-06-16,NA,02,2021-10-22
ak,2020-06-17,NA,02,2021-10-22
ak,2020-06-18,NA,02,2021-10-22
ak,2020-06-19,NA,02,2021-10-22
ak,2020-06-20,NA,02,2021-10-22
ak,2020-06-21,NA,02,2021-10-22
ak,2020-06-22,NA,02,2021-10-22
ak,2020-06-23,NA,02,2021-10-22
ak,2020-06-24,NA,02,2021-10-22
ak,2020-06-25,NA,02,2021-10-22
ak,2020-06-26,NA,02,2021-10-22
ak,2020-06-27,NA,02,2021-10-22
ak,2020-06-28,NA,02,2021-10-22
ak,2020-06-29,NA,02,2021-10-22
ak,2020-06-30,NA,02,2021-10-22
ak,2020-07-01,NA,02,2021-10-22
ak,2020-07-02,NA,02,2021-10-22
ak,2020-07-03,NA,02,2021-10-22
ak,2020-07-04,NA,02,2021-10-22
ak,2020-07-05,NA,02,2021-10-22
ak,2020-07-06,NA,02,2021-10-22
ak,2020-07-07,NA,02,2021-10-22
ak,2020-07-08,NA,02,2021-10-22
ak,2020-07-09,NA,02,2021-10-22
ak,2020-07-10,NA,02,2021-10-22
ak,2020-07-11,NA,02,2021-10-22
ak,2020-07-12,NA,02,2021-10-22
ak,2020-07-13,NA,02,2021-10-22
ak,2020-07-14,0,02,2021-10-22
ak,2020-07-15,1,02,2021-10-22
ak,2020-07-16,1,02,2021-10-22
ak,2020-07-17,4,02,2021-10-22
ak,2020-07-18,2,02,2021-10-22
ak,2020-07-19,3,02,2021-10-22
ak,2020-07-20,4,02,2021-10-22
ak,2020-07-21,6,02,2021-10-22
ak,2020-07-22,5,02,2021-10-22
ak,2020-07-23,3,02,2021-10-22
ak,2020-07-24,11,02,2021-10-22
ak,2020-07-25,2,02,2021-10-22
ak,2020-07-26,5,02,2021-10-22
ak,2020-07-27,2,02,2021-10-22
ak,2020-07-28,0,02,2021-10-22
ak,2020-07-29,3,02,2021-10-22
ak,2020-07-30,3,02,2021-10-22
ak,2020-07-31,5,02,2021-10-22
ak,2020-08-01,1,02,2021-10-22
ak,2020-08-02,4,02,2021-10-22
ak,2020-08-03,6,02,2021-10-22
ak,2020-08-04,6,02,2021-10-22
ak,2020-08-05,2,02,2021-10-22
ak,2020-08-06,5,02,2021-10-22
ak,2020-08-07,5,02,2021-10-22
ak,2020-08-08,1,02,2021-10-22
ak,2020-08-09,2,02,2021-10-22
ak,2020-08-10,4,02,2021-10-22
ak,2020-08-11,5,02,2021-10-22
ak,2020-08-12,2,02,2021-10-22
ak,2020-08-13,5,02,2021-10-22
ak,2020-08-14,4,02,2021-10-22
ak,2020-08-15,1,02,2021-10-22
ak,2020-08-16,10,02,2021-10-22
ak,2020-08-17,5,02,2021-10-22
ak,2020-08-18,3,02,2021-10-22
ak,2020-08-19,3,02,2021-10-22
ak,2020-08-20,4,02,2021-10-22
ak,2020-08-21,5,02,2021-10-22
ak,2020-08-22,7,02,2021-10-22
ak,2020-08-23,3,02,2021-10-22
ak,2020-08-24,3,02,2021-10-22
ak,2020-08-25,5,02,2021-10-22
ak,2020-08-26,5,02,2021-10-22
ak,2020-08-27,7,02,2021-10-22
ak,2020-08-28,1,02,2021-10-22
ak,2020-08-29,4,02,2021-10-22
ak,2020-08-30,6,02,2021-10-22
ak,2020-08-31,7,02,2021-10-22
ak,2020-09-01,2,02,2021-10-22
ak,2020-09-02,9,02,2021-10-22
ak,2020-09-03,0,02,2021-10-22
ak,2020-09-04,7,02,2021-10-22
ak,2020-09-05,5,02,2021-10-22
ak,2020-09-06,10,02,2021-10-22
ak,2020-09-07,3,02,2021-10-22
ak,2020-09-08,4,02,2021-10-22
ak,2020-09-09,5,02,2021-10-22
ak,2020-09-10,0,02,2021-10-22
ak,2020-09-11,4,02,2021-10-22
ak,2020-09-12,6,02,2021-10-22
ak,2020-09-13,6,02,2021-10-22
ak,2020-09-14,4,02,2021-10-22
ak,2020-09-15,3,02,2021-10-22
ak,2020-09-16,2,02,2021-10-22
ak,2020-09-17,10,02,2021-10-22
ak,2020-09-18,7,02,2021-10-22
ak,2020-09-19,7,02,2021-10-22
ak,2020-09-20,2,02,2021-10-22
ak,2020-09-21,7,02,2021-10-22
ak,2020-09-22,4,02,2021-10-22
ak,2020-09-23,2,02,2021-10-22
ak,2020-09-24,8,02,2021-10-22
ak,2020-09-25,5,02,2021-10-22
ak,2020-09-26,7,02,2021-10-22
ak,2020-09-27,4,02,2021-10-22
ak,2020-09-28,3,02,2021-10-22
ak,2020-09-29,5,02,2021-10-22
ak,2020-09-30,4,02,2021-10-22
ak,2020-10-01,3,02,2021-10-22
ak,2020-10-02,7,02,2021-10-22
ak,2020-10-03,5,02,2021-10-22
ak,2020-10-04,5,02,2021-10-22
ak,2020-10-05,1,02,2021-10-22
ak,2020-10-06,3,02,2021-10-22
ak,2020-10-07,8,02,2021-10-22
ak,2020-10-08,6,02,2021-10-22
ak,2020-10-09,10,02,2021-10-22
ak,2020-10-10,6,02,2021-10-22
ak,2020-10-11,4,02,2021-10-22
ak,2020-10-12,13,02,2021-10-22
ak,2020-10-13,8,02,2021-10-22
ak,2020-10-14,11,02,2021-10-22
ak,2020-10-15,12,02,2021-10-22
ak,2020-10-16,8,02,2021-10-22
ak,2020-10-17,3,02,2021-10-22
ak,2020-10-18,8,02,2021-10-22
ak,2020-10-19,11,02,2021-10-22
ak,2020-10-20,11,02,2021-10-22
ak,2020-10-21,10,02,2021-10-22
ak,2020-10-22,6,02,2021-10-22
ak,2020-10-23,5,02,2021-10-22
ak,2020-10-24,4,02,2021-10-22
ak,2020-10-25,10,02,2021-10-22
ak,2020-10-26,14,02,2021-10-22
ak,2020-10-27,8,02,2021-10-22
ak,2020-10-28,11,02,2021-10-22
ak,2020-10-29,11,02,2021-10-22
ak,2020-10-30,12,02,2021-10-22
ak,2020-10-31,8,02,2021-10-22
ak,2020-11-01,7,02,2021-10-22
ak,2020-11-02,13,02,2021-10-22
ak,2020-11-03,14,02,2021-10-22
ak,2020-11-04,15,02,2021-10-22
ak,2020-11-05,15,02,2021-10-22
ak,2020-11-06,20,02,2021-10-22
ak,2020-11-07,12,02,2021-10-22
ak,2020-11-08,19,02,2021-10-22
ak,2020-11-09,18,02,2021-10-22
ak,2020-11-10,15,02,2021-10-22
ak,2020-11-11,13,02,2021-10-22
ak,2020-11-12,18,02,2021-10-22
ak,2020-11-13,28,02,2021-10-22
ak,2020-11-14,14,02,2021-10-22
ak,2020-11-15,19,02,2021-10-22
ak,2020-11-16,17,02,2021-10-22
ak,2020-11-17,13,02,2021-10-22
ak,2020-11-18,10,02,2021-10-22
ak,2020-11-19,23,02,2021-10-22
ak,2020-11-20,25,02,2021-10-22
ak,2020-11-21,24,02,2021-10-22
ak,2020-11-22,17,02,2021-10-22
ak,2020-11-23,27,02,2021-10-22
ak,2020-11-24,30,02,2021-10-22
ak,2020-11-25,28,02,2021-10-22
ak,2020-11-26,13,02,2021-10-22
ak,2020-11-27,15,02,2021-10-22
ak,2020-11-28,18,02,2021-10-22
ak,2020-11-29,16,02,2021-10-22
ak,2020-11-30,28,02,2021-10-22
ak,2020-12-01,20,02,2021-10-22
ak,2020-12-02,15,02,2021-10-22
ak,2020-12-03,20,02,2021-10-22
ak,2020-12-04,17,02,2021-10-22
ak,2020-12-05,17,02,2021-10-22
ak,2020-12-06,14,02,2021-10-22
ak,2020-12-07,20,02,2021-10-22
ak,2020-12-08,11,02,2021-10-22
ak,2020-12-09,11,02,2021-10-22
ak,2020-12-10,20,02,2021-10-22
ak,2020-12-11,9,02,2021-10-22
ak,2020-12-12,20,02,2021-10-22
ak,2020-12-13,16,02,2021-10-22
ak,2020-12-14,14,02,2021-10-22
ak,2020-12-15,13,02,2021-10-22
ak,2020-12-16,14,02,2021-10-22
ak,2020-12-17,12,02,2021-10-22
ak,2020-12-18,11,02,2021-10-22
ak,2020-12-19,9,02,2021-10-22
ak,2020-12-20,8,02,2021-10-22
ak,2020-12-21,5,02,2021-10-22
ak,2020-12-22,13,02,2021-10-22
ak,2020-12-23,11,02,2021-10-22
ak,2020-12-24,4,02,2021-10-22
ak,2020-12-25,10,02,2021-10-22
ak,2020-12-26,14,02,2021-10-22
ak,2020-12-27,8,02,2021-10-22
ak,2020-12-28,12,02,2021-10-22
ak,2020-12-29,7,02,2021-10-22
ak,2020-12-30,13,02,2021-10-22
ak,2020-12-31,7,02,2021-10-22
ak,2021-01-01,8,02,2021-10-22
ak,2021-01-02,20,02,2021-10-22
ak,2021-01-03,12,02,2021-10-22
ak,2021-01-04,17,02,2021-10-22
ak,2021-01-05,6,02,2021-10-22
ak,2021-01-06,12,02,2021-10-22
ak,2021-01-07,5,02,2021-10-22
ak,2021-01-08,4,02,2021-10-22
ak,2021-01-09,7,02,2021-10-22
ak,2021-01-10,7,02,2021-10-22
ak,2021-01-11,8,02,2021-10-22
ak,2021-01-12,15,02,2021-10-22
ak,2021-01-13,3,02,2021-10-22
ak,2021-01-14,6,02,2021-10-22
ak,2021-01-15,8,02,2021-10-22
ak,2021-01-16,5,02,2021-10-22
ak,2021-01-17,5,02,2021-10-22
ak,2021-01-18,4,02,2021-10-22
ak,2021-01-19,4,02,2021-10-22
ak,2021-01-20,5,02,2021-10-22
ak,2021-01-21,7,02,2021-10-22
ak,2021-01-22,5,02,2021-10-22
ak,2021-01-23,4,02,2021-10-22
ak,2021-01-24,8,02,2021-10-22
ak,2021-01-25,5,02,2021-10-22
ak,2021-01-26,3,02,2021-10-22
ak,2021-01-27,5,02,2021-10-22
ak,2021-01-28,3,02,2021-10-22
ak,2021-01-29,1,02,2021-10-22
ak,2021-01-30,2,02,2021-10-22
ak,2021-01-31,3,02,2021-10-22
ak,2021-02-01,7,02,2021-10-22
ak,2021-02-02,3,02,2021-10-22
ak,2021-02-03,4,02,2021-10-22
ak,2021-02-04,2,02,2021-10-22
ak,2021-02-05,4,02,2021-10-22
ak,2021-02-06,4,02,2021-10-22
ak,2021-02-07,3,02,2021-10-22
ak,2021-02-08,3,02,2021-10-22
ak,2021-02-09,7,02,2021-10-22
ak,2021-02-10,4,02,2021-10-22
ak,2021-02-11,3,02,2021-10-22
ak,2021-02-12,2,02,2021-10-22
ak,2021-02-13,3,02,2021-10-22
ak,2021-02-14,5,02,2021-10-22
ak,2021-02-15,7,02,2021-10-22
ak,2021-02-16,5,02,2021-10-22
ak,2021-02-17,7,02,2021-10-22
ak,2021-02-18,5,02,2021-10-22
ak,2021-02-19,5,02,2021-10-22
ak,2021-02-20,5,02,2021-10-22
ak,2021-02-21,7,02,2021-10-22
ak,2021-02-22,9,02,2021-10-22
ak,2021-02-23,3,02,2021-10-22
ak,2021-02-24,6,02,2021-10-22
ak,2021-02-25,2,02,2021-10-22
ak,2021-02-26,1,02,2021-10-22
ak,2021-02-27,3,02,2021-10-22
ak,2021-02-28,1,02,2021-10-22
ak,2021-03-01,7,02,2021-10-22
ak,2021-03-02,6,02,2021-10-22
ak,2021-03-03,4,02,2021-10-22
ak,2021-03-04,3,02,2021-10-22
ak,2021-03-05,6,02,2021-10-22
ak,2021-03-06,5,02,2021-10-22
ak,2021-03-07,5,02,2021-10-22
ak,2021-03-08,4,02,2021-10-22
ak,2021-03-09,4,02,2021-10-22
ak,2021-03-10,5,02,2021-10-22
ak,2021-03-11,6,02,2021-10-22
ak,2021-03-12,2,02,2021-10-22
ak,2021-03-13,4,02,2021-10-22
ak,2021-03-14,7,02,2021-10-22
ak,2021-03-15,6,02,2021-10-22
ak,2021-03-16,4,02,2021-10-22
ak,2021-03-17,8,02,2021-10-22
ak,2021-03-18,5,02,2021-10-22
ak,2021-03-19,8,02,2021-10-22
ak,2021-03-20,9,02,2021-10-22
ak,2021-03-21,5,02,2021-10-22
ak,2021-03-22,5,02,2021-10-22
ak,2021-03-23,4,02,2021-10-22
ak,2021-03-24,2,02,2021-10-22
ak,2021-03-25,4,02,2021-10-22
ak,2021-03-26,4,02,2021-10-22
ak,2021-03-27,9,02,2021-10-22
ak,2021-03-28,4,02,2021-10-22
ak,2021-03-29,6,02,2021-10-22
ak,2021-03-30,7,02,2021-10-22
ak,2021-03-31,9,02,2021-10-22
ak,2021-04-01,12,02,2021-10-22
ak,2021-04-02,2,02,2021-10-22
ak,2021-04-03,5,02,2021-10-22
ak,2021-04-04,3,02,2021-10-22
ak,2021-04-05,8,02,2021-10-22
ak,2021-04-06,10,02,2021-10-22
ak,2021-04-07,12,02,2021-10-22
ak,2021-04-08,2,02,2021-10-22
ak,2021-04-09,4,02,2021-10-22
ak,2021-04-10,4,02,2021-10-22
ak,2021-04-11,4,02,2021-10-22
ak,2021-04-12,4,02,2021-10-22
ak,2021-04-13,6,02,2021-10-22
ak,2021-04-14,6,02,2021-10-22
ak,2021-04-15,6,02,2021-10-22
ak,2021-04-16,3,02,2021-10-22
ak,2021-04-17,4,02,2021-10-22
ak,2021-04-18,9,02,2021-10-22
ak,2021-04-19,8,02,2021-10-22
ak,2021-04-20,7,02,2021-10-22
ak,2021-04-21,8,02,2021-10-22
ak,2021-04-22,5,02,2021-10-22
ak,2021-04-23,9,02,2021-10-22
ak,2021-04-24,9,02,2021-10-22
ak,2021-04-25,6,02,2021-10-22
ak,2021-04-26,6,02,2021-10-22
ak,2021-04-27,6,02,2021-10-22
ak,2021-04-28,6,02,2021-10-22
ak,2021-04-29,8,02,2021-10-22
ak,2021-04-30,7,02,2021-10-22
ak,2021-05-01,7,02,2021-10-22
ak,2021-05-02,5,02,2021-10-22
ak,2021-05-03,5,02,2021-10-22
ak,2021-05-04,4,02,2021-10-22
ak,2021-05-05,4,02,2021-10-22
ak,2021-05-06,3,02,2021-10-22
ak,2021-05-07,5,02,2021-10-22
ak,2021-05-08,4,02,2021-10-22
ak,2021-05-09,4,02,2021-10-22
ak,2021-05-10,7,02,2021-10-22
ak,2021-05-11,2,02,2021-10-22
ak,2021-05-12,7,02,2021-10-22
ak,2021-05-13,5,02,2021-10-22
ak,2021-05-14,2,02,2021-10-22
ak,2021-05-15,2,02,2021-10-22
ak,2021-05-16,3,02,2021-10-22
ak,2021-05-17,0,02,2021-10-22
ak,2021-05-18,3,02,2021-10-22
ak,2021-05-19,5,02,2021-10-22
ak,2021-05-20,2,02,2021-10-22
ak,2021-05-21,1,02,2021-10-22
ak,2021-05-22,0,02,2021-10-22
ak,2021-05-23,3,02,2021-10-22
ak,2021-05-24,4,02,2021-10-22
ak,2021-05-25,5,02,2021-10-22
ak,2021-05-26,2,02,2021-10-22
ak,2021-05-27,2,02,2021-10-22
ak,2021-05-28,0,02,2021-10-22
ak,2021-05-29,3,02,2021-10-22
ak,2021-05-30,6,02,2021-10-22
ak,2021-05-31,1,02,2021-10-22
ak,2021-06-01,3,02,2021-10-22
ak,2021-06-02,2,02,2021-10-22
ak,2021-06-03,6,02,2021-10-22
ak,2021-06-04,4,02,2021-10-22
ak,2021-06-05,2,02,2021-10-22
ak,2021-06-06,2,02,2021-10-22
ak,2021-06-07,1,02,2021-10-22
ak,2021-06-08,2,02,2021-10-22
ak,2021-06-09,4,02,2021-10-22
ak,2021-06-10,2,02,2021-10-22
ak,2021-06-11,4,02,2021-10-22
ak,2021-06-12,1,02,2021-10-22
ak,2021-06-13,1,02,2021-10-22
ak,2021-06-14,2,02,2021-10-22
ak,2021-06-15,2,02,2021-10-22
ak,2021-06-16,1,02,2021-10-22
ak,2021-06-17,1,02,2021-10-22
ak,2021-06-18,1,02,2021-10-22
ak,2021-06-19,0,02,2021-10-22
ak,2021-06-20,1,02,2021-10-22
ak,2021-06-21,4,02,2021-10-22
ak,2021-06-22,3,02,2021-10-22
ak,2021-06-23,3,02,2021-10-22
ak,2021-06-24,2,02,2021-10-22
ak,2021-06-25,0,02,2021-10-22
ak,2021-06-26,1,02,2021-10-22
ak,2021-06-27,3,02,2021-10-22
ak,2021-06-28,2,02,2021-10-22
ak,2021-06-29,5,02,2021-10-22
ak,2021-06-30,2,02,2021-10-22
ak,2021-07-01,6,02,2021-10-22
ak,2021-07-02,3,02,2021-10-22
ak,2021-07-03,7,02,2021-10-22
ak,2021-07-04,3,02,2021-10-22
ak,2021-07-05,2,02,2021-10-22
ak,2021-07-06,5,02,2021-10-22
ak,2021-07-07,4,02,2021-10-22
ak,2021-07-08,6,02,2021-10-22
ak,2021-07-09,10,02,2021-10-22
ak,2021-07-10,8,02,2021-10-22
ak,2021-07-11,1,02,2021-10-22
ak,2021-07-12,10,02,2021-10-22
ak,2021-07-13,5,02,2021-10-22
ak,2021-07-14,7,02,2021-10-22
ak,2021-07-15,8,02,2021-10-22
ak,2021-07-16,7,02,2021-10-22
ak,2021-07-17,5,02,2021-10-22
ak,2021-07-18,6,02,2021-10-22
ak,2021-07-19,13,02,2021-10-22
ak,2021-07-20,7,02,2021-10-22
ak,2021-07-21,12,02,2021-10-22
ak,2021-07-22,18,02,2021-10-22
ak,2021-07-23,15,02,2021-10-22
ak,2021-07-24,11,02,2021-10-22
ak,2021-07-25,14,02,2021-10-22
ak,2021-07-26,12,02,2021-10-22
ak,2021-07-27,12,02,2021-10-22
ak,2021-07-28,16,02,2021-10-22
ak,2021-07-29,15,02,2021-10-22
ak,2021-07-30,11,02,2021-10-22
ak,2021-07-31,7,02,2021-10-22
ak,2021-08-01,8,02,2021-10-22
ak,2021-08-02,21,02,2021-10-22
ak,2021-08-03,10,02,2021-10-22
ak,2021-08-04,14,02,2021-10-22
ak,2021-08-05,13,02,2021-10-22
ak,2021-08-06,12,02,2021-10-22
ak,2021-08-07,11,02,2021-10-22
ak,2021-08-08,16,02,2021-10-22
ak,2021-08-09,18,02,2021-10-22
ak,2021-08-10,16,02,2021-10-22
ak,2021-08-11,23,02,2021-10-22
ak,2021-08-12,17,02,2021-10-22
ak,2021-08-13,22,02,2021-10-22
ak,2021-08-14,14,02,2021-10-22
ak,2021-08-15,15,02,2021-10-22
ak,2021-08-16,16,02,2021-10-22
ak,2021-08-17,18,02,2021-10-22
ak,2021-08-18,17,02,2021-10-22
ak,2021-08-19,25,02,2021-10-22
ak,2021-08-20,17,02,2021-10-22
ak,2021-08-21,10,02,2021-10-22
ak,2021-08-22,13,02,2021-10-22
ak,2021-08-23,21,02,2021-10-22
ak,2021-08-24,15,02,2021-10-22
ak,2021-08-25,33,02,2021-10-22
ak,2021-08-26,18,02,2021-10-22
ak,2021-08-27,21,02,2021-10-22
ak,2021-08-28,14,02,2021-10-22
ak,2021-08-29,19,02,2021-10-22
ak,2021-08-30,32,02,2021-10-22
ak,2021-08-31,22,02,2021-10-22
ak,2021-09-01,22,02,2021-10-22
ak,2021-09-02,23,02,2021-10-22
ak,2021-09-03,22,02,2021-10-22
ak,2021-09-04,23,02,2021-10-22
ak,2021-09-05,33,02,2021-10-22
ak,2021-09-06,31,02,2021-10-22
ak,2021-09-07,36,02,2021-10-22
ak,2021-09-08,25,02,2021-10-22
ak,2021-09-09,26,02,2021-10-22
ak,2021-09-10,25,02,2021-10-22
ak,2021-09-11,26,02,2021-10-22
ak,2021-09-12,21,02,2021-10-22
ak,2021-09-13,31,02,2021-10-22
ak,2021-09-14,32,02,2021-10-22
ak,2021-09-15,25,02,2021-10-22
ak,2021-09-16,34,02,2021-10-22
ak,2021-09-17,23,02,2021-10-22
ak,2021-09-18,26,02,2021-10-22
ak,2021-09-19,17,02,2021-10-22
ak,2021-09-20,29,02,2021-10-22
ak,2021-09-21,25,02,2021-10-22
ak,2021-09-22,34,02,2021-10-22
ak,2021-09-23,23,02,2021-10-22
ak,2021-09-24,28,02,2021-10-22
ak,2021-09-25,15,02,2021-10-22
ak,2021-09-26,20,02,2021-10-22
ak,2021-09-27,25,02,2021-10-22
ak,2021-09-28,22,02,2021-10-22
ak,2021-09-29,26,02,2021-10-22
ak,2021-09-30,26,02,2021-10-22
ak,2021-10-01,26,02,2021-10-22
ak,2021-10-02,19,02,2021-10-22
ak,2021-10-03,19,02,2021-10-22
ak,2021-10-04,17,02,2021-10-22
ak,2021-10-05,27,02,2021-10-22
ak,2021-10-06,24,02,2021-10-22
ak,2021-10-07,25,02,2021-10-22
ak,2021-10-08,17,02,2021-10-22
ak,2021-10-09,26,02,2021-10-22
ak,2021-10-10,25,02,2021-10-22
ak,2021-10-11,28,02,2021-10-22
ak,2021-10-12,32,02,2021-10-22
ak,2021-10-13,26,02,2021-10-22
ak,2021-10-14,28,02,2021-10-22
ak,2021-10-15,23,02,2021-10-22
ak,2021-10-16,19,02,2021-10-22
ak,2021-10-17,28,02,2021-10-22
ak,2021-10-18,20,02,2021-10-22
ak,2021-10-19,38,02,2021-10-22
ak,2021-10-20,22,02,2021-10-22
ak,2021-10-21,22,02,2021-10-22
az,2020-03-01,NA,04,2021-10-22
az,2020-03-02,NA,04,2021-10-22
az,2020-03-03,NA,04,2021-10-22
az,2020-03-04,NA,04,2021-10-22
az,2020-03-05,NA,04,2021-10-22
az,2020-03-06,NA,04,2021-10-22
az,2020-03-07,NA,04,2021-10-22
az,2020-03-08,NA,04,2021-10-22
az,2020-03-09,NA,04,2021-10-22
az,2020-03-10,NA,04,2021-10-22
az,2020-03-11,NA,04,2021-10-22
az,2020-03-12,NA,04,2021-10-22
az,2020-03-13,NA,04,2021-10-22
az,2020-03-14,NA,04,2021-10-22
az,2020-03-15,NA,04,2021-10-22
az,2020-03-16,NA,04,2021-10-22
az,2020-03-17,NA,04,2021-10-22
az,2020-03-18,NA,04,2021-10-22
az,2020-03-19,NA,04,2021-10-22
az,2020-03-20,NA,04,2021-10-22
az,2020-03-21,NA,04,2021-10-22
az,2020-03-22,NA,04,2021-10-22
az,2020-03-23,NA,04,2021-10-22
az,2020-03-24,NA,04,2021-10-22
az,2020-03-25,NA,04,2021-10-22
az,2020-03-26,NA,04,2021-10-22
az,2020-03-27,NA,04,2021-10-22
az,2020-03-28,NA,04,2021-10-22
az,2020-03-29,NA,04,2021-10-22
az,2020-03-30,NA,04,2021-10-22
az,2020-03-31,NA,04,2021-10-22
az,2020-04-01,NA,04,2021-10-22
az,2020-04-02,NA,04,2021-10-22
az,2020-04-03,NA,04,2021-10-22
az,2020-04-04,NA,04,2021-10-22
az,2020-04-05,NA,04,2021-10-22
az,2020-04-06,NA,04,2021-10-22
az,2020-04-07,NA,04,2021-10-22
az,2020-04-08,NA,04,2021-10-22
az,2020-04-09,NA,04,2021-10-22
az,2020-04-10,NA,04,2021-10-22
az,2020-04-11,NA,04,2021-10-22
az,2020-04-12,NA,04,2021-10-22
az,2020-04-13,NA,04,2021-10-22
az,2020-04-14,NA,04,2021-10-22
az,2020-04-15,NA,04,2021-10-22
az,2020-04-16,NA,04,2021-10-22
az,2020-04-17,NA,04,2021-10-22
az,2020-04-18,NA,04,2021-10-22
az,2020-04-19,NA,04,2021-10-22
az,2020-04-20,NA,04,2021-10-22
az,2020-04-21,NA,04,2021-10-22
az,2020-04-22,NA,04,2021-10-22
az,2020-04-23,NA,04,2021-10-22
az,2020-04-24,NA,04,2021-10-22
az,2020-04-25,NA,04,2021-10-22
az,2020-04-26,NA,04,2021-10-22
az,2020-04-27,NA,04,2021-10-22
az,2020-04-28,NA,04,2021-10-22
az,2020-04-29,NA,04,2021-10-22
az,2020-04-30,NA,04,2021-10-22
az,2020-05-01,NA,04,2021-10-22
az,2020-05-02,NA,04,2021-10-22
az,2020-05-03,NA,04,2021-10-22
az,2020-05-04,NA,04,2021-10-22
az,2020-05-05,NA,04,2021-10-22
az,2020-05-06,NA,04,2021-10-22
az,2020-05-07,NA,04,2021-10-22
az,2020-05-08,NA,04,2021-10-22
az,2020-05-09,NA,04,2021-10-22
az,2020-05-10,NA,04,2021-10-22
az,2020-05-11,NA,04,2021-10-22
az,2020-05-12,NA,04,2021-10-22
az,2020-05-13,NA,04,2021-10-22
az,2020-05-14,NA,04,2021-10-22
az,2020-05-15,NA,04,2021-10-22
az,2020-05-16,NA,04,2021-10-22
az,2020-05-17,NA,04,2021-10-22
az,2020-05-18,NA,04,2021-10-22
az,2020-05-19,NA,04,2021-10-22
az,2020-05-20,NA,04,2021-10-22
az,2020-05-21,NA,04,2021-10-22
az,2020-05-22,NA,04,2021-10-22
az,2020-05-23,NA,04,2021-10-22
az,2020-05-24,NA,04,2021-10-22
az,2020-05-25,NA,04,2021-10-22
az,2020-05-26,NA,04,2021-10-22
az,2020-05-27,NA,04,2021-10-22
az,2020-05-28,NA,04,2021-10-22
az,2020-05-29,NA,04,2021-10-22
az,2020-05-30,NA,04,2021-10-22
az,2020-05-31,NA,04,2021-10-22
az,2020-06-01,NA,04,2021-10-22
az,2020-06-02,NA,04,2021-10-22
az,2020-06-03,NA,04,2021-10-22
az,2020-06-04,NA,04,2021-10-22
az,2020-06-05,NA,04,2021-10-22
az,2020-06-06,NA,04,2021-10-22
az,2020-06-07,NA,04,2021-10-22
az,2020-06-08,NA,04,2021-10-22
az,2020-06-09,NA,04,2021-10-22
az,2020-06-10,NA,04,2021-10-22
az,2020-06-11,NA,04,2021-10-22
az,2020-06-12,NA,04,2021-10-22
az,2020-06-13,NA,04,2021-10-22
az,2020-06-14,NA,04,2021-10-22
az,2020-06-15,NA,04,2021-10-22
az,2020-06-16,NA,04,2021-10-22
az,2020-06-17,NA,04,2021-10-22
az,2020-06-18,NA,04,2021-10-22
az,2020-06-19,NA,04,2021-10-22
az,2020-06-20,NA,04,2021-10-22
az,2020-06-21,NA,04,2021-10-22
az,2020-06-22,NA,04,2021-10-22
az,2020-06-23,NA,04,2021-10-22
az,2020-06-24,NA,04,2021-10-22
az,2020-06-25,NA,04,2021-10-22
az,2020-06-26,NA,04,2021-10-22
az,2020-06-27,NA,04,2021-10-22
az,2020-06-28,NA,04,2021-10-22
az,2020-06-29,NA,04,2021-10-22
az,2020-06-30,NA,04,2021-10-22
az,2020-07-01,NA,04,2021-10-22
az,2020-07-02,NA,04,2021-10-22
az,2020-07-03,NA,04,2021-10-22
az,2020-07-04,NA,04,2021-10-22
az,2020-07-05,NA,04,2021-10-22
az,2020-07-06,NA,04,2021-10-22
az,2020-07-07,NA,04,2021-10-22
az,2020-07-08,NA,04,2021-10-22
az,2020-07-09,NA,04,2021-10-22
az,2020-07-10,NA,04,2021-10-22
az,2020-07-11,NA,04,2021-10-22
az,2020-07-12,NA,04,2021-10-22
az,2020-07-13,NA,04,2021-10-22
az,2020-07-14,195,04,2021-10-22
az,2020-07-15,173,04,2021-10-22
az,2020-07-16,141,04,2021-10-22
az,2020-07-17,145,04,2021-10-22
az,2020-07-18,151,04,2021-10-22
az,2020-07-19,142,04,2021-10-22
az,2020-07-20,275,04,2021-10-22
az,2020-07-21,259,04,2021-10-22
az,2020-07-22,266,04,2021-10-22
az,2020-07-23,281,04,2021-10-22
az,2020-07-24,248,04,2021-10-22
az,2020-07-25,264,04,2021-10-22
az,2020-07-26,221,04,2021-10-22
az,2020-07-27,263,04,2021-10-22
az,2020-07-28,136,04,2021-10-22
az,2020-07-29,131,04,2021-10-22
az,2020-07-30,139,04,2021-10-22
az,2020-07-31,126,04,2021-10-22
az,2020-08-01,125,04,2021-10-22
az,2020-08-02,99,04,2021-10-22
az,2020-08-03,121,04,2021-10-22
az,2020-08-04,125,04,2021-10-22
az,2020-08-05,112,04,2021-10-22
az,2020-08-06,96,04,2021-10-22
az,2020-08-07,119,04,2021-10-22
az,2020-08-08,92,04,2021-10-22
az,2020-08-09,77,04,2021-10-22
az,2020-08-10,114,04,2021-10-22
az,2020-08-11,101,04,2021-10-22
az,2020-08-12,112,04,2021-10-22
az,2020-08-13,114,04,2021-10-22
az,2020-08-14,159,04,2021-10-22
az,2020-08-15,99,04,2021-10-22
az,2020-08-16,77,04,2021-10-22
az,2020-08-17,112,04,2021-10-22
az,2020-08-18,86,04,2021-10-22
az,2020-08-19,117,04,2021-10-22
az,2020-08-20,110,04,2021-10-22
az,2020-08-21,104,04,2021-10-22
az,2020-08-22,84,04,2021-10-22
az,2020-08-23,86,04,2021-10-22
az,2020-08-24,83,04,2021-10-22
az,2020-08-25,83,04,2021-10-22
az,2020-08-26,88,04,2021-10-22
az,2020-08-27,99,04,2021-10-22
az,2020-08-28,68,04,2021-10-22
az,2020-08-29,76,04,2021-10-22
az,2020-08-30,69,04,2021-10-22
az,2020-08-31,73,04,2021-10-22
az,2020-09-01,73,04,2021-10-22
az,2020-09-02,81,04,2021-10-22
az,2020-09-03,69,04,2021-10-22
az,2020-09-04,55,04,2021-10-22
az,2020-09-05,62,04,2021-10-22
az,2020-09-06,66,04,2021-10-22
az,2020-09-07,80,04,2021-10-22
az,2020-09-08,53,04,2021-10-22
az,2020-09-09,119,04,2021-10-22
az,2020-09-10,63,04,2021-10-22
az,2020-09-11,42,04,2021-10-22
az,2020-09-12,49,04,2021-10-22
az,2020-09-13,42,04,2021-10-22
az,2020-09-14,61,04,2021-10-22
az,2020-09-15,43,04,2021-10-22
az,2020-09-16,42,04,2021-10-22
az,2020-09-17,46,04,2021-10-22
az,2020-09-18,43,04,2021-10-22
az,2020-09-19,56,04,2021-10-22
az,2020-09-20,46,04,2021-10-22
az,2020-09-21,60,04,2021-10-22
az,2020-09-22,49,04,2021-10-22
az,2020-09-23,67,04,2021-10-22
az,2020-09-24,59,04,2021-10-22
az,2020-09-25,49,04,2021-10-22
az,2020-09-26,47,04,2021-10-22
az,2020-09-27,36,04,2021-10-22
az,2020-09-28,50,04,2021-10-22
az,2020-09-29,52,04,2021-10-22
az,2020-09-30,53,04,2021-10-22
az,2020-10-01,51,04,2021-10-22
az,2020-10-02,63,04,2021-10-22
az,2020-10-03,61,04,2021-10-22
az,2020-10-04,66,04,2021-10-22
az,2020-10-05,66,04,2021-10-22
az,2020-10-06,70,04,2021-10-22
az,2020-10-07,66,04,2021-10-22
az,2020-10-08,66,04,2021-10-22
az,2020-10-09,81,04,2021-10-22
az,2020-10-10,65,04,2021-10-22
az,2020-10-11,61,04,2021-10-22
az,2020-10-12,84,04,2021-10-22
az,2020-10-13,71,04,2021-10-22
az,2020-10-14,74,04,2021-10-22
az,2020-10-15,95,04,2021-10-22
az,2020-10-16,71,04,2021-10-22
az,2020-10-17,90,04,2021-10-22
az,2020-10-18,71,04,2021-10-22
az,2020-10-19,91,04,2021-10-22
az,2020-10-20,87,04,2021-10-22
az,2020-10-21,98,04,2021-10-22
az,2020-10-22,111,04,2021-10-22
az,2020-10-23,115,04,2021-10-22
az,2020-10-24,95,04,2021-10-22
az,2020-10-25,79,04,2021-10-22
az,2020-10-26,89,04,2021-10-22
az,2020-10-27,95,04,2021-10-22
az,2020-10-28,102,04,2021-10-22
az,2020-10-29,107,04,2021-10-22
az,2020-10-30,110,04,2021-10-22
az,2020-10-31,110,04,2021-10-22
az,2020-11-01,95,04,2021-10-22
az,2020-11-02,137,04,2021-10-22
az,2020-11-03,121,04,2021-10-22
az,2020-11-04,109,04,2021-10-22
az,2020-11-05,152,04,2021-10-22
az,2020-11-06,173,04,2021-10-22
az,2020-11-07,164,04,2021-10-22
az,2020-11-08,160,04,2021-10-22
az,2020-11-09,177,04,2021-10-22
az,2020-11-10,175,04,2021-10-22
az,2020-11-11,170,04,2021-10-22
az,2020-11-12,171,04,2021-10-22
az,2020-11-13,202,04,2021-10-22
az,2020-11-14,196,04,2021-10-22
az,2020-11-15,191,04,2021-10-22
az,2020-11-16,228,04,2021-10-22
az,2020-11-17,230,04,2021-10-22
az,2020-11-18,246,04,2021-10-22
az,2020-11-19,286,04,2021-10-22
az,2020-11-20,244,04,2021-10-22
az,2020-11-21,274,04,2021-10-22
az,2020-11-22,238,04,2021-10-22
az,2020-11-23,301,04,2021-10-22
az,2020-11-24,303,04,2021-10-22
az,2020-11-25,297,04,2021-10-22
az,2020-11-26,275,04,2021-10-22
az,2020-11-27,296,04,2021-10-22
az,2020-11-28,299,04,2021-10-22
az,2020-11-29,318,04,2021-10-22
az,2020-11-30,353,04,2021-10-22
az,2020-12-01,434,04,2021-10-22
az,2020-12-02,425,04,2021-10-22
az,2020-12-03,447,04,2021-10-22
az,2020-12-04,409,04,2021-10-22
az,2020-12-05,411,04,2021-10-22
az,2020-12-06,437,04,2021-10-22
az,2020-12-07,465,04,2021-10-22
az,2020-12-08,420,04,2021-10-22
az,2020-12-09,509,04,2021-10-22
az,2020-12-10,455,04,2021-10-22
az,2020-12-11,480,04,2021-10-22
az,2020-12-12,467,04,2021-10-22
az,2020-12-13,429,04,2021-10-22
az,2020-12-14,514,04,2021-10-22
az,2020-12-15,521,04,2021-10-22
az,2020-12-16,465,04,2021-10-22
az,2020-12-17,523,04,2021-10-22
az,2020-12-18,461,04,2021-10-22
az,2020-12-19,455,04,2021-10-22
az,2020-12-20,524,04,2021-10-22
az,2020-12-21,539,04,2021-10-22
az,2020-12-22,558,04,2021-10-22
az,2020-12-23,535,04,2021-10-22
az,2020-12-24,479,04,2021-10-22
az,2020-12-25,470,04,2021-10-22
az,2020-12-26,490,04,2021-10-22
az,2020-12-27,501,04,2021-10-22
az,2020-12-28,543,04,2021-10-22
az,2020-12-29,540,04,2021-10-22
az,2020-12-30,597,04,2021-10-22
az,2020-12-31,529,04,2021-10-22
az,2021-01-01,591,04,2021-10-22
az,2021-01-02,618,04,2021-10-22
az,2021-01-03,546,04,2021-10-22
az,2021-01-04,623,04,2021-10-22
az,2021-01-05,634,04,2021-10-22
az,2021-01-06,598,04,2021-10-22
az,2021-01-07,630,04,2021-10-22
az,2021-01-08,648,04,2021-10-22
az,2021-01-09,583,04,2021-10-22
az,2021-01-10,568,04,2021-10-22
az,2021-01-11,545,04,2021-10-22
az,2021-01-12,616,04,2021-10-22
az,2021-01-13,568,04,2021-10-22
az,2021-01-14,594,04,2021-10-22
az,2021-01-15,539,04,2021-10-22
az,2021-01-16,503,04,2021-10-22
az,2021-01-17,532,04,2021-10-22
az,2021-01-18,570,04,2021-10-22
az,2021-01-19,570,04,2021-10-22
az,2021-01-20,548,04,2021-10-22
az,2021-01-21,516,04,2021-10-22
az,2021-01-22,477,04,2021-10-22
az,2021-01-23,470,04,2021-10-22
az,2021-01-24,429,04,2021-10-22
az,2021-01-25,511,04,2021-10-22
az,2021-01-26,456,04,2021-10-22
az,2021-01-27,458,04,2021-10-22
az,2021-01-28,421,04,2021-10-22
az,2021-01-29,407,04,2021-10-22
az,2021-01-30,345,04,2021-10-22
az,2021-01-31,334,04,2021-10-22
az,2021-02-01,347,04,2021-10-22
az,2021-02-02,336,04,2021-10-22
az,2021-02-03,355,04,2021-10-22
az,2021-02-04,321,04,2021-10-22
az,2021-02-05,336,04,2021-10-22
az,2021-02-06,271,04,2021-10-22
az,2021-02-07,241,04,2021-10-22
az,2021-02-08,276,04,2021-10-22
az,2021-02-09,290,04,2021-10-22
az,2021-02-10,255,04,2021-10-22
az,2021-02-11,246,04,2021-10-22
az,2021-02-12,240,04,2021-10-22
az,2021-02-13,207,04,2021-10-22
az,2021-02-14,193,04,2021-10-22
az,2021-02-15,192,04,2021-10-22
az,2021-02-16,181,04,2021-10-22
az,2021-02-17,164,04,2021-10-22
az,2021-02-18,191,04,2021-10-22
az,2021-02-19,166,04,2021-10-22
az,2021-02-20,132,04,2021-10-22
az,2021-02-21,117,04,2021-10-22
az,2021-02-22,172,04,2021-10-22
az,2021-02-23,152,04,2021-10-22
az,2021-02-24,147,04,2021-10-22
az,2021-02-25,153,04,2021-10-22
az,2021-02-26,122,04,2021-10-22
az,2021-02-27,112,04,2021-10-22
az,2021-02-28,102,04,2021-10-22
az,2021-03-01,106,04,2021-10-22
az,2021-03-02,128,04,2021-10-22
az,2021-03-03,113,04,2021-10-22
az,2021-03-04,94,04,2021-10-22
az,2021-03-05,102,04,2021-10-22
az,2021-03-06,81,04,2021-10-22
az,2021-03-07,103,04,2021-10-22
az,2021-03-08,93,04,2021-10-22
az,2021-03-09,107,04,2021-10-22
az,2021-03-10,99,04,2021-10-22
az,2021-03-11,82,04,2021-10-22
az,2021-03-12,77,04,2021-10-22
az,2021-03-13,64,04,2021-10-22
az,2021-03-14,81,04,2021-10-22
az,2021-03-15,90,04,2021-10-22
az,2021-03-16,88,04,2021-10-22
az,2021-03-17,69,04,2021-10-22
az,2021-03-18,78,04,2021-10-22
az,2021-03-19,73,04,2021-10-22
az,2021-03-20,68,04,2021-10-22
az,2021-03-21,65,04,2021-10-22
az,2021-03-22,86,04,2021-10-22
az,2021-03-23,79,04,2021-10-22
az,2021-03-24,64,04,2021-10-22
az,2021-03-25,73,04,2021-10-22
az,2021-03-26,66,04,2021-10-22
az,2021-03-27,79,04,2021-10-22
az,2021-03-28,53,04,2021-10-22
az,2021-03-29,78,04,2021-10-22
az,2021-03-30,66,04,2021-10-22
az,2021-03-31,71,04,2021-10-22
az,2021-04-01,71,04,2021-10-22
az,2021-04-02,60,04,2021-10-22
az,2021-04-03,52,04,2021-10-22
az,2021-04-04,60,04,2021-10-22
az,2021-04-05,69,04,2021-10-22
az,2021-04-06,69,04,2021-10-22
az,2021-04-07,71,04,2021-10-22
az,2021-04-08,68,04,2021-10-22
az,2021-04-09,76,04,2021-10-22
az,2021-04-10,77,04,2021-10-22
az,2021-04-11,64,04,2021-10-22
az,2021-04-12,64,04,2021-10-22
az,2021-04-13,78,04,2021-10-22
az,2021-04-14,67,04,2021-10-22
az,2021-04-15,43,04,2021-10-22
az,2021-04-16,54,04,2021-10-22
az,2021-04-17,62,04,2021-10-22
az,2021-04-18,48,04,2021-10-22
az,2021-04-19,76,04,2021-10-22
az,2021-04-20,74,04,2021-10-22
az,2021-04-21,74,04,2021-10-22
az,2021-04-22,85,04,2021-10-22
az,2021-04-23,63,04,2021-10-22
az,2021-04-24,63,04,2021-10-22
az,2021-04-25,75,04,2021-10-22
az,2021-04-26,89,04,2021-10-22
az,2021-04-27,80,04,2021-10-22
az,2021-04-28,53,04,2021-10-22
az,2021-04-29,72,04,2021-10-22
az,2021-04-30,87,04,2021-10-22
az,2021-05-01,73,04,2021-10-22
az,2021-05-02,70,04,2021-10-22
az,2021-05-03,71,04,2021-10-22
az,2021-05-04,69,04,2021-10-22
az,2021-05-05,73,04,2021-10-22
az,2021-05-06,62,04,2021-10-22
az,2021-05-07,69,04,2021-10-22
az,2021-05-08,65,04,2021-10-22
az,2021-05-09,42,04,2021-10-22
az,2021-05-10,69,04,2021-10-22
az,2021-05-11,71,04,2021-10-22
az,2021-05-12,53,04,2021-10-22
az,2021-05-13,74,04,2021-10-22
az,2021-05-14,80,04,2021-10-22
az,2021-05-15,46,04,2021-10-22
az,2021-05-16,58,04,2021-10-22
az,2021-05-17,64,04,2021-10-22
az,2021-05-18,68,04,2021-10-22
az,2021-05-19,60,04,2021-10-22
az,2021-05-20,58,04,2021-10-22
az,2021-05-21,56,04,2021-10-22
az,2021-05-22,60,04,2021-10-22
az,2021-05-23,60,04,2021-10-22
az,2021-05-24,67,04,2021-10-22
az,2021-05-25,79,04,2021-10-22
az,2021-05-26,77,04,2021-10-22
az,2021-05-27,59,04,2021-10-22
az,2021-05-28,65,04,2021-10-22
az,2021-05-29,56,04,2021-10-22
az,2021-05-30,50,04,2021-10-22
az,2021-05-31,62,04,2021-10-22
az,2021-06-01,46,04,2021-10-22
az,2021-06-02,52,04,2021-10-22
az,2021-06-03,67,04,2021-10-22
az,2021-06-04,51,04,2021-10-22
az,2021-06-05,53,04,2021-10-22
az,2021-06-06,47,04,2021-10-22
az,2021-06-07,54,04,2021-10-22
az,2021-06-08,56,04,2021-10-22
az,2021-06-09,59,04,2021-10-22
az,2021-06-10,50,04,2021-10-22
az,2021-06-11,53,04,2021-10-22
az,2021-06-12,51,04,2021-10-22
az,2021-06-13,54,04,2021-10-22
az,2021-06-14,64,04,2021-10-22
az,2021-06-15,63,04,2021-10-22
az,2021-06-16,75,04,2021-10-22
az,2021-06-17,67,04,2021-10-22
az,2021-06-18,54,04,2021-10-22
az,2021-06-19,68,04,2021-10-22
az,2021-06-20,66,04,2021-10-22
az,2021-06-21,60,04,2021-10-22
az,2021-06-22,63,04,2021-10-22
az,2021-06-23,69,04,2021-10-22
az,2021-06-24,61,04,2021-10-22
az,2021-06-25,63,04,2021-10-22
az,2021-06-26,62,04,2021-10-22
az,2021-06-27,59,04,2021-10-22
az,2021-06-28,75,04,2021-10-22
az,2021-06-29,65,04,2021-10-22
az,2021-06-30,75,04,2021-10-22
az,2021-07-01,78,04,2021-10-22
az,2021-07-02,73,04,2021-10-22
az,2021-07-03,60,04,2021-10-22
az,2021-07-04,46,04,2021-10-22
az,2021-07-05,62,04,2021-10-22
az,2021-07-06,65,04,2021-10-22
az,2021-07-07,64,04,2021-10-22
az,2021-07-08,68,04,2021-10-22
az,2021-07-09,62,04,2021-10-22
az,2021-07-10,68,04,2021-10-22
az,2021-07-11,77,04,2021-10-22
az,2021-07-12,93,04,2021-10-22
az,2021-07-13,95,04,2021-10-22
az,2021-07-14,91,04,2021-10-22
az,2021-07-15,107,04,2021-10-22
az,2021-07-16,108,04,2021-10-22
az,2021-07-17,97,04,2021-10-22
az,2021-07-18,93,04,2021-10-22
az,2021-07-19,85,04,2021-10-22
az,2021-07-20,116,04,2021-10-22
az,2021-07-21,109,04,2021-10-22
az,2021-07-22,116,04,2021-10-22
az,2021-07-23,98,04,2021-10-22
az,2021-07-24,115,04,2021-10-22
az,2021-07-25,111,04,2021-10-22
az,2021-07-26,145,04,2021-10-22
az,2021-07-27,126,04,2021-10-22
az,2021-07-28,157,04,2021-10-22
az,2021-07-29,186,04,2021-10-22
az,2021-07-30,160,04,2021-10-22
az,2021-07-31,151,04,2021-10-22
az,2021-08-01,144,04,2021-10-22
az,2021-08-02,172,04,2021-10-22
az,2021-08-03,166,04,2021-10-22
az,2021-08-04,169,04,2021-10-22
az,2021-08-05,188,04,2021-10-22
az,2021-08-06,158,04,2021-10-22
az,2021-08-07,158,04,2021-10-22
az,2021-08-08,183,04,2021-10-22
az,2021-08-09,199,04,2021-10-22
az,2021-08-10,182,04,2021-10-22
az,2021-08-11,178,04,2021-10-22
az,2021-08-12,201,04,2021-10-22
az,2021-08-13,208,04,2021-10-22
az,2021-08-14,199,04,2021-10-22
az,2021-08-15,200,04,2021-10-22
az,2021-08-16,208,04,2021-10-22
az,2021-08-17,204,04,2021-10-22
az,2021-08-18,185,04,2021-10-22
az,2021-08-19,211,04,2021-10-22
az,2021-08-20,233,04,2021-10-22
az,2021-08-21,183,04,2021-10-22
az,2021-08-22,180,04,2021-10-22
az,2021-08-23,214,04,2021-10-22
az,2021-08-24,196,04,2021-10-22
az,2021-08-25,204,04,2021-10-22
az,2021-08-26,208,04,2021-10-22
az,2021-08-27,229,04,2021-10-22
az,2021-08-28,214,04,2021-10-22
az,2021-08-29,214,04,2021-10-22
az,2021-08-30,265,04,2021-10-22
az,2021-08-31,217,04,2021-10-22
az,2021-09-01,257,04,2021-10-22
az,2021-09-02,223,04,2021-10-22
az,2021-09-03,221,04,2021-10-22
az,2021-09-04,212,04,2021-10-22
az,2021-09-05,215,04,2021-10-22
az,2021-09-06,222,04,2021-10-22
az,2021-09-07,255,04,2021-10-22
az,2021-09-08,235,04,2021-10-22
az,2021-09-09,206,04,2021-10-22
az,2021-09-10,201,04,2021-10-22
az,2021-09-11,200,04,2021-10-22
az,2021-09-12,208,04,2021-10-22
az,2021-09-13,215,04,2021-10-22
az,2021-09-14,212,04,2021-10-22
az,2021-09-15,217,04,2021-10-22
az,2021-09-16,199,04,2021-10-22
az,2021-09-17,185,04,2021-10-22
az,2021-09-18,194,04,2021-10-22
az,2021-09-19,189,04,2021-10-22
az,2021-09-20,192,04,2021-10-22
az,2021-09-21,201,04,2021-10-22
az,2021-09-22,187,04,2021-10-22
az,2021-09-23,187,04,2021-10-22
az,2021-09-24,181,04,2021-10-22
az,2021-09-25,181,04,2021-10-22
az,2021-09-26,155,04,2021-10-22
az,2021-09-27,197,04,2021-10-22
az,2021-09-28,175,04,2021-10-22
az,2021-09-29,180,04,2021-10-22
az,2021-09-30,189,04,2021-10-22
az,2021-10-01,175,04,2021-10-22
az,2021-10-02,149,04,2021-10-22
az,2021-10-03,149,04,2021-10-22
az,2021-10-04,210,04,2021-10-22
az,2021-10-05,185,04,2021-10-22
az,2021-10-06,176,04,2021-10-22
az,2021-10-07,166,04,2021-10-22
az,2021-10-08,177,04,2021-10-22
az,2021-10-09,173,04,2021-10-22
az,2021-10-10,153,04,2021-10-22
az,2021-10-11,160,04,2021-10-22
az,2021-10-12,208,04,2021-10-22
az,2021-10-13,184,04,2021-10-22
az,2021-10-14,181,04,2021-10-22
az,2021-10-15,169,04,2021-10-22
az,2021-10-16,173,04,2021-10-22
az,2021-10-17,158,04,2021-10-22
az,2021-10-18,204,04,2021-10-22
az,2021-10-19,165,04,2021-10-22
az,2021-10-20,191,04,2021-10-22
az,2021-10-21,191,04,2021-10-22
ar,2020-01-03,0,05,2021-10-22
ar,2020-01-04,0,05,2021-10-22
ar,2020-01-05,0,05,2021-10-22
ar,2020-01-06,0,05,2021-10-22
ar,2020-01-07,0,05,2021-10-22
ar,2020-03-10,NA,05,2021-10-22
ar,2020-03-11,NA,05,2021-10-22
ar,2020-03-12,NA,05,2021-10-22
ar,2020-03-13,NA,05,2021-10-22
ar,2020-03-14,NA,05,2021-10-22
ar,2020-03-15,NA,05,2021-10-22
ar,2020-03-16,NA,05,2021-10-22
ar,2020-03-17,NA,05,2021-10-22
ar,2020-03-18,NA,05,2021-10-22
ar,2020-03-19,NA,05,2021-10-22
ar,2020-03-20,NA,05,2021-10-22
ar,2020-03-21,NA,05,2021-10-22
ar,2020-03-22,NA,05,2021-10-22
ar,2020-03-23,NA,05,2021-10-22
ar,2020-03-24,NA,05,2021-10-22
ar,2020-03-25,NA,05,2021-10-22
ar,2020-03-26,NA,05,2021-10-22
ar,2020-03-27,NA,05,2021-10-22
ar,2020-03-28,NA,05,2021-10-22
ar,2020-03-29,NA,05,2021-10-22
ar,2020-03-30,NA,05,2021-10-22
ar,2020-03-31,NA,05,2021-10-22
ar,2020-04-01,NA,05,2021-10-22
ar,2020-04-02,NA,05,2021-10-22
ar,2020-04-03,NA,05,2021-10-22
ar,2020-04-04,NA,05,2021-10-22
ar,2020-04-05,NA,05,2021-10-22
ar,2020-04-06,NA,05,2021-10-22
ar,2020-04-07,NA,05,2021-10-22
ar,2020-04-08,NA,05,2021-10-22
ar,2020-04-09,NA,05,2021-10-22
ar,2020-04-10,NA,05,2021-10-22
ar,2020-04-11,NA,05,2021-10-22
ar,2020-04-12,NA,05,2021-10-22
ar,2020-04-13,NA,05,2021-10-22
ar,2020-04-14,NA,05,2021-10-22
ar,2020-04-15,NA,05,2021-10-22
ar,2020-04-16,NA,05,2021-10-22
ar,2020-04-17,NA,05,2021-10-22
ar,2020-04-18,NA,05,2021-10-22
ar,2020-04-19,NA,05,2021-10-22
ar,2020-04-20,NA,05,2021-10-22
ar,2020-04-21,NA,05,2021-10-22
ar,2020-04-22,NA,05,2021-10-22
ar,2020-04-23,NA,05,2021-10-22
ar,2020-04-24,NA,05,2021-10-22
ar,2020-04-25,NA,05,2021-10-22
ar,2020-04-26,NA,05,2021-10-22
ar,2020-04-27,NA,05,2021-10-22
ar,2020-04-28,NA,05,2021-10-22
ar,2020-04-29,NA,05,2021-10-22
ar,2020-04-30,NA,05,2021-10-22
ar,2020-05-01,NA,05,2021-10-22
ar,2020-05-02,NA,05,2021-10-22
ar,2020-05-03,NA,05,2021-10-22
ar,2020-05-04,NA,05,2021-10-22
ar,2020-05-05,NA,05,2021-10-22
ar,2020-05-06,NA,05,2021-10-22
ar,2020-05-07,NA,05,2021-10-22
ar,2020-05-08,NA,05,2021-10-22
ar,2020-05-09,NA,05,2021-10-22
ar,2020-05-10,NA,05,2021-10-22
ar,2020-05-11,NA,05,2021-10-22
ar,2020-05-12,NA,05,2021-10-22
ar,2020-05-13,NA,05,2021-10-22
ar,2020-05-14,NA,05,2021-10-22
ar,2020-05-15,NA,05,2021-10-22
ar,2020-05-16,NA,05,2021-10-22
ar,2020-05-17,NA,05,2021-10-22
ar,2020-05-18,NA,05,2021-10-22
ar,2020-05-19,NA,05,2021-10-22
ar,2020-05-20,NA,05,2021-10-22
ar,2020-05-21,NA,05,2021-10-22
ar,2020-05-22,NA,05,2021-10-22
ar,2020-05-23,NA,05,2021-10-22
ar,2020-05-24,NA,05,2021-10-22
ar,2020-05-25,NA,05,2021-10-22
ar,2020-05-26,NA,05,2021-10-22
ar,2020-05-27,NA,05,2021-10-22
ar,2020-05-28,NA,05,2021-10-22
ar,2020-05-29,NA,05,2021-10-22
ar,2020-05-30,NA,05,2021-10-22
ar,2020-05-31,NA,05,2021-10-22
ar,2020-06-01,NA,05,2021-10-22
ar,2020-06-02,NA,05,2021-10-22
ar,2020-06-03,NA,05,2021-10-22
ar,2020-06-04,NA,05,2021-10-22
ar,2020-06-05,NA,05,2021-10-22
ar,2020-06-06,NA,05,2021-10-22
ar,2020-06-07,NA,05,2021-10-22
ar,2020-06-08,NA,05,2021-10-22
ar,2020-06-09,NA,05,2021-10-22
ar,2020-06-10,NA,05,2021-10-22
ar,2020-06-11,NA,05,2021-10-22
ar,2020-06-12,NA,05,2021-10-22
ar,2020-06-13,NA,05,2021-10-22
ar,2020-06-14,NA,05,2021-10-22
ar,2020-06-15,NA,05,2021-10-22
ar,2020-06-16,NA,05,2021-10-22
ar,2020-06-17,NA,05,2021-10-22
ar,2020-06-18,NA,05,2021-10-22
ar,2020-06-19,NA,05,2021-10-22
ar,2020-06-20,NA,05,2021-10-22
ar,2020-06-21,NA,05,2021-10-22
ar,2020-06-22,NA,05,2021-10-22
ar,2020-06-23,NA,05,2021-10-22
ar,2020-06-24,NA,05,2021-10-22
ar,2020-06-25,NA,05,2021-10-22
ar,2020-06-26,NA,05,2021-10-22
ar,2020-06-27,NA,05,2021-10-22
ar,2020-06-28,NA,05,2021-10-22
ar,2020-06-29,NA,05,2021-10-22
ar,2020-06-30,NA,05,2021-10-22
ar,2020-07-01,NA,05,2021-10-22
ar,2020-07-02,NA,05,2021-10-22
ar,2020-07-03,NA,05,2021-10-22
ar,2020-07-04,NA,05,2021-10-22
ar,2020-07-05,NA,05,2021-10-22
ar,2020-07-06,NA,05,2021-10-22
ar,2020-07-07,NA,05,2021-10-22
ar,2020-07-08,NA,05,2021-10-22
ar,2020-07-09,NA,05,2021-10-22
ar,2020-07-10,NA,05,2021-10-22
ar,2020-07-11,NA,05,2021-10-22
ar,2020-07-12,NA,05,2021-10-22
ar,2020-07-13,NA,05,2021-10-22
ar,2020-07-14,54,05,2021-10-22
ar,2020-07-15,53,05,2021-10-22
ar,2020-07-16,45,05,2021-10-22
ar,2020-07-17,57,05,2021-10-22
ar,2020-07-18,38,05,2021-10-22
ar,2020-07-19,41,05,2021-10-22
ar,2020-07-20,54,05,2021-10-22
ar,2020-07-21,94,05,2021-10-22
ar,2020-07-22,53,05,2021-10-22
ar,2020-07-23,65,05,2021-10-22
ar,2020-07-24,58,05,2021-10-22
ar,2020-07-25,52,05,2021-10-22
ar,2020-07-26,55,05,2021-10-22
ar,2020-07-27,70,05,2021-10-22
ar,2020-07-28,64,05,2021-10-22
ar,2020-07-29,71,05,2021-10-22
ar,2020-07-30,61,05,2021-10-22
ar,2020-07-31,52,05,2021-10-22
ar,2020-08-01,60,05,2021-10-22
ar,2020-08-02,61,05,2021-10-22
ar,2020-08-03,70,05,2021-10-22
ar,2020-08-04,62,05,2021-10-22
ar,2020-08-05,67,05,2021-10-22
ar,2020-08-06,81,05,2021-10-22
ar,2020-08-07,99,05,2021-10-22
ar,2020-08-08,58,05,2021-10-22
ar,2020-08-09,58,05,2021-10-22
ar,2020-08-10,81,05,2021-10-22
ar,2020-08-11,51,05,2021-10-22
ar,2020-08-12,68,05,2021-10-22
ar,2020-08-13,98,05,2021-10-22
ar,2020-08-14,51,05,2021-10-22
ar,2020-08-15,63,05,2021-10-22
ar,2020-08-16,72,05,2021-10-22
ar,2020-08-17,63,05,2021-10-22
ar,2020-08-18,83,05,2021-10-22
ar,2020-08-19,71,05,2021-10-22
ar,2020-08-20,67,05,2021-10-22
ar,2020-08-21,63,05,2021-10-22
ar,2020-08-22,45,05,2021-10-22
ar,2020-08-23,46,05,2021-10-22
ar,2020-08-24,59,05,2021-10-22
ar,2020-08-25,56,05,2021-10-22
ar,2020-08-26,59,05,2021-10-22
ar,2020-08-27,63,05,2021-10-22
ar,2020-08-28,55,05,2021-10-22
ar,2020-08-29,38,05,2021-10-22
ar,2020-08-30,52,05,2021-10-22
ar,2020-08-31,53,05,2021-10-22
ar,2020-09-01,61,05,2021-10-22
ar,2020-09-02,48,05,2021-10-22
ar,2020-09-03,47,05,2021-10-22
ar,2020-09-04,53,05,2021-10-22
ar,2020-09-05,37,05,2021-10-22
ar,2020-09-06,41,05,2021-10-22
ar,2020-09-07,47,05,2021-10-22
ar,2020-09-08,56,05,2021-10-22
ar,2020-09-09,51,05,2021-10-22
ar,2020-09-10,59,05,2021-10-22
ar,2020-09-11,56,05,2021-10-22
ar,2020-09-12,52,05,2021-10-22
ar,2020-09-13,41,05,2021-10-22
ar,2020-09-14,53,05,2021-10-22
ar,2020-09-15,64,05,2021-10-22
ar,2020-09-16,56,05,2021-10-22
ar,2020-09-17,57,05,2021-10-22
ar,2020-09-18,60,05,2021-10-22
ar,2020-09-19,65,05,2021-10-22
ar,2020-09-20,70,05,2021-10-22
ar,2020-09-21,76,05,2021-10-22
ar,2020-09-22,67,05,2021-10-22
ar,2020-09-23,66,05,2021-10-22
ar,2020-09-24,65,05,2021-10-22
ar,2020-09-25,64,05,2021-10-22
ar,2020-09-26,45,05,2021-10-22
ar,2020-09-27,56,05,2021-10-22
ar,2020-09-28,81,05,2021-10-22
ar,2020-09-29,73,05,2021-10-22
ar,2020-09-30,75,05,2021-10-22
ar,2020-10-01,58,05,2021-10-22
ar,2020-10-02,71,05,2021-10-22
ar,2020-10-03,70,05,2021-10-22
ar,2020-10-04,61,05,2021-10-22
ar,2020-10-05,94,05,2021-10-22
ar,2020-10-06,87,05,2021-10-22
ar,2020-10-07,105,05,2021-10-22
ar,2020-10-08,86,05,2021-10-22
ar,2020-10-09,92,05,2021-10-22
ar,2020-10-10,67,05,2021-10-22
ar,2020-10-11,96,05,2021-10-22
ar,2020-10-12,112,05,2021-10-22
ar,2020-10-13,101,05,2021-10-22
ar,2020-10-14,105,05,2021-10-22
ar,2020-10-15,101,05,2021-10-22
ar,2020-10-16,87,05,2021-10-22
ar,2020-10-17,92,05,2021-10-22
ar,2020-10-18,84,05,2021-10-22
ar,2020-10-19,99,05,2021-10-22
ar,2020-10-20,93,05,2021-10-22
ar,2020-10-21,83,05,2021-10-22
ar,2020-10-22,82,05,2021-10-22
ar,2020-10-23,98,05,2021-10-22
ar,2020-10-24,87,05,2021-10-22
ar,2020-10-25,82,05,2021-10-22
ar,2020-10-26,94,05,2021-10-22
ar,2020-10-27,77,05,2021-10-22
ar,2020-10-28,96,05,2021-10-22
ar,2020-10-29,103,05,2021-10-22
ar,2020-10-30,83,05,2021-10-22
ar,2020-10-31,69,05,2021-10-22
ar,2020-11-01,89,05,2021-10-22
ar,2020-11-02,97,05,2021-10-22
ar,2020-11-03,86,05,2021-10-22
ar,2020-11-04,99,05,2021-10-22
ar,2020-11-05,125,05,2021-10-22
ar,2020-11-06,111,05,2021-10-22
ar,2020-11-07,97,05,2021-10-22
ar,2020-11-08,102,05,2021-10-22
ar,2020-11-09,122,05,2021-10-22
ar,2020-11-10,113,05,2021-10-22
ar,2020-11-11,142,05,2021-10-22
ar,2020-11-12,126,05,2021-10-22
ar,2020-11-13,119,05,2021-10-22
ar,2020-11-14,123,05,2021-10-22
ar,2020-11-15,117,05,2021-10-22
ar,2020-11-16,138,05,2021-10-22
ar,2020-11-17,139,05,2021-10-22
ar,2020-11-18,155,05,2021-10-22
ar,2020-11-19,133,05,2021-10-22
ar,2020-11-20,133,05,2021-10-22
ar,2020-11-21,130,05,2021-10-22
ar,2020-11-22,106,05,2021-10-22
ar,2020-11-23,164,05,2021-10-22
ar,2020-11-24,141,05,2021-10-22
ar,2020-11-25,142,05,2021-10-22
ar,2020-11-26,106,05,2021-10-22
ar,2020-11-27,130,05,2021-10-22
ar,2020-11-28,128,05,2021-10-22
ar,2020-11-29,142,05,2021-10-22
ar,2020-11-30,161,05,2021-10-22
ar,2020-12-01,142,05,2021-10-22
ar,2020-12-02,145,05,2021-10-22
ar,2020-12-03,155,05,2021-10-22
ar,2020-12-04,130,05,2021-10-22
ar,2020-12-05,112,05,2021-10-22
ar,2020-12-06,125,05,2021-10-22
ar,2020-12-07,178,05,2021-10-22
ar,2020-12-08,151,05,2021-10-22
ar,2020-12-09,123,05,2021-10-22
ar,2020-12-10,164,05,2021-10-22
ar,2020-12-11,169,05,2021-10-22
ar,2020-12-12,127,05,2021-10-22
ar,2020-12-13,111,05,2021-10-22
ar,2020-12-14,196,05,2021-10-22
ar,2020-12-15,179,05,2021-10-22
ar,2020-12-16,149,05,2021-10-22
ar,2020-12-17,160,05,2021-10-22
ar,2020-12-18,159,05,2021-10-22
ar,2020-12-19,156,05,2021-10-22
ar,2020-12-20,141,05,2021-10-22
ar,2020-12-21,199,05,2021-10-22
ar,2020-12-22,150,05,2021-10-22
ar,2020-12-23,175,05,2021-10-22
ar,2020-12-24,137,05,2021-10-22
ar,2020-12-25,147,05,2021-10-22
ar,2020-12-26,146,05,2021-10-22
ar,2020-12-27,157,05,2021-10-22
ar,2020-12-28,214,05,2021-10-22
ar,2020-12-29,178,05,2021-10-22
ar,2020-12-30,172,05,2021-10-22
ar,2020-12-31,200,05,2021-10-22
ar,2021-01-01,165,05,2021-10-22
ar,2021-01-02,140,05,2021-10-22
ar,2021-01-03,139,05,2021-10-22
ar,2021-01-04,216,05,2021-10-22
ar,2021-01-05,173,05,2021-10-22
ar,2021-01-06,175,05,2021-10-22
ar,2021-01-07,209,05,2021-10-22
ar,2021-01-08,216,05,2021-10-22
ar,2021-01-09,157,05,2021-10-22
ar,2021-01-10,145,05,2021-10-22
ar,2021-01-11,176,05,2021-10-22
ar,2021-01-12,189,05,2021-10-22
ar,2021-01-13,174,05,2021-10-22
ar,2021-01-14,175,05,2021-10-22
ar,2021-01-15,150,05,2021-10-22
ar,2021-01-16,129,05,2021-10-22
ar,2021-01-17,161,05,2021-10-22
ar,2021-01-18,147,05,2021-10-22
ar,2021-01-19,157,05,2021-10-22
ar,2021-01-20,170,05,2021-10-22
ar,2021-01-21,152,05,2021-10-22
ar,2021-01-22,148,05,2021-10-22
ar,2021-01-23,111,05,2021-10-22
ar,2021-01-24,115,05,2021-10-22
ar,2021-01-25,154,05,2021-10-22
ar,2021-01-26,132,05,2021-10-22
ar,2021-01-27,147,05,2021-10-22
ar,2021-01-28,104,05,2021-10-22
ar,2021-01-29,108,05,2021-10-22
ar,2021-01-30,104,05,2021-10-22
ar,2021-01-31,88,05,2021-10-22
ar,2021-02-01,119,05,2021-10-22
ar,2021-02-02,113,05,2021-10-22
ar,2021-02-03,125,05,2021-10-22
ar,2021-02-04,111,05,2021-10-22
ar,2021-02-05,94,05,2021-10-22
ar,2021-02-06,91,05,2021-10-22
ar,2021-02-07,99,05,2021-10-22
ar,2021-02-08,105,05,2021-10-22
ar,2021-02-09,99,05,2021-10-22
ar,2021-02-10,94,05,2021-10-22
ar,2021-02-11,80,05,2021-10-22
ar,2021-02-12,81,05,2021-10-22
ar,2021-02-13,70,05,2021-10-22
ar,2021-02-14,51,05,2021-10-22
ar,2021-02-15,59,05,2021-10-22
ar,2021-02-16,68,05,2021-10-22
ar,2021-02-17,76,05,2021-10-22
ar,2021-02-18,66,05,2021-10-22
ar,2021-02-19,75,05,2021-10-22
ar,2021-02-20,56,05,2021-10-22
ar,2021-02-21,60,05,2021-10-22
ar,2021-02-22,76,05,2021-10-22
ar,2021-02-23,55,05,2021-10-22
ar,2021-02-24,55,05,2021-10-22
ar,2021-02-25,53,05,2021-10-22
ar,2021-02-26,53,05,2021-10-22
ar,2021-02-27,31,05,2021-10-22
ar,2021-02-28,38,05,2021-10-22
ar,2021-03-01,40,05,2021-10-22
ar,2021-03-02,43,05,2021-10-22
ar,2021-03-03,47,05,2021-10-22
ar,2021-03-04,30,05,2021-10-22
ar,2021-03-05,30,05,2021-10-22
ar,2021-03-06,31,05,2021-10-22
ar,2021-03-07,19,05,2021-10-22
ar,2021-03-08,28,05,2021-10-22
ar,2021-03-09,31,05,2021-10-22
ar,2021-03-10,26,05,2021-10-22
ar,2021-03-11,39,05,2021-10-22
ar,2021-03-12,26,05,2021-10-22
ar,2021-03-13,28,05,2021-10-22
ar,2021-03-14,32,05,2021-10-22
ar,2021-03-15,38,05,2021-10-22
ar,2021-03-16,40,05,2021-10-22
ar,2021-03-17,27,05,2021-10-22
ar,2021-03-18,27,05,2021-10-22
ar,2021-03-19,24,05,2021-10-22
ar,2021-03-20,15,05,2021-10-22
ar,2021-03-21,10,05,2021-10-22
ar,2021-03-22,23,05,2021-10-22
ar,2021-03-23,27,05,2021-10-22
ar,2021-03-24,22,05,2021-10-22
ar,2021-03-25,21,05,2021-10-22
ar,2021-03-26,16,05,2021-10-22
ar,2021-03-27,14,05,2021-10-22
ar,2021-03-28,10,05,2021-10-22
ar,2021-03-29,26,05,2021-10-22
ar,2021-03-30,27,05,2021-10-22
ar,2021-03-31,31,05,2021-10-22
ar,2021-04-01,15,05,2021-10-22
ar,2021-04-02,16,05,2021-10-22
ar,2021-04-03,23,05,2021-10-22
ar,2021-04-04,19,05,2021-10-22
ar,2021-04-05,21,05,2021-10-22
ar,2021-04-06,33,05,2021-10-22
ar,2021-04-07,28,05,2021-10-22
ar,2021-04-08,30,05,2021-10-22
ar,2021-04-09,28,05,2021-10-22
ar,2021-04-10,20,05,2021-10-22
ar,2021-04-11,19,05,2021-10-22
ar,2021-04-12,30,05,2021-10-22
ar,2021-04-13,22,05,2021-10-22
ar,2021-04-14,24,05,2021-10-22
ar,2021-04-15,26,05,2021-10-22
ar,2021-04-16,32,05,2021-10-22
ar,2021-04-17,18,05,2021-10-22
ar,2021-04-18,24,05,2021-10-22
ar,2021-04-19,33,05,2021-10-22
ar,2021-04-20,29,05,2021-10-22
ar,2021-04-21,23,05,2021-10-22
ar,2021-04-22,16,05,2021-10-22
ar,2021-04-23,24,05,2021-10-22
ar,2021-04-24,26,05,2021-10-22
ar,2021-04-25,30,05,2021-10-22
ar,2021-04-26,27,05,2021-10-22
ar,2021-04-27,43,05,2021-10-22
ar,2021-04-28,35,05,2021-10-22
ar,2021-04-29,38,05,2021-10-22
ar,2021-04-30,46,05,2021-10-22
ar,2021-05-01,36,05,2021-10-22
ar,2021-05-02,24,05,2021-10-22
ar,2021-05-03,33,05,2021-10-22
ar,2021-05-04,38,05,2021-10-22
ar,2021-05-05,42,05,2021-10-22
ar,2021-05-06,41,05,2021-10-22
ar,2021-05-07,40,05,2021-10-22
ar,2021-05-08,30,05,2021-10-22
ar,2021-05-09,18,05,2021-10-22
ar,2021-05-10,34,05,2021-10-22
ar,2021-05-11,38,05,2021-10-22
ar,2021-05-12,40,05,2021-10-22
ar,2021-05-13,31,05,2021-10-22
ar,2021-05-14,40,05,2021-10-22
ar,2021-05-15,41,05,2021-10-22
ar,2021-05-16,24,05,2021-10-22
ar,2021-05-17,30,05,2021-10-22
ar,2021-05-18,50,05,2021-10-22
ar,2021-05-19,41,05,2021-10-22
ar,2021-05-20,38,05,2021-10-22
ar,2021-05-21,38,05,2021-10-22
ar,2021-05-22,32,05,2021-10-22
ar,2021-05-23,22,05,2021-10-22
ar,2021-05-24,36,05,2021-10-22
ar,2021-05-25,44,05,2021-10-22
ar,2021-05-26,41,05,2021-10-22
ar,2021-05-27,46,05,2021-10-22
ar,2021-05-28,35,05,2021-10-22
ar,2021-05-29,32,05,2021-10-22
ar,2021-05-30,23,05,2021-10-22
ar,2021-05-31,21,05,2021-10-22
ar,2021-06-01,35,05,2021-10-22
ar,2021-06-02,34,05,2021-10-22
ar,2021-06-03,41,05,2021-10-22
ar,2021-06-04,43,05,2021-10-22
ar,2021-06-05,39,05,2021-10-22
ar,2021-06-06,20,05,2021-10-22
ar,2021-06-07,47,05,2021-10-22
ar,2021-06-08,46,05,2021-10-22
ar,2021-06-09,29,05,2021-10-22
ar,2021-06-10,36,05,2021-10-22
ar,2021-06-11,35,05,2021-10-22
ar,2021-06-12,41,05,2021-10-22
ar,2021-06-13,30,05,2021-10-22
ar,2021-06-14,34,05,2021-10-22
ar,2021-06-15,54,05,2021-10-22
ar,2021-06-16,49,05,2021-10-22
ar,2021-06-17,50,05,2021-10-22
ar,2021-06-18,58,05,2021-10-22
ar,2021-06-19,49,05,2021-10-22
ar,2021-06-20,48,05,2021-10-22
ar,2021-06-21,45,05,2021-10-22
ar,2021-06-22,57,05,2021-10-22
ar,2021-06-23,61,05,2021-10-22
ar,2021-06-24,58,05,2021-10-22
ar,2021-06-25,69,05,2021-10-22
ar,2021-06-26,63,05,2021-10-22
ar,2021-06-27,51,05,2021-10-22
ar,2021-06-28,55,05,2021-10-22
ar,2021-06-29,80,05,2021-10-22
ar,2021-06-30,71,05,2021-10-22
ar,2021-07-01,65,05,2021-10-22
ar,2021-07-02,70,05,2021-10-22
ar,2021-07-03,57,05,2021-10-22
ar,2021-07-04,55,05,2021-10-22
ar,2021-07-05,81,05,2021-10-22
ar,2021-07-06,103,05,2021-10-22
ar,2021-07-07,113,05,2021-10-22
ar,2021-07-08,108,05,2021-10-22
ar,2021-07-09,125,05,2021-10-22
ar,2021-07-10,87,05,2021-10-22
ar,2021-07-11,98,05,2021-10-22
ar,2021-07-12,106,05,2021-10-22
ar,2021-07-13,108,05,2021-10-22
ar,2021-07-14,133,05,2021-10-22
ar,2021-07-15,112,05,2021-10-22
ar,2021-07-16,115,05,2021-10-22
ar,2021-07-17,107,05,2021-10-22
ar,2021-07-18,102,05,2021-10-22
ar,2021-07-19,154,05,2021-10-22
ar,2021-07-20,138,05,2021-10-22
ar,2021-07-21,149,05,2021-10-22
ar,2021-07-22,149,05,2021-10-22
ar,2021-07-23,149,05,2021-10-22
ar,2021-07-24,131,05,2021-10-22
ar,2021-07-25,143,05,2021-10-22
ar,2021-07-26,171,05,2021-10-22
ar,2021-07-27,160,05,2021-10-22
ar,2021-07-28,171,05,2021-10-22
ar,2021-07-29,161,05,2021-10-22
ar,2021-07-30,171,05,2021-10-22
ar,2021-07-31,143,05,2021-10-22
ar,2021-08-01,165,05,2021-10-22
ar,2021-08-02,175,05,2021-10-22
ar,2021-08-03,163,05,2021-10-22
ar,2021-08-04,208,05,2021-10-22
ar,2021-08-05,157,05,2021-10-22
ar,2021-08-06,175,05,2021-10-22
ar,2021-08-07,180,05,2021-10-22
ar,2021-08-08,188,05,2021-10-22
ar,2021-08-09,218,05,2021-10-22
ar,2021-08-10,236,05,2021-10-22
ar,2021-08-11,194,05,2021-10-22
ar,2021-08-12,205,05,2021-10-22
ar,2021-08-13,216,05,2021-10-22
ar,2021-08-14,154,05,2021-10-22
ar,2021-08-15,151,05,2021-10-22
ar,2021-08-16,179,05,2021-10-22
ar,2021-08-17,204,05,2021-10-22
ar,2021-08-18,226,05,2021-10-22
ar,2021-08-19,188,05,2021-10-22
ar,2021-08-20,182,05,2021-10-22
ar,2021-08-21,167,05,2021-10-22
ar,2021-08-22,124,05,2021-10-22
ar,2021-08-23,190,05,2021-10-22
ar,2021-08-24,166,05,2021-10-22
ar,2021-08-25,167,05,2021-10-22
ar,2021-08-26,196,05,2021-10-22
ar,2021-08-27,167,05,2021-10-22
ar,2021-08-28,126,05,2021-10-22
ar,2021-08-29,128,05,2021-10-22
ar,2021-08-30,172,05,2021-10-22
ar,2021-08-31,181,05,2021-10-22
ar,2021-09-01,159,05,2021-10-22
ar,2021-09-02,131,05,2021-10-22
ar,2021-09-03,157,05,2021-10-22
ar,2021-09-04,127,05,2021-10-22
ar,2021-09-05,104,05,2021-10-22
ar,2021-09-06,143,05,2021-10-22
ar,2021-09-07,138,05,2021-10-22
ar,2021-09-08,147,05,2021-10-22
ar,2021-09-09,112,05,2021-10-22
ar,2021-09-10,151,05,2021-10-22
ar,2021-09-11,109,05,2021-10-22
ar,2021-09-12,88,05,2021-10-22
ar,2021-09-13,142,05,2021-10-22
ar,2021-09-14,162,05,2021-10-22
ar,2021-09-15,146,05,2021-10-22
ar,2021-09-16,114,05,2021-10-22
ar,2021-09-17,127,05,2021-10-22
ar,2021-09-18,113,05,2021-10-22
ar,2021-09-19,100,05,2021-10-22
ar,2021-09-20,108,05,2021-10-22
ar,2021-09-21,112,05,2021-10-22
ar,2021-09-22,113,05,2021-10-22
ar,2021-09-23,106,05,2021-10-22
ar,2021-09-24,108,05,2021-10-22
ar,2021-09-25,82,05,2021-10-22
ar,2021-09-26,62,05,2021-10-22
ar,2021-09-27,71,05,2021-10-22
ar,2021-09-28,92,05,2021-10-22
ar,2021-09-29,78,05,2021-10-22
ar,2021-09-30,83,05,2021-10-22
ar,2021-10-01,76,05,2021-10-22
ar,2021-10-02,74,05,2021-10-22
ar,2021-10-03,62,05,2021-10-22
ar,2021-10-04,67,05,2021-10-22
ar,2021-10-05,78,05,2021-10-22
ar,2021-10-06,75,05,2021-10-22
ar,2021-10-07,81,05,2021-10-22
ar,2021-10-08,71,05,2021-10-22
ar,2021-10-09,60,05,2021-10-22
ar,2021-10-10,49,05,2021-10-22
ar,2021-10-11,70,05,2021-10-22
ar,2021-10-12,68,05,2021-10-22
ar,2021-10-13,58,05,2021-10-22
ar,2021-10-14,56,05,2021-10-22
ar,2021-10-15,55,05,2021-10-22
ar,2021-10-16,54,05,2021-10-22
ar,2021-10-17,44,05,2021-10-22
ar,2021-10-18,57,05,2021-10-22
ar,2021-10-19,64,05,2021-10-22
ar,2021-10-20,61,05,2021-10-22
ar,2021-10-21,61,05,2021-10-22
ca,2020-02-03,NA,06,2021-10-22
ca,2020-02-04,NA,06,2021-10-22
ca,2020-02-05,NA,06,2021-10-22
ca,2020-02-06,NA,06,2021-10-22
ca,2020-02-07,NA,06,2021-10-22
ca,2020-02-29,NA,06,2021-10-22
ca,2020-03-01,NA,06,2021-10-22
ca,2020-03-02,NA,06,2021-10-22
ca,2020-03-03,NA,06,2021-10-22
ca,2020-03-04,NA,06,2021-10-22
ca,2020-03-05,NA,06,2021-10-22
ca,2020-03-06,NA,06,2021-10-22
ca,2020-03-07,NA,06,2021-10-22
ca,2020-03-08,NA,06,2021-10-22
ca,2020-03-09,NA,06,2021-10-22
ca,2020-03-10,NA,06,2021-10-22
ca,2020-03-11,NA,06,2021-10-22
ca,2020-03-12,NA,06,2021-10-22
ca,2020-03-13,NA,06,2021-10-22
ca,2020-03-14,NA,06,2021-10-22
ca,2020-03-15,NA,06,2021-10-22
ca,2020-03-16,NA,06,2021-10-22
ca,2020-03-17,NA,06,2021-10-22
ca,2020-03-18,NA,06,2021-10-22
ca,2020-03-19,NA,06,2021-10-22
ca,2020-03-20,NA,06,2021-10-22
ca,2020-03-21,NA,06,2021-10-22
ca,2020-03-22,NA,06,2021-10-22
ca,2020-03-23,NA,06,2021-10-22
ca,2020-03-24,NA,06,2021-10-22
ca,2020-03-25,NA,06,2021-10-22
ca,2020-03-26,NA,06,2021-10-22
ca,2020-03-27,NA,06,2021-10-22
ca,2020-03-28,NA,06,2021-10-22
ca,2020-03-29,NA,06,2021-10-22
ca,2020-03-30,NA,06,2021-10-22
ca,2020-03-31,NA,06,2021-10-22
ca,2020-04-01,NA,06,2021-10-22
ca,2020-04-02,NA,06,2021-10-22
ca,2020-04-03,NA,06,2021-10-22
ca,2020-04-04,NA,06,2021-10-22
ca,2020-04-05,NA,06,2021-10-22
ca,2020-04-06,NA,06,2021-10-22
ca,2020-04-07,NA,06,2021-10-22
ca,2020-04-08,NA,06,2021-10-22
ca,2020-04-09,NA,06,2021-10-22
ca,2020-04-10,NA,06,2021-10-22
ca,2020-04-11,NA,06,2021-10-22
ca,2020-04-12,NA,06,2021-10-22
ca,2020-04-13,NA,06,2021-10-22
ca,2020-04-14,NA,06,2021-10-22
ca,2020-04-15,NA,06,2021-10-22
ca,2020-04-16,NA,06,2021-10-22
ca,2020-04-17,NA,06,2021-10-22
ca,2020-04-18,NA,06,2021-10-22
ca,2020-04-19,NA,06,2021-10-22
ca,2020-04-20,NA,06,2021-10-22
ca,2020-04-21,NA,06,2021-10-22
ca,2020-04-22,NA,06,2021-10-22
ca,2020-04-23,NA,06,2021-10-22
ca,2020-04-24,NA,06,2021-10-22
ca,2020-04-25,NA,06,2021-10-22
ca,2020-04-26,NA,06,2021-10-22
ca,2020-04-27,NA,06,2021-10-22
ca,2020-04-28,NA,06,2021-10-22
ca,2020-04-29,NA,06,2021-10-22
ca,2020-04-30,NA,06,2021-10-22
ca,2020-05-01,NA,06,2021-10-22
ca,2020-05-02,NA,06,2021-10-22
ca,2020-05-03,NA,06,2021-10-22
ca,2020-05-04,NA,06,2021-10-22
ca,2020-05-05,NA,06,2021-10-22
ca,2020-05-06,NA,06,2021-10-22
ca,2020-05-07,NA,06,2021-10-22
ca,2020-05-08,NA,06,2021-10-22
ca,2020-05-09,NA,06,2021-10-22
ca,2020-05-10,NA,06,2021-10-22
ca,2020-05-11,NA,06,2021-10-22
ca,2020-05-12,NA,06,2021-10-22
ca,2020-05-13,NA,06,2021-10-22
ca,2020-05-14,NA,06,2021-10-22
ca,2020-05-15,NA,06,2021-10-22
ca,2020-05-16,NA,06,2021-10-22
ca,2020-05-17,NA,06,2021-10-22
ca,2020-05-18,NA,06,2021-10-22
ca,2020-05-19,NA,06,2021-10-22
ca,2020-05-20,NA,06,2021-10-22
ca,2020-05-21,NA,06,2021-10-22
ca,2020-05-22,NA,06,2021-10-22
ca,2020-05-23,NA,06,2021-10-22
ca,2020-05-24,NA,06,2021-10-22
ca,2020-05-25,NA,06,2021-10-22
ca,2020-05-26,NA,06,2021-10-22
ca,2020-05-27,NA,06,2021-10-22
ca,2020-05-28,NA,06,2021-10-22
ca,2020-05-29,NA,06,2021-10-22
ca,2020-05-30,NA,06,2021-10-22
ca,2020-05-31,NA,06,2021-10-22
ca,2020-06-01,NA,06,2021-10-22
ca,2020-06-02,NA,06,2021-10-22
ca,2020-06-03,NA,06,2021-10-22
ca,2020-06-04,NA,06,2021-10-22
ca,2020-06-05,NA,06,2021-10-22
ca,2020-06-06,NA,06,2021-10-22
ca,2020-06-07,NA,06,2021-10-22
ca,2020-06-08,NA,06,2021-10-22
ca,2020-06-09,NA,06,2021-10-22
ca,2020-06-10,NA,06,2021-10-22
ca,2020-06-11,NA,06,2021-10-22
ca,2020-06-12,NA,06,2021-10-22
ca,2020-06-13,NA,06,2021-10-22
ca,2020-06-14,NA,06,2021-10-22
ca,2020-06-15,NA,06,2021-10-22
ca,2020-06-16,NA,06,2021-10-22
ca,2020-06-17,NA,06,2021-10-22
ca,2020-06-18,NA,06,2021-10-22
ca,2020-06-19,NA,06,2021-10-22
ca,2020-06-20,NA,06,2021-10-22
ca,2020-06-21,NA,06,2021-10-22
ca,2020-06-22,NA,06,2021-10-22
ca,2020-06-23,NA,06,2021-10-22
ca,2020-06-24,NA,06,2021-10-22
ca,2020-06-25,NA,06,2021-10-22
ca,2020-06-26,NA,06,2021-10-22
ca,2020-06-27,NA,06,2021-10-22
ca,2020-06-28,NA,06,2021-10-22
ca,2020-06-29,NA,06,2021-10-22
ca,2020-06-30,NA,06,2021-10-22
ca,2020-07-01,NA,06,2021-10-22
ca,2020-07-02,NA,06,2021-10-22
ca,2020-07-03,NA,06,2021-10-22
ca,2020-07-04,NA,06,2021-10-22
ca,2020-07-05,NA,06,2021-10-22
ca,2020-07-06,NA,06,2021-10-22
ca,2020-07-07,NA,06,2021-10-22
ca,2020-07-08,NA,06,2021-10-22
ca,2020-07-09,NA,06,2021-10-22
ca,2020-07-10,NA,06,2021-10-22
ca,2020-07-11,NA,06,2021-10-22
ca,2020-07-12,NA,06,2021-10-22
ca,2020-07-13,NA,06,2021-10-22
ca,2020-07-14,615,06,2021-10-22
ca,2020-07-15,575,06,2021-10-22
ca,2020-07-16,614,06,2021-10-22
ca,2020-07-17,602,06,2021-10-22
ca,2020-07-18,405,06,2021-10-22
ca,2020-07-19,622,06,2021-10-22
ca,2020-07-20,610,06,2021-10-22
ca,2020-07-21,453,06,2021-10-22
ca,2020-07-22,717,06,2021-10-22
ca,2020-07-23,752,06,2021-10-22
ca,2020-07-24,843,06,2021-10-22
ca,2020-07-25,716,06,2021-10-22
ca,2020-07-26,728,06,2021-10-22
ca,2020-07-27,885,06,2021-10-22
ca,2020-07-28,832,06,2021-10-22
ca,2020-07-29,809,06,2021-10-22
ca,2020-07-30,846,06,2021-10-22
ca,2020-07-31,727,06,2021-10-22
ca,2020-08-01,701,06,2021-10-22
ca,2020-08-02,732,06,2021-10-22
ca,2020-08-03,721,06,2021-10-22
ca,2020-08-04,734,06,2021-10-22
ca,2020-08-05,727,06,2021-10-22
ca,2020-08-06,710,06,2021-10-22
ca,2020-08-07,725,06,2021-10-22
ca,2020-08-08,641,06,2021-10-22
ca,2020-08-09,621,06,2021-10-22
ca,2020-08-10,717,06,2021-10-22
ca,2020-08-11,633,06,2021-10-22
ca,2020-08-12,564,06,2021-10-22
ca,2020-08-13,645,06,2021-10-22
ca,2020-08-14,635,06,2021-10-22
ca,2020-08-15,512,06,2021-10-22
ca,2020-08-16,529,06,2021-10-22
ca,2020-08-17,538,06,2021-10-22
ca,2020-08-18,467,06,2021-10-22
ca,2020-08-19,508,06,2021-10-22
ca,2020-08-20,468,06,2021-10-22
ca,2020-08-21,495,06,2021-10-22
ca,2020-08-22,482,06,2021-10-22
ca,2020-08-23,445,06,2021-10-22
ca,2020-08-24,455,06,2021-10-22
ca,2020-08-25,498,06,2021-10-22
ca,2020-08-26,408,06,2021-10-22
ca,2020-08-27,424,06,2021-10-22
ca,2020-08-28,436,06,2021-10-22
ca,2020-08-29,412,06,2021-10-22
ca,2020-08-30,370,06,2021-10-22
ca,2020-08-31,461,06,2021-10-22
ca,2020-09-01,437,06,2021-10-22
ca,2020-09-02,406,06,2021-10-22
ca,2020-09-03,405,06,2021-10-22
ca,2020-09-04,423,06,2021-10-22
ca,2020-09-05,382,06,2021-10-22
ca,2020-09-06,387,06,2021-10-22
ca,2020-09-07,395,06,2021-10-22
ca,2020-09-08,405,06,2021-10-22
ca,2020-09-09,360,06,2021-10-22
ca,2020-09-10,408,06,2021-10-22
ca,2020-09-11,348,06,2021-10-22
ca,2020-09-12,330,06,2021-10-22
ca,2020-09-13,305,06,2021-10-22
ca,2020-09-14,321,06,2021-10-22
ca,2020-09-15,349,06,2021-10-22
ca,2020-09-16,321,06,2021-10-22
ca,2020-09-17,354,06,2021-10-22
ca,2020-09-18,323,06,2021-10-22
ca,2020-09-19,305,06,2021-10-22
ca,2020-09-20,300,06,2021-10-22
ca,2020-09-21,325,06,2021-10-22
ca,2020-09-22,352,06,2021-10-22
ca,2020-09-23,313,06,2021-10-22
ca,2020-09-24,333,06,2021-10-22
ca,2020-09-25,332,06,2021-10-22
ca,2020-09-26,289,06,2021-10-22
ca,2020-09-27,291,06,2021-10-22
ca,2020-09-28,362,06,2021-10-22
ca,2020-09-29,365,06,2021-10-22
ca,2020-09-30,337,06,2021-10-22
ca,2020-10-01,316,06,2021-10-22
ca,2020-10-02,328,06,2021-10-22
ca,2020-10-03,294,06,2021-10-22
ca,2020-10-04,315,06,2021-10-22
ca,2020-10-05,347,06,2021-10-22
ca,2020-10-06,338,06,2021-10-22
ca,2020-10-07,350,06,2021-10-22
ca,2020-10-08,335,06,2021-10-22
ca,2020-10-09,336,06,2021-10-22
ca,2020-10-10,321,06,2021-10-22
ca,2020-10-11,291,06,2021-10-22
ca,2020-10-12,335,06,2021-10-22
ca,2020-10-13,366,06,2021-10-22
ca,2020-10-14,323,06,2021-10-22
ca,2020-10-15,337,06,2021-10-22
ca,2020-10-16,344,06,2021-10-22
ca,2020-10-17,320,06,2021-10-22
ca,2020-10-18,320,06,2021-10-22
ca,2020-10-19,368,06,2021-10-22
ca,2020-10-20,324,06,2021-10-22
ca,2020-10-21,356,06,2021-10-22
ca,2020-10-22,355,06,2021-10-22
ca,2020-10-23,341,06,2021-10-22
ca,2020-10-24,325,06,2021-10-22
ca,2020-10-25,302,06,2021-10-22
ca,2020-10-26,357,06,2021-10-22
ca,2020-10-27,376,06,2021-10-22
ca,2020-10-28,359,06,2021-10-22
ca,2020-10-29,452,06,2021-10-22
ca,2020-10-30,356,06,2021-10-22
ca,2020-10-31,368,06,2021-10-22
ca,2020-11-01,385,06,2021-10-22
ca,2020-11-02,442,06,2021-10-22
ca,2020-11-03,400,06,2021-10-22
ca,2020-11-04,439,06,2021-10-22
ca,2020-11-05,429,06,2021-10-22
ca,2020-11-06,431,06,2021-10-22
ca,2020-11-07,410,06,2021-10-22
ca,2020-11-08,373,06,2021-10-22
ca,2020-11-09,508,06,2021-10-22
ca,2020-11-10,479,06,2021-10-22
ca,2020-11-11,582,06,2021-10-22
ca,2020-11-12,545,06,2021-10-22
ca,2020-11-13,580,06,2021-10-22
ca,2020-11-14,571,06,2021-10-22
ca,2020-11-15,595,06,2021-10-22
ca,2020-11-16,688,06,2021-10-22
ca,2020-11-17,715,06,2021-10-22
ca,2020-11-18,722,06,2021-10-22
ca,2020-11-19,816,06,2021-10-22
ca,2020-11-20,796,06,2021-10-22
ca,2020-11-21,815,06,2021-10-22
ca,2020-11-22,840,06,2021-10-22
ca,2020-11-23,1002,06,2021-10-22
ca,2020-11-24,1014,06,2021-10-22
ca,2020-11-25,1060,06,2021-10-22
ca,2020-11-26,970,06,2021-10-22
ca,2020-11-27,1170,06,2021-10-22
ca,2020-11-28,1129,06,2021-10-22
ca,2020-11-29,1131,06,2021-10-22
ca,2020-11-30,1223,06,2021-10-22
ca,2020-12-01,1237,06,2021-10-22
ca,2020-12-02,1339,06,2021-10-22
ca,2020-12-03,1388,06,2021-10-22
ca,2020-12-04,1471,06,2021-10-22
ca,2020-12-05,1370,06,2021-10-22
ca,2020-12-06,1428,06,2021-10-22
ca,2020-12-07,1540,06,2021-10-22
ca,2020-12-08,1715,06,2021-10-22
ca,2020-12-09,1769,06,2021-10-22
ca,2020-12-10,1891,06,2021-10-22
ca,2020-12-11,1961,06,2021-10-22
ca,2020-12-12,1855,06,2021-10-22
ca,2020-12-13,1883,06,2021-10-22
ca,2020-12-14,2191,06,2021-10-22
ca,2020-12-15,2138,06,2021-10-22
ca,2020-12-16,2284,06,2021-10-22
ca,2020-12-17,2368,06,2021-10-22
ca,2020-12-18,2215,06,2021-10-22
ca,2020-12-19,2090,06,2021-10-22
ca,2020-12-20,2117,06,2021-10-22
ca,2020-12-21,2376,06,2021-10-22
ca,2020-12-22,2425,06,2021-10-22
ca,2020-12-23,2278,06,2021-10-22
ca,2020-12-24,2167,06,2021-10-22
ca,2020-12-25,2108,06,2021-10-22
ca,2020-12-26,2299,06,2021-10-22
ca,2020-12-27,2245,06,2021-10-22
ca,2020-12-28,2279,06,2021-10-22
ca,2020-12-29,2388,06,2021-10-22
ca,2020-12-30,2295,06,2021-10-22
ca,2020-12-31,2258,06,2021-10-22
ca,2021-01-01,2297,06,2021-10-22
ca,2021-01-02,2259,06,2021-10-22
ca,2021-01-03,2266,06,2021-10-22
ca,2021-01-04,2580,06,2021-10-22
ca,2021-01-05,2548,06,2021-10-22
ca,2021-01-06,2406,06,2021-10-22
ca,2021-01-07,2427,06,2021-10-22
ca,2021-01-08,2334,06,2021-10-22
ca,2021-01-09,1797,06,2021-10-22
ca,2021-01-10,1957,06,2021-10-22
ca,2021-01-11,2221,06,2021-10-22
ca,2021-01-12,2236,06,2021-10-22
ca,2021-01-13,2167,06,2021-10-22
ca,2021-01-14,2220,06,2021-10-22
ca,2021-01-15,2191,06,2021-10-22
ca,2021-01-16,1898,06,2021-10-22
ca,2021-01-17,1823,06,2021-10-22
ca,2021-01-18,1990,06,2021-10-22
ca,2021-01-19,1957,06,2021-10-22
ca,2021-01-20,1786,06,2021-10-22
ca,2021-01-21,1840,06,2021-10-22
ca,2021-01-22,1817,06,2021-10-22
ca,2021-01-23,1544,06,2021-10-22
ca,2021-01-24,1401,06,2021-10-22
ca,2021-01-25,1631,06,2021-10-22
ca,2021-01-26,1508,06,2021-10-22
ca,2021-01-27,1575,06,2021-10-22
ca,2021-01-28,1518,06,2021-10-22
ca,2021-01-29,1466,06,2021-10-22
ca,2021-01-30,1166,06,2021-10-22
ca,2021-01-31,1152,06,2021-10-22
ca,2021-02-01,1318,06,2021-10-22
ca,2021-02-02,1318,06,2021-10-22
ca,2021-02-03,1271,06,2021-10-22
ca,2021-02-04,1162,06,2021-10-22
ca,2021-02-05,1140,06,2021-10-22
ca,2021-02-06,963,06,2021-10-22
ca,2021-02-07,851,06,2021-10-22
ca,2021-02-08,1045,06,2021-10-22
ca,2021-02-09,934,06,2021-10-22
ca,2021-02-10,940,06,2021-10-22
ca,2021-02-11,877,06,2021-10-22
ca,2021-02-12,851,06,2021-10-22
ca,2021-02-13,733,06,2021-10-22
ca,2021-02-14,643,06,2021-10-22
ca,2021-02-15,714,06,2021-10-22
ca,2021-02-16,761,06,2021-10-22
ca,2021-02-17,710,06,2021-10-22
ca,2021-02-18,659,06,2021-10-22
ca,2021-02-19,663,06,2021-10-22
ca,2021-02-20,560,06,2021-10-22
ca,2021-02-21,476,06,2021-10-22
ca,2021-02-22,644,06,2021-10-22
ca,2021-02-23,595,06,2021-10-22
ca,2021-02-24,551,06,2021-10-22
ca,2021-02-25,507,06,2021-10-22
ca,2021-02-26,524,06,2021-10-22
ca,2021-02-27,435,06,2021-10-22
ca,2021-02-28,391,06,2021-10-22
ca,2021-03-01,457,06,2021-10-22
ca,2021-03-02,516,06,2021-10-22
ca,2021-03-03,455,06,2021-10-22
ca,2021-03-04,445,06,2021-10-22
ca,2021-03-05,458,06,2021-10-22
ca,2021-03-06,342,06,2021-10-22
ca,2021-03-07,341,06,2021-10-22
ca,2021-03-08,391,06,2021-10-22
ca,2021-03-09,377,06,2021-10-22
ca,2021-03-10,374,06,2021-10-22
ca,2021-03-11,420,06,2021-10-22
ca,2021-03-12,384,06,2021-10-22
ca,2021-03-13,361,06,2021-10-22
ca,2021-03-14,312,06,2021-10-22
ca,2021-03-15,370,06,2021-10-22
ca,2021-03-16,399,06,2021-10-22
ca,2021-03-17,338,06,2021-10-22
ca,2021-03-18,335,06,2021-10-22
ca,2021-03-19,375,06,2021-10-22
ca,2021-03-20,267,06,2021-10-22
ca,2021-03-21,282,06,2021-10-22
ca,2021-03-22,308,06,2021-10-22
ca,2021-03-23,352,06,2021-10-22
ca,2021-03-24,305,06,2021-10-22
ca,2021-03-25,319,06,2021-10-22
ca,2021-03-26,307,06,2021-10-22
ca,2021-03-27,243,06,2021-10-22
ca,2021-03-28,287,06,2021-10-22
ca,2021-03-29,308,06,2021-10-22
ca,2021-03-30,286,06,2021-10-22
ca,2021-03-31,317,06,2021-10-22
ca,2021-04-01,270,06,2021-10-22
ca,2021-04-02,293,06,2021-10-22
ca,2021-04-03,205,06,2021-10-22
ca,2021-04-04,222,06,2021-10-22
ca,2021-04-05,280,06,2021-10-22
ca,2021-04-06,282,06,2021-10-22
ca,2021-04-07,253,06,2021-10-22
ca,2021-04-08,279,06,2021-10-22
ca,2021-04-09,255,06,2021-10-22
ca,2021-04-10,257,06,2021-10-22
ca,2021-04-11,259,06,2021-10-22
ca,2021-04-12,331,06,2021-10-22
ca,2021-04-13,302,06,2021-10-22
ca,2021-04-14,286,06,2021-10-22
ca,2021-04-15,250,06,2021-10-22
ca,2021-04-16,240,06,2021-10-22
ca,2021-04-17,223,06,2021-10-22
ca,2021-04-18,219,06,2021-10-22
ca,2021-04-19,258,06,2021-10-22
ca,2021-04-20,243,06,2021-10-22
ca,2021-04-21,256,06,2021-10-22
ca,2021-04-22,262,06,2021-10-22
ca,2021-04-23,228,06,2021-10-22
ca,2021-04-24,247,06,2021-10-22
ca,2021-04-25,229,06,2021-10-22
ca,2021-04-26,262,06,2021-10-22
ca,2021-04-27,231,06,2021-10-22
ca,2021-04-28,246,06,2021-10-22
ca,2021-04-29,265,06,2021-10-22
ca,2021-04-30,232,06,2021-10-22
ca,2021-05-01,225,06,2021-10-22
ca,2021-05-02,197,06,2021-10-22
ca,2021-05-03,234,06,2021-10-22
ca,2021-05-04,217,06,2021-10-22
ca,2021-05-05,197,06,2021-10-22
ca,2021-05-06,254,06,2021-10-22
ca,2021-05-07,233,06,2021-10-22
ca,2021-05-08,183,06,2021-10-22
ca,2021-05-09,172,06,2021-10-22
ca,2021-05-10,191,06,2021-10-22
ca,2021-05-11,196,06,2021-10-22
ca,2021-05-12,205,06,2021-10-22
ca,2021-05-13,209,06,2021-10-22
ca,2021-05-14,185,06,2021-10-22
ca,2021-05-15,169,06,2021-10-22
ca,2021-05-16,192,06,2021-10-22
ca,2021-05-17,217,06,2021-10-22
ca,2021-05-18,215,06,2021-10-22
ca,2021-05-19,175,06,2021-10-22
ca,2021-05-20,170,06,2021-10-22
ca,2021-05-21,203,06,2021-10-22
ca,2021-05-22,166,06,2021-10-22
ca,2021-05-23,142,06,2021-10-22
ca,2021-05-24,177,06,2021-10-22
ca,2021-05-25,200,06,2021-10-22
ca,2021-05-26,163,06,2021-10-22
ca,2021-05-27,151,06,2021-10-22
ca,2021-05-28,154,06,2021-10-22
ca,2021-05-29,154,06,2021-10-22
ca,2021-05-30,144,06,2021-10-22
ca,2021-05-31,151,06,2021-10-22
ca,2021-06-01,174,06,2021-10-22
ca,2021-06-02,148,06,2021-10-22
ca,2021-06-03,179,06,2021-10-22
ca,2021-06-04,168,06,2021-10-22
ca,2021-06-05,147,06,2021-10-22
ca,2021-06-06,137,06,2021-10-22
ca,2021-06-07,170,06,2021-10-22
ca,2021-06-08,144,06,2021-10-22
ca,2021-06-09,136,06,2021-10-22
ca,2021-06-10,160,06,2021-10-22
ca,2021-06-11,129,06,2021-10-22
ca,2021-06-12,130,06,2021-10-22
ca,2021-06-13,132,06,2021-10-22
ca,2021-06-14,152,06,2021-10-22
ca,2021-06-15,150,06,2021-10-22
ca,2021-06-16,143,06,2021-10-22
ca,2021-06-17,144,06,2021-10-22
ca,2021-06-18,116,06,2021-10-22
ca,2021-06-19,125,06,2021-10-22
ca,2021-06-20,122,06,2021-10-22
ca,2021-06-21,162,06,2021-10-22
ca,2021-06-22,140,06,2021-10-22
ca,2021-06-23,177,06,2021-10-22
ca,2021-06-24,160,06,2021-10-22
ca,2021-06-25,153,06,2021-10-22
ca,2021-06-26,138,06,2021-10-22
ca,2021-06-27,162,06,2021-10-22
ca,2021-06-28,201,06,2021-10-22
ca,2021-06-29,199,06,2021-10-22
ca,2021-06-30,165,06,2021-10-22
ca,2021-07-01,188,06,2021-10-22
ca,2021-07-02,177,06,2021-10-22
ca,2021-07-03,182,06,2021-10-22
ca,2021-07-04,172,06,2021-10-22
ca,2021-07-05,192,06,2021-10-22
ca,2021-07-06,210,06,2021-10-22
ca,2021-07-07,203,06,2021-10-22
ca,2021-07-08,228,06,2021-10-22
ca,2021-07-09,237,06,2021-10-22
ca,2021-07-10,215,06,2021-10-22
ca,2021-07-11,269,06,2021-10-22
ca,2021-07-12,269,06,2021-10-22
ca,2021-07-13,264,06,2021-10-22
ca,2021-07-14,311,06,2021-10-22
ca,2021-07-15,313,06,2021-10-22
ca,2021-07-16,313,06,2021-10-22
ca,2021-07-17,315,06,2021-10-22
ca,2021-07-18,333,06,2021-10-22
ca,2021-07-19,437,06,2021-10-22
ca,2021-07-20,407,06,2021-10-22
ca,2021-07-21,443,06,2021-10-22
ca,2021-07-22,448,06,2021-10-22
ca,2021-07-23,453,06,2021-10-22
ca,2021-07-24,459,06,2021-10-22
ca,2021-07-25,504,06,2021-10-22
ca,2021-07-26,537,06,2021-10-22
ca,2021-07-27,618,06,2021-10-22
ca,2021-07-28,589,06,2021-10-22
ca,2021-07-29,671,06,2021-10-22
ca,2021-07-30,636,06,2021-10-22
ca,2021-07-31,568,06,2021-10-22
ca,2021-08-01,636,06,2021-10-22
ca,2021-08-02,762,06,2021-10-22
ca,2021-08-03,771,06,2021-10-22
ca,2021-08-04,813,06,2021-10-22
ca,2021-08-05,825,06,2021-10-22
ca,2021-08-06,838,06,2021-10-22
ca,2021-08-07,831,06,2021-10-22
ca,2021-08-08,817,06,2021-10-22
ca,2021-08-09,976,06,2021-10-22
ca,2021-08-10,858,06,2021-10-22
ca,2021-08-11,888,06,2021-10-22
ca,2021-08-12,926,06,2021-10-22
ca,2021-08-13,1021,06,2021-10-22
ca,2021-08-14,853,06,2021-10-22
ca,2021-08-15,896,06,2021-10-22
ca,2021-08-16,1034,06,2021-10-22
ca,2021-08-17,1036,06,2021-10-22
ca,2021-08-18,991,06,2021-10-22
ca,2021-08-19,994,06,2021-10-22
ca,2021-08-20,1009,06,2021-10-22
ca,2021-08-21,953,06,2021-10-22
ca,2021-08-22,918,06,2021-10-22
ca,2021-08-23,971,06,2021-10-22
ca,2021-08-24,948,06,2021-10-22
ca,2021-08-25,1004,06,2021-10-22
ca,2021-08-26,951,06,2021-10-22
ca,2021-08-27,954,06,2021-10-22
ca,2021-08-28,890,06,2021-10-22
ca,2021-08-29,883,06,2021-10-22
ca,2021-08-30,906,06,2021-10-22
ca,2021-08-31,948,06,2021-10-22
ca,2021-09-01,884,06,2021-10-22
ca,2021-09-02,864,06,2021-10-22
ca,2021-09-03,824,06,2021-10-22
ca,2021-09-04,766,06,2021-10-22
ca,2021-09-05,713,06,2021-10-22
ca,2021-09-06,745,06,2021-10-22
ca,2021-09-07,759,06,2021-10-22
ca,2021-09-08,756,06,2021-10-22
ca,2021-09-09,732,06,2021-10-22
ca,2021-09-10,752,06,2021-10-22
ca,2021-09-11,608,06,2021-10-22
ca,2021-09-12,650,06,2021-10-22
ca,2021-09-13,663,06,2021-10-22
ca,2021-09-14,675,06,2021-10-22
ca,2021-09-15,674,06,2021-10-22
ca,2021-09-16,602,06,2021-10-22
ca,2021-09-17,582,06,2021-10-22
ca,2021-09-18,564,06,2021-10-22
ca,2021-09-19,564,06,2021-10-22
ca,2021-09-20,606,06,2021-10-22
ca,2021-09-21,576,06,2021-10-22
ca,2021-09-22,580,06,2021-10-22
ca,2021-09-23,551,06,2021-10-22
ca,2021-09-24,524,06,2021-10-22
ca,2021-09-25,455,06,2021-10-22
ca,2021-09-26,449,06,2021-10-22
ca,2021-09-27,486,06,2021-10-22
ca,2021-09-28,481,06,2021-10-22
ca,2021-09-29,436,06,2021-10-22
ca,2021-09-30,443,06,2021-10-22
ca,2021-10-01,452,06,2021-10-22
ca,2021-10-02,365,06,2021-10-22
ca,2021-10-03,358,06,2021-10-22
ca,2021-10-04,428,06,2021-10-22
ca,2021-10-05,460,06,2021-10-22
ca,2021-10-06,405,06,2021-10-22
ca,2021-10-07,434,06,2021-10-22
ca,2021-10-08,423,06,2021-10-22
ca,2021-10-09,381,06,2021-10-22
ca,2021-10-10,326,06,2021-10-22
ca,2021-10-11,441,06,2021-10-22
ca,2021-10-12,347,06,2021-10-22
ca,2021-10-13,414,06,2021-10-22
ca,2021-10-14,448,06,2021-10-22
ca,2021-10-15,448,06,2021-10-22
ca,2021-10-16,358,06,2021-10-22
ca,2021-10-17,381,06,2021-10-22
ca,2021-10-18,410,06,2021-10-22
ca,2021-10-19,402,06,2021-10-22
ca,2021-10-20,418,06,2021-10-22
ca,2021-10-21,418,06,2021-10-22
co,2020-03-10,NA,08,2021-10-22
co,2020-03-11,NA,08,2021-10-22
co,2020-03-12,NA,08,2021-10-22
co,2020-03-13,NA,08,2021-10-22
co,2020-03-14,NA,08,2021-10-22
co,2020-03-16,NA,08,2021-10-22
co,2020-03-17,NA,08,2021-10-22
co,2020-03-18,NA,08,2021-10-22
co,2020-03-19,NA,08,2021-10-22
co,2020-03-20,NA,08,2021-10-22
co,2020-03-23,NA,08,2021-10-22
co,2020-03-24,NA,08,2021-10-22
co,2020-03-25,NA,08,2021-10-22
co,2020-03-26,NA,08,2021-10-22
co,2020-03-27,NA,08,2021-10-22
co,2020-03-28,NA,08,2021-10-22
co,2020-03-29,NA,08,2021-10-22
co,2020-03-30,NA,08,2021-10-22
co,2020-03-31,NA,08,2021-10-22
co,2020-04-01,NA,08,2021-10-22
co,2020-04-02,NA,08,2021-10-22
co,2020-04-03,NA,08,2021-10-22
co,2020-04-04,NA,08,2021-10-22
co,2020-04-05,NA,08,2021-10-22
co,2020-04-06,NA,08,2021-10-22
co,2020-04-07,NA,08,2021-10-22
co,2020-04-08,NA,08,2021-10-22
co,2020-04-09,NA,08,2021-10-22
co,2020-04-10,NA,08,2021-10-22
co,2020-04-11,NA,08,2021-10-22
co,2020-04-12,NA,08,2021-10-22
co,2020-04-13,NA,08,2021-10-22
co,2020-04-14,NA,08,2021-10-22
co,2020-04-15,NA,08,2021-10-22
co,2020-04-16,NA,08,2021-10-22
co,2020-04-17,NA,08,2021-10-22
co,2020-04-18,NA,08,2021-10-22
co,2020-04-19,NA,08,2021-10-22
co,2020-04-20,NA,08,2021-10-22
co,2020-04-21,NA,08,2021-10-22
co,2020-04-22,NA,08,2021-10-22
co,2020-04-23,NA,08,2021-10-22
co,2020-04-24,NA,08,2021-10-22
co,2020-04-25,NA,08,2021-10-22
co,2020-04-26,NA,08,2021-10-22
co,2020-04-27,NA,08,2021-10-22
co,2020-04-28,NA,08,2021-10-22
co,2020-04-29,NA,08,2021-10-22
co,2020-04-30,NA,08,2021-10-22
co,2020-05-01,NA,08,2021-10-22
co,2020-05-02,NA,08,2021-10-22
co,2020-05-03,NA,08,2021-10-22
co,2020-05-04,NA,08,2021-10-22
co,2020-05-05,NA,08,2021-10-22
co,2020-05-06,NA,08,2021-10-22
co,2020-05-07,NA,08,2021-10-22
co,2020-05-08,NA,08,2021-10-22
co,2020-05-09,NA,08,2021-10-22
co,2020-05-10,NA,08,2021-10-22
co,2020-05-11,NA,08,2021-10-22
co,2020-05-12,NA,08,2021-10-22
co,2020-05-13,NA,08,2021-10-22
co,2020-05-14,NA,08,2021-10-22
co,2020-05-15,NA,08,2021-10-22
co,2020-05-16,NA,08,2021-10-22
co,2020-05-17,NA,08,2021-10-22
co,2020-05-18,NA,08,2021-10-22
co,2020-05-19,NA,08,2021-10-22
co,2020-05-20,NA,08,2021-10-22
co,2020-05-21,NA,08,2021-10-22
co,2020-05-22,NA,08,2021-10-22
co,2020-05-23,NA,08,2021-10-22
co,2020-05-24,NA,08,2021-10-22
co,2020-05-25,NA,08,2021-10-22
co,2020-05-26,NA,08,2021-10-22
co,2020-05-27,NA,08,2021-10-22
co,2020-05-28,NA,08,2021-10-22
co,2020-05-29,NA,08,2021-10-22
co,2020-05-30,NA,08,2021-10-22
co,2020-05-31,NA,08,2021-10-22
co,2020-06-01,NA,08,2021-10-22
co,2020-06-02,NA,08,2021-10-22
co,2020-06-03,NA,08,2021-10-22
co,2020-06-04,NA,08,2021-10-22
co,2020-06-05,NA,08,2021-10-22
co,2020-06-06,NA,08,2021-10-22
co,2020-06-07,NA,08,2021-10-22
co,2020-06-08,NA,08,2021-10-22
co,2020-06-09,NA,08,2021-10-22
co,2020-06-10,NA,08,2021-10-22
co,2020-06-11,NA,08,2021-10-22
co,2020-06-12,NA,08,2021-10-22
co,2020-06-13,NA,08,2021-10-22
co,2020-06-14,NA,08,2021-10-22
co,2020-06-15,NA,08,2021-10-22
co,2020-06-16,NA,08,2021-10-22
co,2020-06-17,NA,08,2021-10-22
co,2020-06-18,NA,08,2021-10-22
co,2020-06-19,NA,08,2021-10-22
co,2020-06-20,NA,08,2021-10-22
co,2020-06-21,NA,08,2021-10-22
co,2020-06-22,NA,08,2021-10-22
co,2020-06-23,NA,08,2021-10-22
co,2020-06-24,NA,08,2021-10-22
co,2020-06-25,NA,08,2021-10-22
co,2020-06-26,NA,08,2021-10-22
co,2020-06-27,NA,08,2021-10-22
co,2020-06-28,NA,08,2021-10-22
co,2020-06-29,NA,08,2021-10-22
co,2020-06-30,NA,08,2021-10-22
co,2020-07-01,NA,08,2021-10-22
co,2020-07-02,NA,08,2021-10-22
co,2020-07-03,NA,08,2021-10-22
co,2020-07-04,NA,08,2021-10-22
co,2020-07-05,NA,08,2021-10-22
co,2020-07-06,NA,08,2021-10-22
co,2020-07-07,NA,08,2021-10-22
co,2020-07-08,NA,08,2021-10-22
co,2020-07-09,NA,08,2021-10-22
co,2020-07-10,NA,08,2021-10-22
co,2020-07-11,NA,08,2021-10-22
co,2020-07-12,NA,08,2021-10-22
co,2020-07-13,NA,08,2021-10-22
co,2020-07-14,16,08,2021-10-22
co,2020-07-15,37,08,2021-10-22
co,2020-07-16,29,08,2021-10-22
co,2020-07-17,35,08,2021-10-22
co,2020-07-18,26,08,2021-10-22
co,2020-07-19,41,08,2021-10-22
co,2020-07-20,43,08,2021-10-22
co,2020-07-21,29,08,2021-10-22
co,2020-07-22,51,08,2021-10-22
co,2020-07-23,66,08,2021-10-22
co,2020-07-24,50,08,2021-10-22
co,2020-07-25,38,08,2021-10-22
co,2020-07-26,43,08,2021-10-22
co,2020-07-27,51,08,2021-10-22
co,2020-07-28,51,08,2021-10-22
co,2020-07-29,55,08,2021-10-22
co,2020-07-30,57,08,2021-10-22
co,2020-07-31,41,08,2021-10-22
co,2020-08-01,44,08,2021-10-22
co,2020-08-02,48,08,2021-10-22
co,2020-08-03,44,08,2021-10-22
co,2020-08-04,55,08,2021-10-22
co,2020-08-05,38,08,2021-10-22
co,2020-08-06,58,08,2021-10-22
co,2020-08-07,56,08,2021-10-22
co,2020-08-08,61,08,2021-10-22
co,2020-08-09,33,08,2021-10-22
co,2020-08-10,36,08,2021-10-22
co,2020-08-11,49,08,2021-10-22
co,2020-08-12,33,08,2021-10-22
co,2020-08-13,38,08,2021-10-22
co,2020-08-14,31,08,2021-10-22
co,2020-08-15,33,08,2021-10-22
co,2020-08-16,20,08,2021-10-22
co,2020-08-17,20,08,2021-10-22
co,2020-08-18,26,08,2021-10-22
co,2020-08-19,27,08,2021-10-22
co,2020-08-20,30,08,2021-10-22
co,2020-08-21,23,08,2021-10-22
co,2020-08-22,26,08,2021-10-22
co,2020-08-23,27,08,2021-10-22
co,2020-08-24,20,08,2021-10-22
co,2020-08-25,17,08,2021-10-22
co,2020-08-26,27,08,2021-10-22
co,2020-08-27,16,08,2021-10-22
co,2020-08-28,19,08,2021-10-22
co,2020-08-29,21,08,2021-10-22
co,2020-08-30,12,08,2021-10-22
co,2020-08-31,27,08,2021-10-22
co,2020-09-01,21,08,2021-10-22
co,2020-09-02,18,08,2021-10-22
co,2020-09-03,39,08,2021-10-22
co,2020-09-04,16,08,2021-10-22
co,2020-09-05,27,08,2021-10-22
co,2020-09-06,13,08,2021-10-22
co,2020-09-07,14,08,2021-10-22
co,2020-09-08,16,08,2021-10-22
co,2020-09-09,22,08,2021-10-22
co,2020-09-10,24,08,2021-10-22
co,2020-09-11,17,08,2021-10-22
co,2020-09-12,17,08,2021-10-22
co,2020-09-13,20,08,2021-10-22
co,2020-09-14,27,08,2021-10-22
co,2020-09-15,18,08,2021-10-22
co,2020-09-16,20,08,2021-10-22
co,2020-09-17,27,08,2021-10-22
co,2020-09-18,20,08,2021-10-22
co,2020-09-19,25,08,2021-10-22
co,2020-09-20,28,08,2021-10-22
co,2020-09-21,24,08,2021-10-22
co,2020-09-22,36,08,2021-10-22
co,2020-09-23,38,08,2021-10-22
co,2020-09-24,30,08,2021-10-22
co,2020-09-25,35,08,2021-10-22
co,2020-09-26,14,08,2021-10-22
co,2020-09-27,28,08,2021-10-22
co,2020-09-28,31,08,2021-10-22
co,2020-09-29,25,08,2021-10-22
co,2020-09-30,44,08,2021-10-22
co,2020-10-01,35,08,2021-10-22
co,2020-10-02,31,08,2021-10-22
co,2020-10-03,26,08,2021-10-22
co,2020-10-04,43,08,2021-10-22
co,2020-10-05,56,08,2021-10-22
co,2020-10-06,47,08,2021-10-22
co,2020-10-07,32,08,2021-10-22
co,2020-10-08,51,08,2021-10-22
co,2020-10-09,49,08,2021-10-22
co,2020-10-10,57,08,2021-10-22
co,2020-10-11,71,08,2021-10-22
co,2020-10-12,61,08,2021-10-22
co,2020-10-13,71,08,2021-10-22
co,2020-10-14,72,08,2021-10-22
co,2020-10-15,77,08,2021-10-22
co,2020-10-16,56,08,2021-10-22
co,2020-10-17,50,08,2021-10-22
co,2020-10-18,74,08,2021-10-22
co,2020-10-19,105,08,2021-10-22
co,2020-10-20,99,08,2021-10-22
co,2020-10-21,81,08,2021-10-22
co,2020-10-22,91,08,2021-10-22
co,2020-10-23,84,08,2021-10-22
co,2020-10-24,95,08,2021-10-22
co,2020-10-25,76,08,2021-10-22
co,2020-10-26,88,08,2021-10-22
co,2020-10-27,112,08,2021-10-22
co,2020-10-28,120,08,2021-10-22
co,2020-10-29,117,08,2021-10-22
co,2020-10-30,137,08,2021-10-22
co,2020-10-31,114,08,2021-10-22
co,2020-11-01,146,08,2021-10-22
co,2020-11-02,169,08,2021-10-22
co,2020-11-03,139,08,2021-10-22
co,2020-11-04,161,08,2021-10-22
co,2020-11-05,188,08,2021-10-22
co,2020-11-06,180,08,2021-10-22
co,2020-11-07,215,08,2021-10-22
co,2020-11-08,184,08,2021-10-22
co,2020-11-09,232,08,2021-10-22
co,2020-11-10,229,08,2021-10-22
co,2020-11-11,231,08,2021-10-22
co,2020-11-12,211,08,2021-10-22
co,2020-11-13,246,08,2021-10-22
co,2020-11-14,217,08,2021-10-22
co,2020-11-15,215,08,2021-10-22
co,2020-11-16,282,08,2021-10-22
co,2020-11-17,281,08,2021-10-22
co,2020-11-18,303,08,2021-10-22
co,2020-11-19,281,08,2021-10-22
co,2020-11-20,275,08,2021-10-22
co,2020-11-21,221,08,2021-10-22
co,2020-11-22,242,08,2021-10-22
co,2020-11-23,314,08,2021-10-22
co,2020-11-24,318,08,2021-10-22
co,2020-11-25,291,08,2021-10-22
co,2020-11-26,239,08,2021-10-22
co,2020-11-27,262,08,2021-10-22
co,2020-11-28,268,08,2021-10-22
co,2020-11-29,231,08,2021-10-22
co,2020-11-30,295,08,2021-10-22
co,2020-12-01,339,08,2021-10-22
co,2020-12-02,254,08,2021-10-22
co,2020-12-03,235,08,2021-10-22
co,2020-12-04,266,08,2021-10-22
co,2020-12-05,206,08,2021-10-22
co,2020-12-06,210,08,2021-10-22
co,2020-12-07,265,08,2021-10-22
co,2020-12-08,233,08,2021-10-22
co,2020-12-09,258,08,2021-10-22
co,2020-12-10,282,08,2021-10-22
co,2020-12-11,231,08,2021-10-22
co,2020-12-12,193,08,2021-10-22
co,2020-12-13,156,08,2021-10-22
co,2020-12-14,227,08,2021-10-22
co,2020-12-15,216,08,2021-10-22
co,2020-12-16,218,08,2021-10-22
co,2020-12-17,206,08,2021-10-22
co,2020-12-18,187,08,2021-10-22
co,2020-12-19,140,08,2021-10-22
co,2020-12-20,122,08,2021-10-22
co,2020-12-21,214,08,2021-10-22
co,2020-12-22,212,08,2021-10-22
co,2020-12-23,169,08,2021-10-22
co,2020-12-24,152,08,2021-10-22
co,2020-12-25,143,08,2021-10-22
co,2020-12-26,156,08,2021-10-22
co,2020-12-27,129,08,2021-10-22
co,2020-12-28,171,08,2021-10-22
co,2020-12-29,170,08,2021-10-22
co,2020-12-30,167,08,2021-10-22
co,2020-12-31,159,08,2021-10-22
co,2021-01-01,109,08,2021-10-22
co,2021-01-02,118,08,2021-10-22
co,2021-01-03,124,08,2021-10-22
co,2021-01-04,164,08,2021-10-22
co,2021-01-05,143,08,2021-10-22
co,2021-01-06,133,08,2021-10-22
co,2021-01-07,156,08,2021-10-22
co,2021-01-08,126,08,2021-10-22
co,2021-01-09,121,08,2021-10-22
co,2021-01-10,121,08,2021-10-22
co,2021-01-11,150,08,2021-10-22
co,2021-01-12,134,08,2021-10-22
co,2021-01-13,136,08,2021-10-22
co,2021-01-14,123,08,2021-10-22
co,2021-01-15,136,08,2021-10-22
co,2021-01-16,110,08,2021-10-22
co,2021-01-17,96,08,2021-10-22
co,2021-01-18,107,08,2021-10-22
co,2021-01-19,134,08,2021-10-22
co,2021-01-20,131,08,2021-10-22
co,2021-01-21,127,08,2021-10-22
co,2021-01-22,145,08,2021-10-22
co,2021-01-23,83,08,2021-10-22
co,2021-01-24,98,08,2021-10-22
co,2021-01-25,126,08,2021-10-22
co,2021-01-26,107,08,2021-10-22
co,2021-01-27,84,08,2021-10-22
co,2021-01-28,92,08,2021-10-22
co,2021-01-29,98,08,2021-10-22
co,2021-01-30,89,08,2021-10-22
co,2021-01-31,74,08,2021-10-22
co,2021-02-01,89,08,2021-10-22
co,2021-02-02,107,08,2021-10-22
co,2021-02-03,111,08,2021-10-22
co,2021-02-04,75,08,2021-10-22
co,2021-02-05,83,08,2021-10-22
co,2021-02-06,66,08,2021-10-22
co,2021-02-07,81,08,2021-10-22
co,2021-02-08,96,08,2021-10-22
co,2021-02-09,94,08,2021-10-22
co,2021-02-10,78,08,2021-10-22
co,2021-02-11,68,08,2021-10-22
co,2021-02-12,62,08,2021-10-22
co,2021-02-13,57,08,2021-10-22
co,2021-02-14,61,08,2021-10-22
co,2021-02-15,66,08,2021-10-22
co,2021-02-16,98,08,2021-10-22
co,2021-02-17,82,08,2021-10-22
co,2021-02-18,63,08,2021-10-22
co,2021-02-19,83,08,2021-10-22
co,2021-02-20,63,08,2021-10-22
co,2021-02-21,71,08,2021-10-22
co,2021-02-22,96,08,2021-10-22
co,2021-02-23,65,08,2021-10-22
co,2021-02-24,65,08,2021-10-22
co,2021-02-25,56,08,2021-10-22
co,2021-02-26,63,08,2021-10-22
co,2021-02-27,72,08,2021-10-22
co,2021-02-28,45,08,2021-10-22
co,2021-03-01,36,08,2021-10-22
co,2021-03-02,69,08,2021-10-22
co,2021-03-03,60,08,2021-10-22
co,2021-03-04,65,08,2021-10-22
co,2021-03-05,70,08,2021-10-22
co,2021-03-06,62,08,2021-10-22
co,2021-03-07,41,08,2021-10-22
co,2021-03-08,45,08,2021-10-22
co,2021-03-09,62,08,2021-10-22
co,2021-03-10,55,08,2021-10-22
co,2021-03-11,59,08,2021-10-22
co,2021-03-12,50,08,2021-10-22
co,2021-03-13,51,08,2021-10-22
co,2021-03-14,54,08,2021-10-22
co,2021-03-15,73,08,2021-10-22
co,2021-03-16,74,08,2021-10-22
co,2021-03-17,62,08,2021-10-22
co,2021-03-18,64,08,2021-10-22
co,2021-03-19,53,08,2021-10-22
co,2021-03-20,49,08,2021-10-22
co,2021-03-21,51,08,2021-10-22
co,2021-03-22,62,08,2021-10-22
co,2021-03-23,58,08,2021-10-22
co,2021-03-24,85,08,2021-10-22
co,2021-03-25,76,08,2021-10-22
co,2021-03-26,60,08,2021-10-22
co,2021-03-27,60,08,2021-10-22
co,2021-03-28,58,08,2021-10-22
co,2021-03-29,79,08,2021-10-22
co,2021-03-30,67,08,2021-10-22
co,2021-03-31,76,08,2021-10-22
co,2021-04-01,83,08,2021-10-22
co,2021-04-02,68,08,2021-10-22
co,2021-04-03,64,08,2021-10-22
co,2021-04-04,81,08,2021-10-22
co,2021-04-05,95,08,2021-10-22
co,2021-04-06,89,08,2021-10-22
co,2021-04-07,90,08,2021-10-22
co,2021-04-08,81,08,2021-10-22
co,2021-04-09,101,08,2021-10-22
co,2021-04-10,89,08,2021-10-22
co,2021-04-11,64,08,2021-10-22
co,2021-04-12,75,08,2021-10-22
co,2021-04-13,92,08,2021-10-22
co,2021-04-14,76,08,2021-10-22
co,2021-04-15,82,08,2021-10-22
co,2021-04-16,78,08,2021-10-22
co,2021-04-17,70,08,2021-10-22
co,2021-04-18,83,08,2021-10-22
co,2021-04-19,115,08,2021-10-22
co,2021-04-20,113,08,2021-10-22
co,2021-04-21,89,08,2021-10-22
co,2021-04-22,101,08,2021-10-22
co,2021-04-23,105,08,2021-10-22
co,2021-04-24,93,08,2021-10-22
co,2021-04-25,76,08,2021-10-22
co,2021-04-26,143,08,2021-10-22
co,2021-04-27,111,08,2021-10-22
co,2021-04-28,106,08,2021-10-22
co,2021-04-29,140,08,2021-10-22
co,2021-04-30,115,08,2021-10-22
co,2021-05-01,115,08,2021-10-22
co,2021-05-02,106,08,2021-10-22
co,2021-05-03,131,08,2021-10-22
co,2021-05-04,131,08,2021-10-22
co,2021-05-05,133,08,2021-10-22
co,2021-05-06,113,08,2021-10-22
co,2021-05-07,111,08,2021-10-22
co,2021-05-08,94,08,2021-10-22
co,2021-05-09,101,08,2021-10-22
co,2021-05-10,114,08,2021-10-22
co,2021-05-11,98,08,2021-10-22
co,2021-05-12,98,08,2021-10-22
co,2021-05-13,84,08,2021-10-22
co,2021-05-14,92,08,2021-10-22
co,2021-05-15,90,08,2021-10-22
co,2021-05-16,77,08,2021-10-22
co,2021-05-17,109,08,2021-10-22
co,2021-05-18,95,08,2021-10-22
co,2021-05-19,117,08,2021-10-22
co,2021-05-20,85,08,2021-10-22
co,2021-05-21,76,08,2021-10-22
co,2021-05-22,68,08,2021-10-22
co,2021-05-23,70,08,2021-10-22
co,2021-05-24,89,08,2021-10-22
co,2021-05-25,73,08,2021-10-22
co,2021-05-26,73,08,2021-10-22
co,2021-05-27,77,08,2021-10-22
co,2021-05-28,77,08,2021-10-22
co,2021-05-29,60,08,2021-10-22
co,2021-05-30,67,08,2021-10-22
co,2021-05-31,59,08,2021-10-22
co,2021-06-01,77,08,2021-10-22
co,2021-06-02,63,08,2021-10-22
co,2021-06-03,76,08,2021-10-22
co,2021-06-04,68,08,2021-10-22
co,2021-06-05,54,08,2021-10-22
co,2021-06-06,52,08,2021-10-22
co,2021-06-07,64,08,2021-10-22
co,2021-06-08,58,08,2021-10-22
co,2021-06-09,47,08,2021-10-22
co,2021-06-10,55,08,2021-10-22
co,2021-06-11,45,08,2021-10-22
co,2021-06-12,42,08,2021-10-22
co,2021-06-13,47,08,2021-10-22
co,2021-06-14,51,08,2021-10-22
co,2021-06-15,54,08,2021-10-22
co,2021-06-16,42,08,2021-10-22
co,2021-06-17,41,08,2021-10-22
co,2021-06-18,37,08,2021-10-22
co,2021-06-19,24,08,2021-10-22
co,2021-06-20,36,08,2021-10-22
co,2021-06-21,56,08,2021-10-22
co,2021-06-22,58,08,2021-10-22
co,2021-06-23,42,08,2021-10-22
co,2021-06-24,26,08,2021-10-22
co,2021-06-25,52,08,2021-10-22
co,2021-06-26,30,08,2021-10-22
co,2021-06-27,39,08,2021-10-22
co,2021-06-28,60,08,2021-10-22
co,2021-06-29,51,08,2021-10-22
co,2021-06-30,47,08,2021-10-22
co,2021-07-01,50,08,2021-10-22
co,2021-07-02,55,08,2021-10-22
co,2021-07-03,48,08,2021-10-22
co,2021-07-04,41,08,2021-10-22
co,2021-07-05,60,08,2021-10-22
co,2021-07-06,59,08,2021-10-22
co,2021-07-07,58,08,2021-10-22
co,2021-07-08,52,08,2021-10-22
co,2021-07-09,54,08,2021-10-22
co,2021-07-10,38,08,2021-10-22
co,2021-07-11,37,08,2021-10-22
co,2021-07-12,54,08,2021-10-22
co,2021-07-13,44,08,2021-10-22
co,2021-07-14,45,08,2021-10-22
co,2021-07-15,55,08,2021-10-22
co,2021-07-16,50,08,2021-10-22
co,2021-07-17,33,08,2021-10-22
co,2021-07-18,51,08,2021-10-22
co,2021-07-19,61,08,2021-10-22
co,2021-07-20,51,08,2021-10-22
co,2021-07-21,54,08,2021-10-22
co,2021-07-22,67,08,2021-10-22
co,2021-07-23,72,08,2021-10-22
co,2021-07-24,48,08,2021-10-22
co,2021-07-25,67,08,2021-10-22
co,2021-07-26,70,08,2021-10-22
co,2021-07-27,70,08,2021-10-22
co,2021-07-28,79,08,2021-10-22
co,2021-07-29,59,08,2021-10-22
co,2021-07-30,68,08,2021-10-22
co,2021-07-31,73,08,2021-10-22
co,2021-08-01,64,08,2021-10-22
co,2021-08-02,91,08,2021-10-22
co,2021-08-03,88,08,2021-10-22
co,2021-08-04,89,08,2021-10-22
co,2021-08-05,82,08,2021-10-22
co,2021-08-06,93,08,2021-10-22
co,2021-08-07,94,08,2021-10-22
co,2021-08-08,97,08,2021-10-22
co,2021-08-09,96,08,2021-10-22
co,2021-08-10,79,08,2021-10-22
co,2021-08-11,91,08,2021-10-22
co,2021-08-12,85,08,2021-10-22
co,2021-08-13,100,08,2021-10-22
co,2021-08-14,116,08,2021-10-22
co,2021-08-15,115,08,2021-10-22
co,2021-08-16,117,08,2021-10-22
co,2021-08-17,114,08,2021-10-22
co,2021-08-18,143,08,2021-10-22
co,2021-08-19,130,08,2021-10-22
co,2021-08-20,119,08,2021-10-22
co,2021-08-21,114,08,2021-10-22
co,2021-08-22,110,08,2021-10-22
co,2021-08-23,132,08,2021-10-22
co,2021-08-24,97,08,2021-10-22
co,2021-08-25,127,08,2021-10-22
co,2021-08-26,145,08,2021-10-22
co,2021-08-27,114,08,2021-10-22
co,2021-08-28,136,08,2021-10-22
co,2021-08-29,137,08,2021-10-22
co,2021-08-30,160,08,2021-10-22
co,2021-08-31,149,08,2021-10-22
co,2021-09-01,147,08,2021-10-22
co,2021-09-02,135,08,2021-10-22
co,2021-09-03,139,08,2021-10-22
co,2021-09-04,126,08,2021-10-22
co,2021-09-05,133,08,2021-10-22
co,2021-09-06,141,08,2021-10-22
co,2021-09-07,160,08,2021-10-22
co,2021-09-08,152,08,2021-10-22
co,2021-09-09,131,08,2021-10-22
co,2021-09-10,143,08,2021-10-22
co,2021-09-11,127,08,2021-10-22
co,2021-09-12,127,08,2021-10-22
co,2021-09-13,145,08,2021-10-22
co,2021-09-14,135,08,2021-10-22
co,2021-09-15,138,08,2021-10-22
co,2021-09-16,143,08,2021-10-22
co,2021-09-17,143,08,2021-10-22
co,2021-09-18,128,08,2021-10-22
co,2021-09-19,142,08,2021-10-22
co,2021-09-20,147,08,2021-10-22
co,2021-09-21,136,08,2021-10-22
co,2021-09-22,140,08,2021-10-22
co,2021-09-23,143,08,2021-10-22
co,2021-09-24,160,08,2021-10-22
co,2021-09-25,111,08,2021-10-22
co,2021-09-26,127,08,2021-10-22
co,2021-09-27,167,08,2021-10-22
co,2021-09-28,144,08,2021-10-22
co,2021-09-29,144,08,2021-10-22
co,2021-09-30,128,08,2021-10-22
co,2021-10-01,153,08,2021-10-22
co,2021-10-02,129,08,2021-10-22
co,2021-10-03,115,08,2021-10-22
co,2021-10-04,189,08,2021-10-22
co,2021-10-05,162,08,2021-10-22
co,2021-10-06,141,08,2021-10-22
co,2021-10-07,160,08,2021-10-22
co,2021-10-08,165,08,2021-10-22
co,2021-10-09,172,08,2021-10-22
co,2021-10-10,157,08,2021-10-22
co,2021-10-11,173,08,2021-10-22
co,2021-10-12,199,08,2021-10-22
co,2021-10-13,153,08,2021-10-22
co,2021-10-14,203,08,2021-10-22
co,2021-10-15,181,08,2021-10-22
co,2021-10-16,170,08,2021-10-22
co,2021-10-17,173,08,2021-10-22
co,2021-10-18,200,08,2021-10-22
co,2021-10-19,196,08,2021-10-22
co,2021-10-20,227,08,2021-10-22
co,2021-10-21,227,08,2021-10-22
ct,2020-03-17,NA,09,2021-10-22
ct,2020-03-18,NA,09,2021-10-22
ct,2020-03-19,NA,09,2021-10-22
ct,2020-03-20,NA,09,2021-10-22
ct,2020-03-21,NA,09,2021-10-22
ct,2020-03-22,NA,09,2021-10-22
ct,2020-03-23,NA,09,2021-10-22
ct,2020-03-24,NA,09,2021-10-22
ct,2020-03-25,NA,09,2021-10-22
ct,2020-03-26,NA,09,2021-10-22
ct,2020-03-27,NA,09,2021-10-22
ct,2020-03-28,NA,09,2021-10-22
ct,2020-03-29,NA,09,2021-10-22
ct,2020-03-30,NA,09,2021-10-22
ct,2020-03-31,NA,09,2021-10-22
ct,2020-04-01,NA,09,2021-10-22
ct,2020-04-02,NA,09,2021-10-22
ct,2020-04-03,NA,09,2021-10-22
ct,2020-04-04,NA,09,2021-10-22
ct,2020-04-05,NA,09,2021-10-22
ct,2020-04-06,NA,09,2021-10-22
ct,2020-04-07,NA,09,2021-10-22
ct,2020-04-08,NA,09,2021-10-22
ct,2020-04-09,NA,09,2021-10-22
ct,2020-04-10,NA,09,2021-10-22
ct,2020-04-11,NA,09,2021-10-22
ct,2020-04-12,NA,09,2021-10-22
ct,2020-04-13,NA,09,2021-10-22
ct,2020-04-14,NA,09,2021-10-22
ct,2020-04-15,NA,09,2021-10-22
ct,2020-04-16,NA,09,2021-10-22
ct,2020-04-17,NA,09,2021-10-22
ct,2020-04-18,NA,09,2021-10-22
ct,2020-04-19,NA,09,2021-10-22
ct,2020-04-20,NA,09,2021-10-22
ct,2020-04-21,NA,09,2021-10-22
ct,2020-04-22,NA,09,2021-10-22
ct,2020-04-23,NA,09,2021-10-22
ct,2020-04-24,NA,09,2021-10-22
ct,2020-04-25,NA,09,2021-10-22
ct,2020-04-26,NA,09,2021-10-22
ct,2020-04-27,NA,09,2021-10-22
ct,2020-04-28,NA,09,2021-10-22
ct,2020-04-29,NA,09,2021-10-22
ct,2020-04-30,NA,09,2021-10-22
ct,2020-05-01,NA,09,2021-10-22
ct,2020-05-02,NA,09,2021-10-22
ct,2020-05-03,NA,09,2021-10-22
ct,2020-05-04,NA,09,2021-10-22
ct,2020-05-05,NA,09,2021-10-22
ct,2020-05-06,NA,09,2021-10-22
ct,2020-05-07,NA,09,2021-10-22
ct,2020-05-08,NA,09,2021-10-22
ct,2020-05-09,NA,09,2021-10-22
ct,2020-05-10,NA,09,2021-10-22
ct,2020-05-11,NA,09,2021-10-22
ct,2020-05-12,NA,09,2021-10-22
ct,2020-05-13,NA,09,2021-10-22
ct,2020-05-14,NA,09,2021-10-22
ct,2020-05-15,NA,09,2021-10-22
ct,2020-05-16,NA,09,2021-10-22
ct,2020-05-17,NA,09,2021-10-22
ct,2020-05-18,NA,09,2021-10-22
ct,2020-05-19,NA,09,2021-10-22
ct,2020-05-20,NA,09,2021-10-22
ct,2020-05-21,NA,09,2021-10-22
ct,2020-05-22,NA,09,2021-10-22
ct,2020-05-23,NA,09,2021-10-22
ct,2020-05-24,NA,09,2021-10-22
ct,2020-05-25,NA,09,2021-10-22
ct,2020-05-26,NA,09,2021-10-22
ct,2020-05-27,NA,09,2021-10-22
ct,2020-05-28,NA,09,2021-10-22
ct,2020-05-29,NA,09,2021-10-22
ct,2020-05-30,NA,09,2021-10-22
ct,2020-05-31,NA,09,2021-10-22
ct,2020-06-01,NA,09,2021-10-22
ct,2020-06-02,NA,09,2021-10-22
ct,2020-06-03,NA,09,2021-10-22
ct,2020-06-04,NA,09,2021-10-22
ct,2020-06-05,NA,09,2021-10-22
ct,2020-06-06,NA,09,2021-10-22
ct,2020-06-07,NA,09,2021-10-22
ct,2020-06-08,NA,09,2021-10-22
ct,2020-06-09,NA,09,2021-10-22
ct,2020-06-10,NA,09,2021-10-22
ct,2020-06-11,NA,09,2021-10-22
ct,2020-06-12,NA,09,2021-10-22
ct,2020-06-13,NA,09,2021-10-22
ct,2020-06-14,NA,09,2021-10-22
ct,2020-06-15,NA,09,2021-10-22
ct,2020-06-16,NA,09,2021-10-22
ct,2020-06-17,NA,09,2021-10-22
ct,2020-06-18,NA,09,2021-10-22
ct,2020-06-19,NA,09,2021-10-22
ct,2020-06-20,NA,09,2021-10-22
ct,2020-06-21,NA,09,2021-10-22
ct,2020-06-22,NA,09,2021-10-22
ct,2020-06-23,NA,09,2021-10-22
ct,2020-06-24,NA,09,2021-10-22
ct,2020-06-25,NA,09,2021-10-22
ct,2020-06-26,NA,09,2021-10-22
ct,2020-06-27,NA,09,2021-10-22
ct,2020-06-28,NA,09,2021-10-22
ct,2020-06-29,NA,09,2021-10-22
ct,2020-06-30,NA,09,2021-10-22
ct,2020-07-01,NA,09,2021-10-22
ct,2020-07-02,NA,09,2021-10-22
ct,2020-07-03,NA,09,2021-10-22
ct,2020-07-04,NA,09,2021-10-22
ct,2020-07-05,NA,09,2021-10-22
ct,2020-07-06,NA,09,2021-10-22
ct,2020-07-07,NA,09,2021-10-22
ct,2020-07-08,NA,09,2021-10-22
ct,2020-07-09,NA,09,2021-10-22
ct,2020-07-10,NA,09,2021-10-22
ct,2020-07-11,NA,09,2021-10-22
ct,2020-07-12,NA,09,2021-10-22
ct,2020-07-13,NA,09,2021-10-22
ct,2020-07-14,9,09,2021-10-22
ct,2020-07-15,11,09,2021-10-22
ct,2020-07-16,6,09,2021-10-22
ct,2020-07-17,7,09,2021-10-22
ct,2020-07-18,9,09,2021-10-22
ct,2020-07-19,11,09,2021-10-22
ct,2020-07-20,8,09,2021-10-22
ct,2020-07-21,2,09,2021-10-22
ct,2020-07-22,3,09,2021-10-22
ct,2020-07-23,7,09,2021-10-22
ct,2020-07-24,9,09,2021-10-22
ct,2020-07-25,8,09,2021-10-22
ct,2020-07-26,2,09,2021-10-22
ct,2020-07-27,8,09,2021-10-22
ct,2020-07-28,8,09,2021-10-22
ct,2020-07-29,3,09,2021-10-22
ct,2020-07-30,15,09,2021-10-22
ct,2020-07-31,11,09,2021-10-22
ct,2020-08-01,12,09,2021-10-22
ct,2020-08-02,7,09,2021-10-22
ct,2020-08-03,48,09,2021-10-22
ct,2020-08-04,20,09,2021-10-22
ct,2020-08-05,12,09,2021-10-22
ct,2020-08-06,11,09,2021-10-22
ct,2020-08-07,12,09,2021-10-22
ct,2020-08-08,11,09,2021-10-22
ct,2020-08-09,11,09,2021-10-22
ct,2020-08-10,10,09,2021-10-22
ct,2020-08-11,9,09,2021-10-22
ct,2020-08-12,13,09,2021-10-22
ct,2020-08-13,5,09,2021-10-22
ct,2020-08-14,7,09,2021-10-22
ct,2020-08-15,5,09,2021-10-22
ct,2020-08-16,12,09,2021-10-22
ct,2020-08-17,15,09,2021-10-22
ct,2020-08-18,10,09,2021-10-22
ct,2020-08-19,14,09,2021-10-22
ct,2020-08-20,13,09,2021-10-22
ct,2020-08-21,13,09,2021-10-22
ct,2020-08-22,8,09,2021-10-22
ct,2020-08-23,7,09,2021-10-22
ct,2020-08-24,9,09,2021-10-22
ct,2020-08-25,12,09,2021-10-22
ct,2020-08-26,6,09,2021-10-22
ct,2020-08-27,11,09,2021-10-22
ct,2020-08-28,9,09,2021-10-22
ct,2020-08-29,14,09,2021-10-22
ct,2020-08-30,13,09,2021-10-22
ct,2020-08-31,11,09,2021-10-22
ct,2020-09-01,12,09,2021-10-22
ct,2020-09-02,7,09,2021-10-22
ct,2020-09-03,10,09,2021-10-22
ct,2020-09-04,11,09,2021-10-22
ct,2020-09-05,7,09,2021-10-22
ct,2020-09-06,5,09,2021-10-22
ct,2020-09-07,8,09,2021-10-22
ct,2020-09-08,16,09,2021-10-22
ct,2020-09-09,11,09,2021-10-22
ct,2020-09-10,7,09,2021-10-22
ct,2020-09-11,8,09,2021-10-22
ct,2020-09-12,6,09,2021-10-22
ct,2020-09-13,12,09,2021-10-22
ct,2020-09-14,13,09,2021-10-22
ct,2020-09-15,15,09,2021-10-22
ct,2020-09-16,15,09,2021-10-22
ct,2020-09-17,14,09,2021-10-22
ct,2020-09-18,17,09,2021-10-22
ct,2020-09-19,8,09,2021-10-22
ct,2020-09-20,7,09,2021-10-22
ct,2020-09-21,13,09,2021-10-22
ct,2020-09-22,12,09,2021-10-22
ct,2020-09-23,12,09,2021-10-22
ct,2020-09-24,9,09,2021-10-22
ct,2020-09-25,8,09,2021-10-22
ct,2020-09-26,10,09,2021-10-22
ct,2020-09-27,14,09,2021-10-22
ct,2020-09-28,20,09,2021-10-22
ct,2020-09-29,19,09,2021-10-22
ct,2020-09-30,19,09,2021-10-22
ct,2020-10-01,17,09,2021-10-22
ct,2020-10-02,14,09,2021-10-22
ct,2020-10-03,23,09,2021-10-22
ct,2020-10-04,15,09,2021-10-22
ct,2020-10-05,20,09,2021-10-22
ct,2020-10-06,17,09,2021-10-22
ct,2020-10-07,21,09,2021-10-22
ct,2020-10-08,13,09,2021-10-22
ct,2020-10-09,23,09,2021-10-22
ct,2020-10-10,16,09,2021-10-22
ct,2020-10-11,24,09,2021-10-22
ct,2020-10-12,22,09,2021-10-22
ct,2020-10-13,29,09,2021-10-22
ct,2020-10-14,16,09,2021-10-22
ct,2020-10-15,30,09,2021-10-22
ct,2020-10-16,25,09,2021-10-22
ct,2020-10-17,22,09,2021-10-22
ct,2020-10-18,24,09,2021-10-22
ct,2020-10-19,24,09,2021-10-22
ct,2020-10-20,32,09,2021-10-22
ct,2020-10-21,35,09,2021-10-22
ct,2020-10-22,32,09,2021-10-22
ct,2020-10-23,44,09,2021-10-22
ct,2020-10-24,24,09,2021-10-22
ct,2020-10-25,34,09,2021-10-22
ct,2020-10-26,47,09,2021-10-22
ct,2020-10-27,52,09,2021-10-22
ct,2020-10-28,41,09,2021-10-22
ct,2020-10-29,53,09,2021-10-22
ct,2020-10-30,47,09,2021-10-22
ct,2020-10-31,24,09,2021-10-22
ct,2020-11-01,50,09,2021-10-22
ct,2020-11-02,47,09,2021-10-22
ct,2020-11-03,40,09,2021-10-22
ct,2020-11-04,58,09,2021-10-22
ct,2020-11-05,67,09,2021-10-22
ct,2020-11-06,84,09,2021-10-22
ct,2020-11-07,65,09,2021-10-22
ct,2020-11-08,78,09,2021-10-22
ct,2020-11-09,88,09,2021-10-22
ct,2020-11-10,103,09,2021-10-22
ct,2020-11-11,106,09,2021-10-22
ct,2020-11-12,96,09,2021-10-22
ct,2020-11-13,122,09,2021-10-22
ct,2020-11-14,86,09,2021-10-22
ct,2020-11-15,85,09,2021-10-22
ct,2020-11-16,122,09,2021-10-22
ct,2020-11-17,126,09,2021-10-22
ct,2020-11-18,96,09,2021-10-22
ct,2020-11-19,104,09,2021-10-22
ct,2020-11-20,75,09,2021-10-22
ct,2020-11-21,87,09,2021-10-22
ct,2020-11-22,106,09,2021-10-22
ct,2020-11-23,139,09,2021-10-22
ct,2020-11-24,112,09,2021-10-22
ct,2020-11-25,109,09,2021-10-22
ct,2020-11-26,117,09,2021-10-22
ct,2020-11-27,138,09,2021-10-22
ct,2020-11-28,100,09,2021-10-22
ct,2020-11-29,120,09,2021-10-22
ct,2020-11-30,158,09,2021-10-22
ct,2020-12-01,163,09,2021-10-22
ct,2020-12-02,131,09,2021-10-22
ct,2020-12-03,145,09,2021-10-22
ct,2020-12-04,119,09,2021-10-22
ct,2020-12-05,123,09,2021-10-22
ct,2020-12-06,128,09,2021-10-22
ct,2020-12-07,169,09,2021-10-22
ct,2020-12-08,151,09,2021-10-22
ct,2020-12-09,158,09,2021-10-22
ct,2020-12-10,168,09,2021-10-22
ct,2020-12-11,160,09,2021-10-22
ct,2020-12-12,102,09,2021-10-22
ct,2020-12-13,128,09,2021-10-22
ct,2020-12-14,132,09,2021-10-22
ct,2020-12-15,132,09,2021-10-22
ct,2020-12-16,163,09,2021-10-22
ct,2020-12-17,101,09,2021-10-22
ct,2020-12-18,161,09,2021-10-22
ct,2020-12-19,120,09,2021-10-22
ct,2020-12-20,124,09,2021-10-22
ct,2020-12-21,164,09,2021-10-22
ct,2020-12-22,156,09,2021-10-22
ct,2020-12-23,125,09,2021-10-22
ct,2020-12-24,155,09,2021-10-22
ct,2020-12-25,162,09,2021-10-22
ct,2020-12-26,134,09,2021-10-22
ct,2020-12-27,142,09,2021-10-22
ct,2020-12-28,140,09,2021-10-22
ct,2020-12-29,144,09,2021-10-22
ct,2020-12-30,151,09,2021-10-22
ct,2020-12-31,129,09,2021-10-22
ct,2021-01-01,98,09,2021-10-22
ct,2021-01-02,141,09,2021-10-22
ct,2021-01-03,109,09,2021-10-22
ct,2021-01-04,177,09,2021-10-22
ct,2021-01-05,187,09,2021-10-22
ct,2021-01-06,160,09,2021-10-22
ct,2021-01-07,149,09,2021-10-22
ct,2021-01-08,171,09,2021-10-22
ct,2021-01-09,121,09,2021-10-22
ct,2021-01-10,124,09,2021-10-22
ct,2021-01-11,152,09,2021-10-22
ct,2021-01-12,160,09,2021-10-22
ct,2021-01-13,190,09,2021-10-22
ct,2021-01-14,168,09,2021-10-22
ct,2021-01-15,157,09,2021-10-22
ct,2021-01-16,138,09,2021-10-22
ct,2021-01-17,128,09,2021-10-22
ct,2021-01-18,155,09,2021-10-22
ct,2021-01-19,131,09,2021-10-22
ct,2021-01-20,134,09,2021-10-22
ct,2021-01-21,164,09,2021-10-22
ct,2021-01-22,150,09,2021-10-22
ct,2021-01-23,85,09,2021-10-22
ct,2021-01-24,108,09,2021-10-22
ct,2021-01-25,132,09,2021-10-22
ct,2021-01-26,138,09,2021-10-22
ct,2021-01-27,137,09,2021-10-22
ct,2021-01-28,129,09,2021-10-22
ct,2021-01-29,123,09,2021-10-22
ct,2021-01-30,88,09,2021-10-22
ct,2021-01-31,95,09,2021-10-22
ct,2021-02-01,95,09,2021-10-22
ct,2021-02-02,121,09,2021-10-22
ct,2021-02-03,128,09,2021-10-22
ct,2021-02-04,131,09,2021-10-22
ct,2021-02-05,125,09,2021-10-22
ct,2021-02-06,93,09,2021-10-22
ct,2021-02-07,71,09,2021-10-22
ct,2021-02-08,114,09,2021-10-22
ct,2021-02-09,96,09,2021-10-22
ct,2021-02-10,100,09,2021-10-22
ct,2021-02-11,93,09,2021-10-22
ct,2021-02-12,82,09,2021-10-22
ct,2021-02-13,66,09,2021-10-22
ct,2021-02-14,65,09,2021-10-22
ct,2021-02-15,96,09,2021-10-22
ct,2021-02-16,91,09,2021-10-22
ct,2021-02-17,86,09,2021-10-22
ct,2021-02-18,88,09,2021-10-22
ct,2021-02-19,85,09,2021-10-22
ct,2021-02-20,65,09,2021-10-22
ct,2021-02-21,61,09,2021-10-22
ct,2021-02-22,81,09,2021-10-22
ct,2021-02-23,90,09,2021-10-22
ct,2021-02-24,71,09,2021-10-22
ct,2021-02-25,79,09,2021-10-22
ct,2021-02-26,78,09,2021-10-22
ct,2021-02-27,63,09,2021-10-22
ct,2021-02-28,63,09,2021-10-22
ct,2021-03-01,91,09,2021-10-22
ct,2021-03-02,71,09,2021-10-22
ct,2021-03-03,75,09,2021-10-22
ct,2021-03-04,87,09,2021-10-22
ct,2021-03-05,82,09,2021-10-22
ct,2021-03-06,47,09,2021-10-22
ct,2021-03-07,52,09,2021-10-22
ct,2021-03-08,82,09,2021-10-22
ct,2021-03-09,86,09,2021-10-22
ct,2021-03-10,80,09,2021-10-22
ct,2021-03-11,89,09,2021-10-22
ct,2021-03-12,82,09,2021-10-22
ct,2021-03-13,70,09,2021-10-22
ct,2021-03-14,46,09,2021-10-22
ct,2021-03-15,77,09,2021-10-22
ct,2021-03-16,76,09,2021-10-22
ct,2021-03-17,80,09,2021-10-22
ct,2021-03-18,76,09,2021-10-22
ct,2021-03-19,83,09,2021-10-22
ct,2021-03-20,56,09,2021-10-22
ct,2021-03-21,58,09,2021-10-22
ct,2021-03-22,99,09,2021-10-22
ct,2021-03-23,90,09,2021-10-22
ct,2021-03-24,90,09,2021-10-22
ct,2021-03-25,95,09,2021-10-22
ct,2021-03-26,101,09,2021-10-22
ct,2021-03-27,90,09,2021-10-22
ct,2021-03-28,78,09,2021-10-22
ct,2021-03-29,96,09,2021-10-22
ct,2021-03-30,90,09,2021-10-22
ct,2021-03-31,91,09,2021-10-22
ct,2021-04-01,85,09,2021-10-22
ct,2021-04-02,110,09,2021-10-22
ct,2021-04-03,67,09,2021-10-22
ct,2021-04-04,89,09,2021-10-22
ct,2021-04-05,112,09,2021-10-22
ct,2021-04-06,107,09,2021-10-22
ct,2021-04-07,106,09,2021-10-22
ct,2021-04-08,96,09,2021-10-22
ct,2021-04-09,110,09,2021-10-22
ct,2021-04-10,88,09,2021-10-22
ct,2021-04-11,80,09,2021-10-22
ct,2021-04-12,97,09,2021-10-22
ct,2021-04-13,80,09,2021-10-22
ct,2021-04-14,84,09,2021-10-22
ct,2021-04-15,95,09,2021-10-22
ct,2021-04-16,111,09,2021-10-22
ct,2021-04-17,70,09,2021-10-22
ct,2021-04-18,80,09,2021-10-22
ct,2021-04-19,102,09,2021-10-22
ct,2021-04-20,91,09,2021-10-22
ct,2021-04-21,74,09,2021-10-22
ct,2021-04-22,67,09,2021-10-22
ct,2021-04-23,69,09,2021-10-22
ct,2021-04-24,66,09,2021-10-22
ct,2021-04-25,74,09,2021-10-22
ct,2021-04-26,79,09,2021-10-22
ct,2021-04-27,86,09,2021-10-22
ct,2021-04-28,70,09,2021-10-22
ct,2021-04-29,64,09,2021-10-22
ct,2021-04-30,74,09,2021-10-22
ct,2021-05-01,48,09,2021-10-22
ct,2021-05-02,49,09,2021-10-22
ct,2021-05-03,72,09,2021-10-22
ct,2021-05-04,58,09,2021-10-22
ct,2021-05-05,63,09,2021-10-22
ct,2021-05-06,57,09,2021-10-22
ct,2021-05-07,70,09,2021-10-22
ct,2021-05-08,56,09,2021-10-22
ct,2021-05-09,42,09,2021-10-22
ct,2021-05-10,39,09,2021-10-22
ct,2021-05-11,49,09,2021-10-22
ct,2021-05-12,41,09,2021-10-22
ct,2021-05-13,50,09,2021-10-22
ct,2021-05-14,42,09,2021-10-22
ct,2021-05-15,42,09,2021-10-22
ct,2021-05-16,30,09,2021-10-22
ct,2021-05-17,44,09,2021-10-22
ct,2021-05-18,51,09,2021-10-22
ct,2021-05-19,49,09,2021-10-22
ct,2021-05-20,22,09,2021-10-22
ct,2021-05-21,17,09,2021-10-22
ct,2021-05-22,14,09,2021-10-22
ct,2021-05-23,20,09,2021-10-22
ct,2021-05-24,18,09,2021-10-22
ct,2021-05-25,20,09,2021-10-22
ct,2021-05-26,18,09,2021-10-22
ct,2021-05-27,16,09,2021-10-22
ct,2021-05-28,13,09,2021-10-22
ct,2021-05-29,16,09,2021-10-22
ct,2021-05-30,22,09,2021-10-22
ct,2021-05-31,16,09,2021-10-22
ct,2021-06-01,16,09,2021-10-22
ct,2021-06-02,15,09,2021-10-22
ct,2021-06-03,20,09,2021-10-22
ct,2021-06-04,10,09,2021-10-22
ct,2021-06-05,11,09,2021-10-22
ct,2021-06-06,15,09,2021-10-22
ct,2021-06-07,13,09,2021-10-22
ct,2021-06-08,9,09,2021-10-22
ct,2021-06-09,19,09,2021-10-22
ct,2021-06-10,7,09,2021-10-22
ct,2021-06-11,7,09,2021-10-22
ct,2021-06-12,6,09,2021-10-22
ct,2021-06-13,7,09,2021-10-22
ct,2021-06-14,13,09,2021-10-22
ct,2021-06-15,4,09,2021-10-22
ct,2021-06-16,8,09,2021-10-22
ct,2021-06-17,13,09,2021-10-22
ct,2021-06-18,8,09,2021-10-22
ct,2021-06-19,9,09,2021-10-22
ct,2021-06-20,8,09,2021-10-22
ct,2021-06-21,6,09,2021-10-22
ct,2021-06-22,12,09,2021-10-22
ct,2021-06-23,7,09,2021-10-22
ct,2021-06-24,13,09,2021-10-22
ct,2021-06-25,11,09,2021-10-22
ct,2021-06-26,5,09,2021-10-22
ct,2021-06-27,6,09,2021-10-22
ct,2021-06-28,3,09,2021-10-22
ct,2021-06-29,9,09,2021-10-22
ct,2021-06-30,8,09,2021-10-22
ct,2021-07-01,11,09,2021-10-22
ct,2021-07-02,4,09,2021-10-22
ct,2021-07-03,5,09,2021-10-22
ct,2021-07-04,5,09,2021-10-22
ct,2021-07-05,2,09,2021-10-22
ct,2021-07-06,8,09,2021-10-22
ct,2021-07-07,7,09,2021-10-22
ct,2021-07-08,9,09,2021-10-22
ct,2021-07-09,10,09,2021-10-22
ct,2021-07-10,3,09,2021-10-22
ct,2021-07-11,8,09,2021-10-22
ct,2021-07-12,10,09,2021-10-22
ct,2021-07-13,16,09,2021-10-22
ct,2021-07-14,7,09,2021-10-22
ct,2021-07-15,11,09,2021-10-22
ct,2021-07-16,12,09,2021-10-22
ct,2021-07-17,5,09,2021-10-22
ct,2021-07-18,11,09,2021-10-22
ct,2021-07-19,18,09,2021-10-22
ct,2021-07-20,11,09,2021-10-22
ct,2021-07-21,12,09,2021-10-22
ct,2021-07-22,25,09,2021-10-22
ct,2021-07-23,23,09,2021-10-22
ct,2021-07-24,17,09,2021-10-22
ct,2021-07-25,15,09,2021-10-22
ct,2021-07-26,20,09,2021-10-22
ct,2021-07-27,24,09,2021-10-22
ct,2021-07-28,24,09,2021-10-22
ct,2021-07-29,26,09,2021-10-22
ct,2021-07-30,25,09,2021-10-22
ct,2021-07-31,19,09,2021-10-22
ct,2021-08-01,34,09,2021-10-22
ct,2021-08-02,42,09,2021-10-22
ct,2021-08-03,30,09,2021-10-22
ct,2021-08-04,37,09,2021-10-22
ct,2021-08-05,37,09,2021-10-22
ct,2021-08-06,27,09,2021-10-22
ct,2021-08-07,37,09,2021-10-22
ct,2021-08-08,28,09,2021-10-22
ct,2021-08-09,39,09,2021-10-22
ct,2021-08-10,41,09,2021-10-22
ct,2021-08-11,60,09,2021-10-22
ct,2021-08-12,59,09,2021-10-22
ct,2021-08-13,42,09,2021-10-22
ct,2021-08-14,29,09,2021-10-22
ct,2021-08-15,47,09,2021-10-22
ct,2021-08-16,63,09,2021-10-22
ct,2021-08-17,34,09,2021-10-22
ct,2021-08-18,54,09,2021-10-22
ct,2021-08-19,55,09,2021-10-22
ct,2021-08-20,54,09,2021-10-22
ct,2021-08-21,66,09,2021-10-22
ct,2021-08-22,41,09,2021-10-22
ct,2021-08-23,61,09,2021-10-22
ct,2021-08-24,58,09,2021-10-22
ct,2021-08-25,58,09,2021-10-22
ct,2021-08-26,48,09,2021-10-22
ct,2021-08-27,53,09,2021-10-22
ct,2021-08-28,40,09,2021-10-22
ct,2021-08-29,34,09,2021-10-22
ct,2021-08-30,47,09,2021-10-22
ct,2021-08-31,40,09,2021-10-22
ct,2021-09-01,54,09,2021-10-22
ct,2021-09-02,44,09,2021-10-22
ct,2021-09-03,35,09,2021-10-22
ct,2021-09-04,40,09,2021-10-22
ct,2021-09-05,45,09,2021-10-22
ct,2021-09-06,37,09,2021-10-22
ct,2021-09-07,58,09,2021-10-22
ct,2021-09-08,46,09,2021-10-22
ct,2021-09-09,43,09,2021-10-22
ct,2021-09-10,53,09,2021-10-22
ct,2021-09-11,41,09,2021-10-22
ct,2021-09-12,33,09,2021-10-22
ct,2021-09-13,42,09,2021-10-22
ct,2021-09-14,40,09,2021-10-22
ct,2021-09-15,46,09,2021-10-22
ct,2021-09-16,35,09,2021-10-22
ct,2021-09-17,41,09,2021-10-22
ct,2021-09-18,26,09,2021-10-22
ct,2021-09-19,40,09,2021-10-22
ct,2021-09-20,23,09,2021-10-22
ct,2021-09-21,44,09,2021-10-22
ct,2021-09-22,39,09,2021-10-22
ct,2021-09-23,28,09,2021-10-22
ct,2021-09-24,44,09,2021-10-22
ct,2021-09-25,26,09,2021-10-22
ct,2021-09-26,29,09,2021-10-22
ct,2021-09-27,38,09,2021-10-22
ct,2021-09-28,36,09,2021-10-22
ct,2021-09-29,37,09,2021-10-22
ct,2021-09-30,47,09,2021-10-22
ct,2021-10-01,36,09,2021-10-22
ct,2021-10-02,35,09,2021-10-22
ct,2021-10-03,27,09,2021-10-22
ct,2021-10-04,31,09,2021-10-22
ct,2021-10-05,47,09,2021-10-22
ct,2021-10-06,34,09,2021-10-22
ct,2021-10-07,31,09,2021-10-22
ct,2021-10-08,29,09,2021-10-22
ct,2021-10-09,34,09,2021-10-22
ct,2021-10-10,20,09,2021-10-22
ct,2021-10-11,44,09,2021-10-22
ct,2021-10-12,27,09,2021-10-22
ct,2021-10-13,32,09,2021-10-22
ct,2021-10-14,33,09,2021-10-22
ct,2021-10-15,33,09,2021-10-22
ct,2021-10-16,19,09,2021-10-22
ct,2021-10-17,34,09,2021-10-22
ct,2021-10-18,20,09,2021-10-22
ct,2021-10-19,36,09,2021-10-22
ct,2021-10-20,27,09,2021-10-22
ct,2021-10-21,27,09,2021-10-22
de,2020-03-26,NA,10,2021-10-22
de,2020-03-27,NA,10,2021-10-22
de,2020-03-28,NA,10,2021-10-22
de,2020-03-29,NA,10,2021-10-22
de,2020-03-30,NA,10,2021-10-22
de,2020-03-31,NA,10,2021-10-22
de,2020-04-01,NA,10,2021-10-22
de,2020-04-02,NA,10,2021-10-22
de,2020-04-03,NA,10,2021-10-22
de,2020-04-04,NA,10,2021-10-22
de,2020-04-05,NA,10,2021-10-22
de,2020-04-06,NA,10,2021-10-22
de,2020-04-07,NA,10,2021-10-22
de,2020-04-08,NA,10,2021-10-22
de,2020-04-09,NA,10,2021-10-22
de,2020-04-10,NA,10,2021-10-22
de,2020-04-11,NA,10,2021-10-22
de,2020-04-12,NA,10,2021-10-22
de,2020-04-13,NA,10,2021-10-22
de,2020-04-14,NA,10,2021-10-22
de,2020-04-15,NA,10,2021-10-22
de,2020-04-16,NA,10,2021-10-22
de,2020-04-17,NA,10,2021-10-22
de,2020-04-18,NA,10,2021-10-22
de,2020-04-19,NA,10,2021-10-22
de,2020-04-20,NA,10,2021-10-22
de,2020-04-21,NA,10,2021-10-22
de,2020-04-22,NA,10,2021-10-22
de,2020-04-23,NA,10,2021-10-22
de,2020-04-24,NA,10,2021-10-22
de,2020-04-25,NA,10,2021-10-22
de,2020-04-26,NA,10,2021-10-22
de,2020-04-27,NA,10,2021-10-22
de,2020-04-28,NA,10,2021-10-22
de,2020-04-29,NA,10,2021-10-22
de,2020-04-30,NA,10,2021-10-22
de,2020-05-01,NA,10,2021-10-22
de,2020-05-02,NA,10,2021-10-22
de,2020-05-03,NA,10,2021-10-22
de,2020-05-04,NA,10,2021-10-22
de,2020-05-05,NA,10,2021-10-22
de,2020-05-06,NA,10,2021-10-22
de,2020-05-07,NA,10,2021-10-22
de,2020-05-08,NA,10,2021-10-22
de,2020-05-09,NA,10,2021-10-22
de,2020-05-10,NA,10,2021-10-22
de,2020-05-11,NA,10,2021-10-22
de,2020-05-12,NA,10,2021-10-22
de,2020-05-13,NA,10,2021-10-22
de,2020-05-14,NA,10,2021-10-22
de,2020-05-15,NA,10,2021-10-22
de,2020-05-16,NA,10,2021-10-22
de,2020-05-17,NA,10,2021-10-22
de,2020-05-18,NA,10,2021-10-22
de,2020-05-19,NA,10,2021-10-22
de,2020-05-20,NA,10,2021-10-22
de,2020-05-21,NA,10,2021-10-22
de,2020-05-22,NA,10,2021-10-22
de,2020-05-23,NA,10,2021-10-22
de,2020-05-24,NA,10,2021-10-22
de,2020-05-25,NA,10,2021-10-22
de,2020-05-26,NA,10,2021-10-22
de,2020-05-27,NA,10,2021-10-22
de,2020-05-28,NA,10,2021-10-22
de,2020-05-29,NA,10,2021-10-22
de,2020-05-30,NA,10,2021-10-22
de,2020-05-31,NA,10,2021-10-22
de,2020-06-01,NA,10,2021-10-22
de,2020-06-02,NA,10,2021-10-22
de,2020-06-03,NA,10,2021-10-22
de,2020-06-04,NA,10,2021-10-22
de,2020-06-05,NA,10,2021-10-22
de,2020-06-06,NA,10,2021-10-22
de,2020-06-07,NA,10,2021-10-22
de,2020-06-08,NA,10,2021-10-22
de,2020-06-09,NA,10,2021-10-22
de,2020-06-10,NA,10,2021-10-22
de,2020-06-11,NA,10,2021-10-22
de,2020-06-12,NA,10,2021-10-22
de,2020-06-13,NA,10,2021-10-22
de,2020-06-14,NA,10,2021-10-22
de,2020-06-15,NA,10,2021-10-22
de,2020-06-16,NA,10,2021-10-22
de,2020-06-17,NA,10,2021-10-22
de,2020-06-18,NA,10,2021-10-22
de,2020-06-19,NA,10,2021-10-22
de,2020-06-20,NA,10,2021-10-22
de,2020-06-21,NA,10,2021-10-22
de,2020-06-22,NA,10,2021-10-22
de,2020-06-23,NA,10,2021-10-22
de,2020-06-24,NA,10,2021-10-22
de,2020-06-25,NA,10,2021-10-22
de,2020-06-26,NA,10,2021-10-22
de,2020-06-27,NA,10,2021-10-22
de,2020-06-28,NA,10,2021-10-22
de,2020-06-29,NA,10,2021-10-22
de,2020-06-30,NA,10,2021-10-22
de,2020-07-01,NA,10,2021-10-22
de,2020-07-02,NA,10,2021-10-22
de,2020-07-03,NA,10,2021-10-22
de,2020-07-04,NA,10,2021-10-22
de,2020-07-05,NA,10,2021-10-22
de,2020-07-06,NA,10,2021-10-22
de,2020-07-07,NA,10,2021-10-22
de,2020-07-08,NA,10,2021-10-22
de,2020-07-09,NA,10,2021-10-22
de,2020-07-10,NA,10,2021-10-22
de,2020-07-11,NA,10,2021-10-22
de,2020-07-12,NA,10,2021-10-22
de,2020-07-13,NA,10,2021-10-22
de,2020-07-14,1,10,2021-10-22
de,2020-07-15,1,10,2021-10-22
de,2020-07-16,1,10,2021-10-22
de,2020-07-17,1,10,2021-10-22
de,2020-07-18,2,10,2021-10-22
de,2020-07-19,0,10,2021-10-22
de,2020-07-20,2,10,2021-10-22
de,2020-07-21,1,10,2021-10-22
de,2020-07-22,1,10,2021-10-22
de,2020-07-23,0,10,2021-10-22
de,2020-07-24,2,10,2021-10-22
de,2020-07-25,1,10,2021-10-22
de,2020-07-26,1,10,2021-10-22
de,2020-07-27,1,10,2021-10-22
de,2020-07-28,0,10,2021-10-22
de,2020-07-29,0,10,2021-10-22
de,2020-07-30,3,10,2021-10-22
de,2020-07-31,2,10,2021-10-22
de,2020-08-01,0,10,2021-10-22
de,2020-08-02,1,10,2021-10-22
de,2020-08-03,1,10,2021-10-22
de,2020-08-04,2,10,2021-10-22
de,2020-08-05,1,10,2021-10-22
de,2020-08-06,0,10,2021-10-22
de,2020-08-07,2,10,2021-10-22
de,2020-08-08,1,10,2021-10-22
de,2020-08-09,2,10,2021-10-22
de,2020-08-10,5,10,2021-10-22
de,2020-08-11,2,10,2021-10-22
de,2020-08-12,6,10,2021-10-22
de,2020-08-13,5,10,2021-10-22
de,2020-08-14,9,10,2021-10-22
de,2020-08-15,5,10,2021-10-22
de,2020-08-16,7,10,2021-10-22
de,2020-08-17,3,10,2021-10-22
de,2020-08-18,10,10,2021-10-22
de,2020-08-19,5,10,2021-10-22
de,2020-08-20,4,10,2021-10-22
de,2020-08-21,14,10,2021-10-22
de,2020-08-22,4,10,2021-10-22
de,2020-08-23,7,10,2021-10-22
de,2020-08-24,10,10,2021-10-22
de,2020-08-25,10,10,2021-10-22
de,2020-08-26,6,10,2021-10-22
de,2020-08-27,11,10,2021-10-22
de,2020-08-28,10,10,2021-10-22
de,2020-08-29,13,10,2021-10-22
de,2020-08-30,6,10,2021-10-22
de,2020-08-31,8,10,2021-10-22
de,2020-09-01,10,10,2021-10-22
de,2020-09-02,10,10,2021-10-22
de,2020-09-03,10,10,2021-10-22
de,2020-09-04,9,10,2021-10-22
de,2020-09-05,6,10,2021-10-22
de,2020-09-06,7,10,2021-10-22
de,2020-09-07,6,10,2021-10-22
de,2020-09-08,9,10,2021-10-22
de,2020-09-09,8,10,2021-10-22
de,2020-09-10,10,10,2021-10-22
de,2020-09-11,5,10,2021-10-22
de,2020-09-12,3,10,2021-10-22
de,2020-09-13,5,10,2021-10-22
de,2020-09-14,3,10,2021-10-22
de,2020-09-15,8,10,2021-10-22
de,2020-09-16,3,10,2021-10-22
de,2020-09-17,4,10,2021-10-22
de,2020-09-18,7,10,2021-10-22
de,2020-09-19,9,10,2021-10-22
de,2020-09-20,7,10,2021-10-22
de,2020-09-21,1,10,2021-10-22
de,2020-09-22,12,10,2021-10-22
de,2020-09-23,4,10,2021-10-22
de,2020-09-24,9,10,2021-10-22
de,2020-09-25,8,10,2021-10-22
de,2020-09-26,8,10,2021-10-22
de,2020-09-27,13,10,2021-10-22
de,2020-09-28,10,10,2021-10-22
de,2020-09-29,12,10,2021-10-22
de,2020-09-30,10,10,2021-10-22
de,2020-10-01,9,10,2021-10-22
de,2020-10-02,11,10,2021-10-22
de,2020-10-03,7,10,2021-10-22
de,2020-10-04,14,10,2021-10-22
de,2020-10-05,14,10,2021-10-22
de,2020-10-06,18,10,2021-10-22
de,2020-10-07,13,10,2021-10-22
de,2020-10-08,14,10,2021-10-22
de,2020-10-09,10,10,2021-10-22
de,2020-10-10,6,10,2021-10-22
de,2020-10-11,9,10,2021-10-22
de,2020-10-12,19,10,2021-10-22
de,2020-10-13,14,10,2021-10-22
de,2020-10-14,11,10,2021-10-22
de,2020-10-15,16,10,2021-10-22
de,2020-10-16,17,10,2021-10-22
de,2020-10-17,13,10,2021-10-22
de,2020-10-18,14,10,2021-10-22
de,2020-10-19,15,10,2021-10-22
de,2020-10-20,11,10,2021-10-22
de,2020-10-21,14,10,2021-10-22
de,2020-10-22,9,10,2021-10-22
de,2020-10-23,9,10,2021-10-22
de,2020-10-24,12,10,2021-10-22
de,2020-10-25,9,10,2021-10-22
de,2020-10-26,8,10,2021-10-22
de,2020-10-27,13,10,2021-10-22
de,2020-10-28,13,10,2021-10-22
de,2020-10-29,5,10,2021-10-22
de,2020-10-30,17,10,2021-10-22
de,2020-10-31,10,10,2021-10-22
de,2020-11-01,14,10,2021-10-22
de,2020-11-02,13,10,2021-10-22
de,2020-11-03,17,10,2021-10-22
de,2020-11-04,12,10,2021-10-22
de,2020-11-05,10,10,2021-10-22
de,2020-11-06,16,10,2021-10-22
de,2020-11-07,17,10,2021-10-22
de,2020-11-08,18,10,2021-10-22
de,2020-11-09,13,10,2021-10-22
de,2020-11-10,24,10,2021-10-22
de,2020-11-11,17,10,2021-10-22
de,2020-11-12,24,10,2021-10-22
de,2020-11-13,31,10,2021-10-22
de,2020-11-14,18,10,2021-10-22
de,2020-11-15,19,10,2021-10-22
de,2020-11-16,19,10,2021-10-22
de,2020-11-17,21,10,2021-10-22
de,2020-11-18,21,10,2021-10-22
de,2020-11-19,25,10,2021-10-22
de,2020-11-20,38,10,2021-10-22
de,2020-11-21,18,10,2021-10-22
de,2020-11-22,30,10,2021-10-22
de,2020-11-23,34,10,2021-10-22
de,2020-11-24,32,10,2021-10-22
de,2020-11-25,40,10,2021-10-22
de,2020-11-26,30,10,2021-10-22
de,2020-11-27,42,10,2021-10-22
de,2020-11-28,39,10,2021-10-22
de,2020-11-29,38,10,2021-10-22
de,2020-11-30,47,10,2021-10-22
de,2020-12-01,51,10,2021-10-22
de,2020-12-02,63,10,2021-10-22
de,2020-12-03,41,10,2021-10-22
de,2020-12-04,70,10,2021-10-22
de,2020-12-05,63,10,2021-10-22
de,2020-12-06,46,10,2021-10-22
de,2020-12-07,52,10,2021-10-22
de,2020-12-08,56,10,2021-10-22
de,2020-12-09,52,10,2021-10-22
de,2020-12-10,44,10,2021-10-22
de,2020-12-11,45,10,2021-10-22
de,2020-12-12,50,10,2021-10-22
de,2020-12-13,59,10,2021-10-22
de,2020-12-14,47,10,2021-10-22
de,2020-12-15,63,10,2021-10-22
de,2020-12-16,54,10,2021-10-22
de,2020-12-17,39,10,2021-10-22
de,2020-12-18,46,10,2021-10-22
de,2020-12-19,42,10,2021-10-22
de,2020-12-20,55,10,2021-10-22
de,2020-12-21,51,10,2021-10-22
de,2020-12-22,52,10,2021-10-22
de,2020-12-23,40,10,2021-10-22
de,2020-12-24,55,10,2021-10-22
de,2020-12-25,32,10,2021-10-22
de,2020-12-26,50,10,2021-10-22
de,2020-12-27,44,10,2021-10-22
de,2020-12-28,48,10,2021-10-22
de,2020-12-29,41,10,2021-10-22
de,2020-12-30,48,10,2021-10-22
de,2020-12-31,49,10,2021-10-22
de,2021-01-01,40,10,2021-10-22
de,2021-01-02,59,10,2021-10-22
de,2021-01-03,52,10,2021-10-22
de,2021-01-04,45,10,2021-10-22
de,2021-01-05,52,10,2021-10-22
de,2021-01-06,61,10,2021-10-22
de,2021-01-07,44,10,2021-10-22
de,2021-01-08,66,10,2021-10-22
de,2021-01-09,59,10,2021-10-22
de,2021-01-10,40,10,2021-10-22
de,2021-01-11,49,10,2021-10-22
de,2021-01-12,51,10,2021-10-22
de,2021-01-13,58,10,2021-10-22
de,2021-01-14,62,10,2021-10-22
de,2021-01-15,66,10,2021-10-22
de,2021-01-16,42,10,2021-10-22
de,2021-01-17,51,10,2021-10-22
de,2021-01-18,63,10,2021-10-22
de,2021-01-19,60,10,2021-10-22
de,2021-01-20,47,10,2021-10-22
de,2021-01-21,48,10,2021-10-22
de,2021-01-22,42,10,2021-10-22
de,2021-01-23,39,10,2021-10-22
de,2021-01-24,38,10,2021-10-22
de,2021-01-25,49,10,2021-10-22
de,2021-01-26,26,10,2021-10-22
de,2021-01-27,38,10,2021-10-22
de,2021-01-28,36,10,2021-10-22
de,2021-01-29,42,10,2021-10-22
de,2021-01-30,34,10,2021-10-22
de,2021-01-31,42,10,2021-10-22
de,2021-02-01,44,10,2021-10-22
de,2021-02-02,36,10,2021-10-22
de,2021-02-03,36,10,2021-10-22
de,2021-02-04,18,10,2021-10-22
de,2021-02-05,33,10,2021-10-22
de,2021-02-06,23,10,2021-10-22
de,2021-02-07,24,10,2021-10-22
de,2021-02-08,26,10,2021-10-22
de,2021-02-09,27,10,2021-10-22
de,2021-02-10,37,10,2021-10-22
de,2021-02-11,30,10,2021-10-22
de,2021-02-12,22,10,2021-10-22
de,2021-02-13,24,10,2021-10-22
de,2021-02-14,11,10,2021-10-22
de,2021-02-15,25,10,2021-10-22
de,2021-02-16,26,10,2021-10-22
de,2021-02-17,13,10,2021-10-22
de,2021-02-18,17,10,2021-10-22
de,2021-02-19,20,10,2021-10-22
de,2021-02-20,25,10,2021-10-22
de,2021-02-21,21,10,2021-10-22
de,2021-02-22,20,10,2021-10-22
de,2021-02-23,19,10,2021-10-22
de,2021-02-24,22,10,2021-10-22
de,2021-02-25,20,10,2021-10-22
de,2021-02-26,19,10,2021-10-22
de,2021-02-27,13,10,2021-10-22
de,2021-02-28,15,10,2021-10-22
de,2021-03-01,13,10,2021-10-22
de,2021-03-02,14,10,2021-10-22
de,2021-03-03,12,10,2021-10-22
de,2021-03-04,15,10,2021-10-22
de,2021-03-05,8,10,2021-10-22
de,2021-03-06,7,10,2021-10-22
de,2021-03-07,6,10,2021-10-22
de,2021-03-08,15,10,2021-10-22
de,2021-03-09,16,10,2021-10-22
de,2021-03-10,8,10,2021-10-22
de,2021-03-11,17,10,2021-10-22
de,2021-03-12,8,10,2021-10-22
de,2021-03-13,15,10,2021-10-22
de,2021-03-14,17,10,2021-10-22
de,2021-03-15,16,10,2021-10-22
de,2021-03-16,8,10,2021-10-22
de,2021-03-17,19,10,2021-10-22
de,2021-03-18,7,10,2021-10-22
de,2021-03-19,19,10,2021-10-22
de,2021-03-20,16,10,2021-10-22
de,2021-03-21,13,10,2021-10-22
de,2021-03-22,15,10,2021-10-22
de,2021-03-23,14,10,2021-10-22
de,2021-03-24,19,10,2021-10-22
de,2021-03-25,20,10,2021-10-22
de,2021-03-26,13,10,2021-10-22
de,2021-03-27,20,10,2021-10-22
de,2021-03-28,21,10,2021-10-22
de,2021-03-29,15,10,2021-10-22
de,2021-03-30,22,10,2021-10-22
de,2021-03-31,17,10,2021-10-22
de,2021-04-01,23,10,2021-10-22
de,2021-04-02,20,10,2021-10-22
de,2021-04-03,14,10,2021-10-22
de,2021-04-04,16,10,2021-10-22
de,2021-04-05,20,10,2021-10-22
de,2021-04-06,17,10,2021-10-22
de,2021-04-07,23,10,2021-10-22
de,2021-04-08,25,10,2021-10-22
de,2021-04-09,21,10,2021-10-22
de,2021-04-10,24,10,2021-10-22
de,2021-04-11,23,10,2021-10-22
de,2021-04-12,20,10,2021-10-22
de,2021-04-13,25,10,2021-10-22
de,2021-04-14,23,10,2021-10-22
de,2021-04-15,17,10,2021-10-22
de,2021-04-16,31,10,2021-10-22
de,2021-04-17,33,10,2021-10-22
de,2021-04-18,23,10,2021-10-22
de,2021-04-19,28,10,2021-10-22
de,2021-04-20,25,10,2021-10-22
de,2021-04-21,19,10,2021-10-22
de,2021-04-22,16,10,2021-10-22
de,2021-04-23,18,10,2021-10-22
de,2021-04-24,25,10,2021-10-22
de,2021-04-25,19,10,2021-10-22
de,2021-04-26,25,10,2021-10-22
de,2021-04-27,18,10,2021-10-22
de,2021-04-28,18,10,2021-10-22
de,2021-04-29,27,10,2021-10-22
de,2021-04-30,16,10,2021-10-22
de,2021-05-01,11,10,2021-10-22
de,2021-05-02,20,10,2021-10-22
de,2021-05-03,12,10,2021-10-22
de,2021-05-04,14,10,2021-10-22
de,2021-05-05,12,10,2021-10-22
de,2021-05-06,13,10,2021-10-22
de,2021-05-07,11,10,2021-10-22
de,2021-05-08,13,10,2021-10-22
de,2021-05-09,13,10,2021-10-22
de,2021-05-10,10,10,2021-10-22
de,2021-05-11,13,10,2021-10-22
de,2021-05-12,9,10,2021-10-22
de,2021-05-13,13,10,2021-10-22
de,2021-05-14,14,10,2021-10-22
de,2021-05-15,8,10,2021-10-22
de,2021-05-16,11,10,2021-10-22
de,2021-05-17,11,10,2021-10-22
de,2021-05-18,9,10,2021-10-22
de,2021-05-19,12,10,2021-10-22
de,2021-05-20,8,10,2021-10-22
de,2021-05-21,8,10,2021-10-22
de,2021-05-22,10,10,2021-10-22
de,2021-05-23,7,10,2021-10-22
de,2021-05-24,14,10,2021-10-22
de,2021-05-25,7,10,2021-10-22
de,2021-05-26,9,10,2021-10-22
de,2021-05-27,6,10,2021-10-22
de,2021-05-28,7,10,2021-10-22
de,2021-05-29,5,10,2021-10-22
de,2021-05-30,1,10,2021-10-22
de,2021-05-31,9,10,2021-10-22
de,2021-06-01,12,10,2021-10-22
de,2021-06-02,3,10,2021-10-22
de,2021-06-03,5,10,2021-10-22
de,2021-06-04,3,10,2021-10-22
de,2021-06-05,6,10,2021-10-22
de,2021-06-06,3,10,2021-10-22
de,2021-06-07,4,10,2021-10-22
de,2021-06-08,3,10,2021-10-22
de,2021-06-09,2,10,2021-10-22
de,2021-06-10,3,10,2021-10-22
de,2021-06-11,3,10,2021-10-22
de,2021-06-12,2,10,2021-10-22
de,2021-06-13,2,10,2021-10-22
de,2021-06-14,1,10,2021-10-22
de,2021-06-15,5,10,2021-10-22
de,2021-06-16,6,10,2021-10-22
de,2021-06-17,1,10,2021-10-22
de,2021-06-18,0,10,2021-10-22
de,2021-06-19,2,10,2021-10-22
de,2021-06-20,0,10,2021-10-22
de,2021-06-21,4,10,2021-10-22
de,2021-06-22,4,10,2021-10-22
de,2021-06-23,1,10,2021-10-22
de,2021-06-24,2,10,2021-10-22
de,2021-06-25,0,10,2021-10-22
de,2021-06-26,1,10,2021-10-22
de,2021-06-27,1,10,2021-10-22
de,2021-06-28,0,10,2021-10-22
de,2021-06-29,2,10,2021-10-22
de,2021-06-30,3,10,2021-10-22
de,2021-07-01,1,10,2021-10-22
de,2021-07-02,1,10,2021-10-22
de,2021-07-03,2,10,2021-10-22
de,2021-07-04,2,10,2021-10-22
de,2021-07-05,0,10,2021-10-22
de,2021-07-06,5,10,2021-10-22
de,2021-07-07,5,10,2021-10-22
de,2021-07-08,2,10,2021-10-22
de,2021-07-09,4,10,2021-10-22
de,2021-07-10,3,10,2021-10-22
de,2021-07-11,1,10,2021-10-22
de,2021-07-12,0,10,2021-10-22
de,2021-07-13,4,10,2021-10-22
de,2021-07-14,2,10,2021-10-22
de,2021-07-15,4,10,2021-10-22
de,2021-07-16,4,10,2021-10-22
de,2021-07-17,5,10,2021-10-22
de,2021-07-18,6,10,2021-10-22
de,2021-07-19,2,10,2021-10-22
de,2021-07-20,0,10,2021-10-22
de,2021-07-21,4,10,2021-10-22
de,2021-07-22,6,10,2021-10-22
de,2021-07-23,3,10,2021-10-22
de,2021-07-24,4,10,2021-10-22
de,2021-07-25,0,10,2021-10-22
de,2021-07-26,2,10,2021-10-22
de,2021-07-27,2,10,2021-10-22
de,2021-07-28,3,10,2021-10-22
de,2021-07-29,2,10,2021-10-22
de,2021-07-30,4,10,2021-10-22
de,2021-07-31,4,10,2021-10-22
de,2021-08-01,7,10,2021-10-22
de,2021-08-02,8,10,2021-10-22
de,2021-08-03,13,10,2021-10-22
de,2021-08-04,13,10,2021-10-22
de,2021-08-05,9,10,2021-10-22
de,2021-08-06,11,10,2021-10-22
de,2021-08-07,11,10,2021-10-22
de,2021-08-08,14,10,2021-10-22
de,2021-08-09,19,10,2021-10-22
de,2021-08-10,15,10,2021-10-22
de,2021-08-11,12,10,2021-10-22
de,2021-08-12,19,10,2021-10-22
de,2021-08-13,17,10,2021-10-22
de,2021-08-14,15,10,2021-10-22
de,2021-08-15,26,10,2021-10-22
de,2021-08-16,20,10,2021-10-22
de,2021-08-17,39,10,2021-10-22
de,2021-08-18,31,10,2021-10-22
de,2021-08-19,20,10,2021-10-22
de,2021-08-20,23,10,2021-10-22
de,2021-08-21,18,10,2021-10-22
de,2021-08-22,19,10,2021-10-22
de,2021-08-23,26,10,2021-10-22
de,2021-08-24,22,10,2021-10-22
de,2021-08-25,24,10,2021-10-22
de,2021-08-26,30,10,2021-10-22
de,2021-08-27,35,10,2021-10-22
de,2021-08-28,41,10,2021-10-22
de,2021-08-29,22,10,2021-10-22
de,2021-08-30,33,10,2021-10-22
de,2021-08-31,25,10,2021-10-22
de,2021-09-01,25,10,2021-10-22
de,2021-09-02,22,10,2021-10-22
de,2021-09-03,26,10,2021-10-22
de,2021-09-04,22,10,2021-10-22
de,2021-09-05,25,10,2021-10-22
de,2021-09-06,21,10,2021-10-22
de,2021-09-07,30,10,2021-10-22
de,2021-09-08,28,10,2021-10-22
de,2021-09-09,41,10,2021-10-22
de,2021-09-10,37,10,2021-10-22
de,2021-09-11,32,10,2021-10-22
de,2021-09-12,33,10,2021-10-22
de,2021-09-13,20,10,2021-10-22
de,2021-09-14,23,10,2021-10-22
de,2021-09-15,28,10,2021-10-22
de,2021-09-16,28,10,2021-10-22
de,2021-09-17,39,10,2021-10-22
de,2021-09-18,18,10,2021-10-22
de,2021-09-19,28,10,2021-10-22
de,2021-09-20,26,10,2021-10-22
de,2021-09-21,28,10,2021-10-22
de,2021-09-22,29,10,2021-10-22
de,2021-09-23,39,10,2021-10-22
de,2021-09-24,24,10,2021-10-22
de,2021-09-25,26,10,2021-10-22
de,2021-09-26,29,10,2021-10-22
de,2021-09-27,23,10,2021-10-22
de,2021-09-28,31,10,2021-10-22
de,2021-09-29,29,10,2021-10-22
de,2021-09-30,26,10,2021-10-22
de,2021-10-01,22,10,2021-10-22
de,2021-10-02,23,10,2021-10-22
de,2021-10-03,26,10,2021-10-22
de,2021-10-04,32,10,2021-10-22
de,2021-10-05,14,10,2021-10-22
de,2021-10-06,31,10,2021-10-22
de,2021-10-07,27,10,2021-10-22
de,2021-10-08,23,10,2021-10-22
de,2021-10-09,20,10,2021-10-22
de,2021-10-10,27,10,2021-10-22
de,2021-10-11,23,10,2021-10-22
de,2021-10-12,28,10,2021-10-22
de,2021-10-13,40,10,2021-10-22
de,2021-10-14,23,10,2021-10-22
de,2021-10-15,32,10,2021-10-22
de,2021-10-16,14,10,2021-10-22
de,2021-10-17,19,10,2021-10-22
de,2021-10-18,25,10,2021-10-22
de,2021-10-19,20,10,2021-10-22
de,2021-10-20,19,10,2021-10-22
de,2021-10-21,19,10,2021-10-22
dc,2020-03-27,NA,11,2021-10-22
dc,2020-03-28,NA,11,2021-10-22
dc,2020-03-29,NA,11,2021-10-22
dc,2020-03-30,NA,11,2021-10-22
dc,2020-03-31,NA,11,2021-10-22
dc,2020-04-01,NA,11,2021-10-22
dc,2020-04-02,NA,11,2021-10-22
dc,2020-04-03,NA,11,2021-10-22
dc,2020-04-04,NA,11,2021-10-22
dc,2020-04-05,NA,11,2021-10-22
dc,2020-04-06,NA,11,2021-10-22
dc,2020-04-07,NA,11,2021-10-22
dc,2020-04-08,NA,11,2021-10-22
dc,2020-04-09,NA,11,2021-10-22
dc,2020-04-10,NA,11,2021-10-22
dc,2020-04-11,NA,11,2021-10-22
dc,2020-04-12,NA,11,2021-10-22
dc,2020-04-13,NA,11,2021-10-22
dc,2020-04-14,NA,11,2021-10-22
dc,2020-04-15,NA,11,2021-10-22
dc,2020-04-16,NA,11,2021-10-22
dc,2020-04-17,NA,11,2021-10-22
dc,2020-04-18,NA,11,2021-10-22
dc,2020-04-19,NA,11,2021-10-22
dc,2020-04-20,NA,11,2021-10-22
dc,2020-04-21,NA,11,2021-10-22
dc,2020-04-22,NA,11,2021-10-22
dc,2020-04-23,NA,11,2021-10-22
dc,2020-04-24,NA,11,2021-10-22
dc,2020-04-25,NA,11,2021-10-22
dc,2020-04-26,NA,11,2021-10-22
dc,2020-04-27,NA,11,2021-10-22
dc,2020-04-28,NA,11,2021-10-22
dc,2020-04-29,NA,11,2021-10-22
dc,2020-04-30,NA,11,2021-10-22
dc,2020-05-01,NA,11,2021-10-22
dc,2020-05-02,NA,11,2021-10-22
dc,2020-05-03,NA,11,2021-10-22
dc,2020-05-04,NA,11,2021-10-22
dc,2020-05-05,NA,11,2021-10-22
dc,2020-05-06,NA,11,2021-10-22
dc,2020-05-07,NA,11,2021-10-22
dc,2020-05-08,NA,11,2021-10-22
dc,2020-05-09,NA,11,2021-10-22
dc,2020-05-10,NA,11,2021-10-22
dc,2020-05-11,NA,11,2021-10-22
dc,2020-05-12,NA,11,2021-10-22
dc,2020-05-13,NA,11,2021-10-22
dc,2020-05-14,NA,11,2021-10-22
dc,2020-05-15,NA,11,2021-10-22
dc,2020-05-16,NA,11,2021-10-22
dc,2020-05-17,NA,11,2021-10-22
dc,2020-05-18,NA,11,2021-10-22
dc,2020-05-19,NA,11,2021-10-22
dc,2020-05-20,NA,11,2021-10-22
dc,2020-05-21,NA,11,2021-10-22
dc,2020-05-22,NA,11,2021-10-22
dc,2020-05-23,NA,11,2021-10-22
dc,2020-05-24,NA,11,2021-10-22
dc,2020-05-25,NA,11,2021-10-22
dc,2020-05-26,NA,11,2021-10-22
dc,2020-05-27,NA,11,2021-10-22
dc,2020-05-28,NA,11,2021-10-22
dc,2020-05-29,NA,11,2021-10-22
dc,2020-05-30,NA,11,2021-10-22
dc,2020-05-31,NA,11,2021-10-22
dc,2020-06-01,NA,11,2021-10-22
dc,2020-06-02,NA,11,2021-10-22
dc,2020-06-03,NA,11,2021-10-22
dc,2020-06-04,NA,11,2021-10-22
dc,2020-06-05,NA,11,2021-10-22
dc,2020-06-06,NA,11,2021-10-22
dc,2020-06-07,NA,11,2021-10-22
dc,2020-06-08,NA,11,2021-10-22
dc,2020-06-09,NA,11,2021-10-22
dc,2020-06-10,NA,11,2021-10-22
dc,2020-06-11,NA,11,2021-10-22
dc,2020-06-12,NA,11,2021-10-22
dc,2020-06-13,NA,11,2021-10-22
dc,2020-06-14,NA,11,2021-10-22
dc,2020-06-15,NA,11,2021-10-22
dc,2020-06-16,NA,11,2021-10-22
dc,2020-06-17,NA,11,2021-10-22
dc,2020-06-18,NA,11,2021-10-22
dc,2020-06-19,NA,11,2021-10-22
dc,2020-06-20,NA,11,2021-10-22
dc,2020-06-21,NA,11,2021-10-22
dc,2020-06-22,NA,11,2021-10-22
dc,2020-06-23,NA,11,2021-10-22
dc,2020-06-24,NA,11,2021-10-22
dc,2020-06-25,NA,11,2021-10-22
dc,2020-06-26,NA,11,2021-10-22
dc,2020-06-27,NA,11,2021-10-22
dc,2020-06-28,NA,11,2021-10-22
dc,2020-06-29,NA,11,2021-10-22
dc,2020-06-30,NA,11,2021-10-22
dc,2020-07-01,NA,11,2021-10-22
dc,2020-07-02,NA,11,2021-10-22
dc,2020-07-03,NA,11,2021-10-22
dc,2020-07-04,NA,11,2021-10-22
dc,2020-07-05,NA,11,2021-10-22
dc,2020-07-06,NA,11,2021-10-22
dc,2020-07-07,NA,11,2021-10-22
dc,2020-07-08,NA,11,2021-10-22
dc,2020-07-09,NA,11,2021-10-22
dc,2020-07-10,NA,11,2021-10-22
dc,2020-07-11,NA,11,2021-10-22
dc,2020-07-12,NA,11,2021-10-22
dc,2020-07-13,NA,11,2021-10-22
dc,2020-07-14,4,11,2021-10-22
dc,2020-07-15,11,11,2021-10-22
dc,2020-07-16,7,11,2021-10-22
dc,2020-07-17,7,11,2021-10-22
dc,2020-07-18,6,11,2021-10-22
dc,2020-07-19,7,11,2021-10-22
dc,2020-07-20,7,11,2021-10-22
dc,2020-07-21,58,11,2021-10-22
dc,2020-07-22,61,11,2021-10-22
dc,2020-07-23,45,11,2021-10-22
dc,2020-07-24,45,11,2021-10-22
dc,2020-07-25,45,11,2021-10-22
dc,2020-07-26,41,11,2021-10-22
dc,2020-07-27,41,11,2021-10-22
dc,2020-07-28,9,11,2021-10-22
dc,2020-07-29,11,11,2021-10-22
dc,2020-07-30,21,11,2021-10-22
dc,2020-07-31,17,11,2021-10-22
dc,2020-08-01,12,11,2021-10-22
dc,2020-08-02,5,11,2021-10-22
dc,2020-08-03,18,11,2021-10-22
dc,2020-08-04,24,11,2021-10-22
dc,2020-08-05,17,11,2021-10-22
dc,2020-08-06,13,11,2021-10-22
dc,2020-08-07,17,11,2021-10-22
dc,2020-08-08,12,11,2021-10-22
dc,2020-08-09,14,11,2021-10-22
dc,2020-08-10,13,11,2021-10-22
dc,2020-08-11,18,11,2021-10-22
dc,2020-08-12,24,11,2021-10-22
dc,2020-08-13,15,11,2021-10-22
dc,2020-08-14,11,11,2021-10-22
dc,2020-08-15,10,11,2021-10-22
dc,2020-08-16,7,11,2021-10-22
dc,2020-08-17,15,11,2021-10-22
dc,2020-08-18,11,11,2021-10-22
dc,2020-08-19,17,11,2021-10-22
dc,2020-08-20,17,11,2021-10-22
dc,2020-08-21,14,11,2021-10-22
dc,2020-08-22,4,11,2021-10-22
dc,2020-08-23,10,11,2021-10-22
dc,2020-08-24,13,11,2021-10-22
dc,2020-08-25,9,11,2021-10-22
dc,2020-08-26,14,11,2021-10-22
dc,2020-08-27,16,11,2021-10-22
dc,2020-08-28,7,11,2021-10-22
dc,2020-08-29,11,11,2021-10-22
dc,2020-08-30,11,11,2021-10-22
dc,2020-08-31,19,11,2021-10-22
dc,2020-09-01,11,11,2021-10-22
dc,2020-09-02,11,11,2021-10-22
dc,2020-09-03,12,11,2021-10-22
dc,2020-09-04,7,11,2021-10-22
dc,2020-09-05,8,11,2021-10-22
dc,2020-09-06,12,11,2021-10-22
dc,2020-09-07,16,11,2021-10-22
dc,2020-09-08,13,11,2021-10-22
dc,2020-09-09,21,11,2021-10-22
dc,2020-09-10,13,11,2021-10-22
dc,2020-09-11,9,11,2021-10-22
dc,2020-09-12,6,11,2021-10-22
dc,2020-09-13,7,11,2021-10-22
dc,2020-09-14,11,11,2021-10-22
dc,2020-09-15,11,11,2021-10-22
dc,2020-09-16,7,11,2021-10-22
dc,2020-09-17,8,11,2021-10-22
dc,2020-09-18,12,11,2021-10-22
dc,2020-09-19,10,11,2021-10-22
dc,2020-09-20,11,11,2021-10-22
dc,2020-09-21,7,11,2021-10-22
dc,2020-09-22,16,11,2021-10-22
dc,2020-09-23,6,11,2021-10-22
dc,2020-09-24,10,11,2021-10-22
dc,2020-09-25,25,11,2021-10-22
dc,2020-09-26,5,11,2021-10-22
dc,2020-09-27,6,11,2021-10-22
dc,2020-09-28,13,11,2021-10-22
dc,2020-09-29,10,11,2021-10-22
dc,2020-09-30,16,11,2021-10-22
dc,2020-10-01,6,11,2021-10-22
dc,2020-10-02,12,11,2021-10-22
dc,2020-10-03,8,11,2021-10-22
dc,2020-10-04,11,11,2021-10-22
dc,2020-10-05,17,11,2021-10-22
dc,2020-10-06,9,11,2021-10-22
dc,2020-10-07,15,11,2021-10-22
dc,2020-10-08,11,11,2021-10-22
dc,2020-10-09,10,11,2021-10-22
dc,2020-10-10,12,11,2021-10-22
dc,2020-10-11,9,11,2021-10-22
dc,2020-10-12,9,11,2021-10-22
dc,2020-10-13,11,11,2021-10-22
dc,2020-10-14,10,11,2021-10-22
dc,2020-10-15,8,11,2021-10-22
dc,2020-10-16,2,11,2021-10-22
dc,2020-10-17,7,11,2021-10-22
dc,2020-10-18,17,11,2021-10-22
dc,2020-10-19,12,11,2021-10-22
dc,2020-10-20,13,11,2021-10-22
dc,2020-10-21,8,11,2021-10-22
dc,2020-10-22,14,11,2021-10-22
dc,2020-10-23,16,11,2021-10-22
dc,2020-10-24,10,11,2021-10-22
dc,2020-10-25,11,11,2021-10-22
dc,2020-10-26,10,11,2021-10-22
dc,2020-10-27,11,11,2021-10-22
dc,2020-10-28,18,11,2021-10-22
dc,2020-10-29,15,11,2021-10-22
dc,2020-10-30,14,11,2021-10-22
dc,2020-10-31,6,11,2021-10-22
dc,2020-11-01,12,11,2021-10-22
dc,2020-11-02,13,11,2021-10-22
dc,2020-11-03,12,11,2021-10-22
dc,2020-11-04,6,11,2021-10-22
dc,2020-11-05,7,11,2021-10-22
dc,2020-11-06,19,11,2021-10-22
dc,2020-11-07,19,11,2021-10-22
dc,2020-11-08,23,11,2021-10-22
dc,2020-11-09,21,11,2021-10-22
dc,2020-11-10,21,11,2021-10-22
dc,2020-11-11,22,11,2021-10-22
dc,2020-11-12,12,11,2021-10-22
dc,2020-11-13,12,11,2021-10-22
dc,2020-11-14,14,11,2021-10-22
dc,2020-11-15,13,11,2021-10-22
dc,2020-11-16,29,11,2021-10-22
dc,2020-11-17,22,11,2021-10-22
dc,2020-11-18,18,11,2021-10-22
dc,2020-11-19,12,11,2021-10-22
dc,2020-11-20,26,11,2021-10-22
dc,2020-11-21,14,11,2021-10-22
dc,2020-11-22,18,11,2021-10-22
dc,2020-11-23,19,11,2021-10-22
dc,2020-11-24,17,11,2021-10-22
dc,2020-11-25,21,11,2021-10-22
dc,2020-11-26,25,11,2021-10-22
dc,2020-11-27,14,11,2021-10-22
dc,2020-11-28,24,11,2021-10-22
dc,2020-11-29,23,11,2021-10-22
dc,2020-11-30,25,11,2021-10-22
dc,2020-12-01,39,11,2021-10-22
dc,2020-12-02,39,11,2021-10-22
dc,2020-12-03,30,11,2021-10-22
dc,2020-12-04,26,11,2021-10-22
dc,2020-12-05,22,11,2021-10-22
dc,2020-12-06,33,11,2021-10-22
dc,2020-12-07,27,11,2021-10-22
dc,2020-12-08,27,11,2021-10-22
dc,2020-12-09,37,11,2021-10-22
dc,2020-12-10,35,11,2021-10-22
dc,2020-12-11,22,11,2021-10-22
dc,2020-12-12,39,11,2021-10-22
dc,2020-12-13,25,11,2021-10-22
dc,2020-12-14,26,11,2021-10-22
dc,2020-12-15,30,11,2021-10-22
dc,2020-12-16,39,11,2021-10-22
dc,2020-12-17,29,11,2021-10-22
dc,2020-12-18,30,11,2021-10-22
dc,2020-12-19,20,11,2021-10-22
dc,2020-12-20,66,11,2021-10-22
dc,2020-12-21,28,11,2021-10-22
dc,2020-12-22,35,11,2021-10-22
dc,2020-12-23,32,11,2021-10-22
dc,2020-12-24,33,11,2021-10-22
dc,2020-12-25,15,11,2021-10-22
dc,2020-12-26,23,11,2021-10-22
dc,2020-12-27,34,11,2021-10-22
dc,2020-12-28,25,11,2021-10-22
dc,2020-12-29,37,11,2021-10-22
dc,2020-12-30,34,11,2021-10-22
dc,2020-12-31,35,11,2021-10-22
dc,2021-01-01,40,11,2021-10-22
dc,2021-01-02,33,11,2021-10-22
dc,2021-01-03,29,11,2021-10-22
dc,2021-01-04,43,11,2021-10-22
dc,2021-01-05,46,11,2021-10-22
dc,2021-01-06,37,11,2021-10-22
dc,2021-01-07,52,11,2021-10-22
dc,2021-01-08,26,11,2021-10-22
dc,2021-01-09,28,11,2021-10-22
dc,2021-01-10,47,11,2021-10-22
dc,2021-01-11,57,11,2021-10-22
dc,2021-01-12,32,11,2021-10-22
dc,2021-01-13,38,11,2021-10-22
dc,2021-01-14,28,11,2021-10-22
dc,2021-01-15,32,11,2021-10-22
dc,2021-01-16,43,11,2021-10-22
dc,2021-01-17,22,11,2021-10-22
dc,2021-01-18,26,11,2021-10-22
dc,2021-01-19,27,11,2021-10-22
dc,2021-01-20,26,11,2021-10-22
dc,2021-01-21,40,11,2021-10-22
dc,2021-01-22,37,11,2021-10-22
dc,2021-01-23,33,11,2021-10-22
dc,2021-01-24,21,11,2021-10-22
dc,2021-01-25,46,11,2021-10-22
dc,2021-01-26,33,11,2021-10-22
dc,2021-01-27,20,11,2021-10-22
dc,2021-01-28,32,11,2021-10-22
dc,2021-01-29,32,11,2021-10-22
dc,2021-01-30,19,11,2021-10-22
dc,2021-01-31,21,11,2021-10-22
dc,2021-02-01,31,11,2021-10-22
dc,2021-02-02,40,11,2021-10-22
dc,2021-02-03,44,11,2021-10-22
dc,2021-02-04,36,11,2021-10-22
dc,2021-02-05,29,11,2021-10-22
dc,2021-02-06,31,11,2021-10-22
dc,2021-02-07,19,11,2021-10-22
dc,2021-02-08,23,11,2021-10-22
dc,2021-02-09,25,11,2021-10-22
dc,2021-02-10,25,11,2021-10-22
dc,2021-02-11,17,11,2021-10-22
dc,2021-02-12,32,11,2021-10-22
dc,2021-02-13,18,11,2021-10-22
dc,2021-02-14,21,11,2021-10-22
dc,2021-02-15,30,11,2021-10-22
dc,2021-02-16,30,11,2021-10-22
dc,2021-02-17,24,11,2021-10-22
dc,2021-02-18,16,11,2021-10-22
dc,2021-02-19,26,11,2021-10-22
dc,2021-02-20,29,11,2021-10-22
dc,2021-02-21,17,11,2021-10-22
dc,2021-02-22,24,11,2021-10-22
dc,2021-02-23,24,11,2021-10-22
dc,2021-02-24,22,11,2021-10-22
dc,2021-02-25,21,11,2021-10-22
dc,2021-02-26,14,11,2021-10-22
dc,2021-02-27,13,11,2021-10-22
dc,2021-02-28,13,11,2021-10-22
dc,2021-03-01,23,11,2021-10-22
dc,2021-03-02,20,11,2021-10-22
dc,2021-03-03,8,11,2021-10-22
dc,2021-03-04,15,11,2021-10-22
dc,2021-03-05,21,11,2021-10-22
dc,2021-03-06,15,11,2021-10-22
dc,2021-03-07,24,11,2021-10-22
dc,2021-03-08,19,11,2021-10-22
dc,2021-03-09,15,11,2021-10-22
dc,2021-03-10,12,11,2021-10-22
dc,2021-03-11,21,11,2021-10-22
dc,2021-03-12,19,11,2021-10-22
dc,2021-03-13,21,11,2021-10-22
dc,2021-03-14,25,11,2021-10-22
dc,2021-03-15,12,11,2021-10-22
dc,2021-03-16,18,11,2021-10-22
dc,2021-03-17,12,11,2021-10-22
dc,2021-03-18,19,11,2021-10-22
dc,2021-03-19,19,11,2021-10-22
dc,2021-03-20,10,11,2021-10-22
dc,2021-03-21,18,11,2021-10-22
dc,2021-03-22,23,11,2021-10-22
dc,2021-03-23,22,11,2021-10-22
dc,2021-03-24,15,11,2021-10-22
dc,2021-03-25,15,11,2021-10-22
dc,2021-03-26,24,11,2021-10-22
dc,2021-03-27,16,11,2021-10-22
dc,2021-03-28,19,11,2021-10-22
dc,2021-03-29,20,11,2021-10-22
dc,2021-03-30,21,11,2021-10-22
dc,2021-03-31,19,11,2021-10-22
dc,2021-04-01,17,11,2021-10-22
dc,2021-04-02,15,11,2021-10-22
dc,2021-04-03,15,11,2021-10-22
dc,2021-04-04,10,11,2021-10-22
dc,2021-04-05,35,11,2021-10-22
dc,2021-04-06,27,11,2021-10-22
dc,2021-04-07,25,11,2021-10-22
dc,2021-04-08,16,11,2021-10-22
dc,2021-04-09,15,11,2021-10-22
dc,2021-04-10,13,11,2021-10-22
dc,2021-04-11,19,11,2021-10-22
dc,2021-04-12,13,11,2021-10-22
dc,2021-04-13,14,11,2021-10-22
dc,2021-04-14,23,11,2021-10-22
dc,2021-04-15,19,11,2021-10-22
dc,2021-04-16,17,11,2021-10-22
dc,2021-04-17,22,11,2021-10-22
dc,2021-04-18,15,11,2021-10-22
dc,2021-04-19,24,11,2021-10-22
dc,2021-04-20,26,11,2021-10-22
dc,2021-04-21,14,11,2021-10-22
dc,2021-04-22,17,11,2021-10-22
dc,2021-04-23,15,11,2021-10-22
dc,2021-04-24,9,11,2021-10-22
dc,2021-04-25,14,11,2021-10-22
dc,2021-04-26,12,11,2021-10-22
dc,2021-04-27,12,11,2021-10-22
dc,2021-04-28,23,11,2021-10-22
dc,2021-04-29,19,11,2021-10-22
dc,2021-04-30,12,11,2021-10-22
dc,2021-05-01,14,11,2021-10-22
dc,2021-05-02,8,11,2021-10-22
dc,2021-05-03,11,11,2021-10-22
dc,2021-05-04,14,11,2021-10-22
dc,2021-05-05,10,11,2021-10-22
dc,2021-05-06,14,11,2021-10-22
dc,2021-05-07,17,11,2021-10-22
dc,2021-05-08,13,11,2021-10-22
dc,2021-05-09,12,11,2021-10-22
dc,2021-05-10,9,11,2021-10-22
dc,2021-05-11,9,11,2021-10-22
dc,2021-05-12,11,11,2021-10-22
dc,2021-05-13,12,11,2021-10-22
dc,2021-05-14,8,11,2021-10-22
dc,2021-05-15,10,11,2021-10-22
dc,2021-05-16,7,11,2021-10-22
dc,2021-05-17,5,11,2021-10-22
dc,2021-05-18,8,11,2021-10-22
dc,2021-05-19,5,11,2021-10-22
dc,2021-05-20,10,11,2021-10-22
dc,2021-05-21,8,11,2021-10-22
dc,2021-05-22,7,11,2021-10-22
dc,2021-05-23,12,11,2021-10-22
dc,2021-05-24,9,11,2021-10-22
dc,2021-05-25,10,11,2021-10-22
dc,2021-05-26,6,11,2021-10-22
dc,2021-05-27,7,11,2021-10-22
dc,2021-05-28,3,11,2021-10-22
dc,2021-05-29,3,11,2021-10-22
dc,2021-05-30,9,11,2021-10-22
dc,2021-05-31,11,11,2021-10-22
dc,2021-06-01,6,11,2021-10-22
dc,2021-06-02,7,11,2021-10-22
dc,2021-06-03,8,11,2021-10-22
dc,2021-06-04,10,11,2021-10-22
dc,2021-06-05,4,11,2021-10-22
dc,2021-06-06,2,11,2021-10-22
dc,2021-06-07,5,11,2021-10-22
dc,2021-06-08,5,11,2021-10-22
dc,2021-06-09,4,11,2021-10-22
dc,2021-06-10,7,11,2021-10-22
dc,2021-06-11,10,11,2021-10-22
dc,2021-06-12,5,11,2021-10-22
dc,2021-06-13,4,11,2021-10-22
dc,2021-06-14,3,11,2021-10-22
dc,2021-06-15,5,11,2021-10-22
dc,2021-06-16,6,11,2021-10-22
dc,2021-06-17,7,11,2021-10-22
dc,2021-06-18,4,11,2021-10-22
dc,2021-06-19,1,11,2021-10-22
dc,2021-06-20,4,11,2021-10-22
dc,2021-06-21,2,11,2021-10-22
dc,2021-06-22,7,11,2021-10-22
dc,2021-06-23,6,11,2021-10-22
dc,2021-06-24,4,11,2021-10-22
dc,2021-06-25,5,11,2021-10-22
dc,2021-06-26,4,11,2021-10-22
dc,2021-06-27,4,11,2021-10-22
dc,2021-06-28,1,11,2021-10-22
dc,2021-06-29,5,11,2021-10-22
dc,2021-06-30,4,11,2021-10-22
dc,2021-07-01,9,11,2021-10-22
dc,2021-07-02,7,11,2021-10-22
dc,2021-07-03,1,11,2021-10-22
dc,2021-07-04,1,11,2021-10-22
dc,2021-07-05,4,11,2021-10-22
dc,2021-07-06,4,11,2021-10-22
dc,2021-07-07,1,11,2021-10-22
dc,2021-07-08,1,11,2021-10-22
dc,2021-07-09,1,11,2021-10-22
dc,2021-07-10,3,11,2021-10-22
dc,2021-07-11,0,11,2021-10-22
dc,2021-07-12,5,11,2021-10-22
dc,2021-07-13,5,11,2021-10-22
dc,2021-07-14,7,11,2021-10-22
dc,2021-07-15,3,11,2021-10-22
dc,2021-07-16,2,11,2021-10-22
dc,2021-07-17,1,11,2021-10-22
dc,2021-07-18,2,11,2021-10-22
dc,2021-07-19,4,11,2021-10-22
dc,2021-07-20,5,11,2021-10-22
dc,2021-07-21,3,11,2021-10-22
dc,2021-07-22,6,11,2021-10-22
dc,2021-07-23,0,11,2021-10-22
dc,2021-07-24,2,11,2021-10-22
dc,2021-07-25,3,11,2021-10-22
dc,2021-07-26,5,11,2021-10-22
dc,2021-07-27,3,11,2021-10-22
dc,2021-07-28,1,11,2021-10-22
dc,2021-07-29,4,11,2021-10-22
dc,2021-07-30,7,11,2021-10-22
dc,2021-07-31,5,11,2021-10-22
dc,2021-08-01,5,11,2021-10-22
dc,2021-08-02,5,11,2021-10-22
dc,2021-08-03,4,11,2021-10-22
dc,2021-08-04,7,11,2021-10-22
dc,2021-08-05,14,11,2021-10-22
dc,2021-08-06,7,11,2021-10-22
dc,2021-08-07,5,11,2021-10-22
dc,2021-08-08,11,11,2021-10-22
dc,2021-08-09,17,11,2021-10-22
dc,2021-08-10,12,11,2021-10-22
dc,2021-08-11,15,11,2021-10-22
dc,2021-08-12,14,11,2021-10-22
dc,2021-08-13,14,11,2021-10-22
dc,2021-08-14,17,11,2021-10-22
dc,2021-08-15,17,11,2021-10-22
dc,2021-08-16,14,11,2021-10-22
dc,2021-08-17,16,11,2021-10-22
dc,2021-08-18,91,11,2021-10-22
dc,2021-08-19,16,11,2021-10-22
dc,2021-08-20,14,11,2021-10-22
dc,2021-08-21,21,11,2021-10-22
dc,2021-08-22,22,11,2021-10-22
dc,2021-08-23,23,11,2021-10-22
dc,2021-08-24,17,11,2021-10-22
dc,2021-08-25,17,11,2021-10-22
dc,2021-08-26,17,11,2021-10-22
dc,2021-08-27,21,11,2021-10-22
dc,2021-08-28,9,11,2021-10-22
dc,2021-08-29,13,11,2021-10-22
dc,2021-08-30,15,11,2021-10-22
dc,2021-08-31,15,11,2021-10-22
dc,2021-09-01,14,11,2021-10-22
dc,2021-09-02,11,11,2021-10-22
dc,2021-09-03,18,11,2021-10-22
dc,2021-09-04,18,11,2021-10-22
dc,2021-09-05,15,11,2021-10-22
dc,2021-09-06,19,11,2021-10-22
dc,2021-09-07,23,11,2021-10-22
dc,2021-09-08,25,11,2021-10-22
dc,2021-09-09,22,11,2021-10-22
dc,2021-09-10,21,11,2021-10-22
dc,2021-09-11,10,11,2021-10-22
dc,2021-09-12,10,11,2021-10-22
dc,2021-09-13,13,11,2021-10-22
dc,2021-09-14,14,11,2021-10-22
dc,2021-09-15,16,11,2021-10-22
dc,2021-09-16,20,11,2021-10-22
dc,2021-09-17,17,11,2021-10-22
dc,2021-09-18,20,11,2021-10-22
dc,2021-09-19,16,11,2021-10-22
dc,2021-09-20,16,11,2021-10-22
dc,2021-09-21,11,11,2021-10-22
dc,2021-09-22,15,11,2021-10-22
dc,2021-09-23,13,11,2021-10-22
dc,2021-09-24,12,11,2021-10-22
dc,2021-09-25,17,11,2021-10-22
dc,2021-09-26,12,11,2021-10-22
dc,2021-09-27,13,11,2021-10-22
dc,2021-09-28,13,11,2021-10-22
dc,2021-09-29,11,11,2021-10-22
dc,2021-09-30,14,11,2021-10-22
dc,2021-10-01,12,11,2021-10-22
dc,2021-10-02,8,11,2021-10-22
dc,2021-10-03,12,11,2021-10-22
dc,2021-10-04,12,11,2021-10-22
dc,2021-10-05,11,11,2021-10-22
dc,2021-10-06,15,11,2021-10-22
dc,2021-10-07,13,11,2021-10-22
dc,2021-10-08,8,11,2021-10-22
dc,2021-10-09,10,11,2021-10-22
dc,2021-10-10,9,11,2021-10-22
dc,2021-10-11,9,11,2021-10-22
dc,2021-10-12,6,11,2021-10-22
dc,2021-10-13,8,11,2021-10-22
dc,2021-10-14,8,11,2021-10-22
dc,2021-10-15,17,11,2021-10-22
dc,2021-10-16,6,11,2021-10-22
dc,2021-10-17,7,11,2021-10-22
dc,2021-10-18,8,11,2021-10-22
dc,2021-10-19,7,11,2021-10-22
dc,2021-10-20,10,11,2021-10-22
dc,2021-10-21,10,11,2021-10-22
fl,2020-03-11,NA,12,2021-10-22
fl,2020-03-12,NA,12,2021-10-22
fl,2020-03-13,NA,12,2021-10-22
fl,2020-03-14,NA,12,2021-10-22
fl,2020-03-15,NA,12,2021-10-22
fl,2020-03-16,NA,12,2021-10-22
fl,2020-03-17,NA,12,2021-10-22
fl,2020-03-18,NA,12,2021-10-22
fl,2020-03-19,NA,12,2021-10-22
fl,2020-03-20,NA,12,2021-10-22
fl,2020-03-21,NA,12,2021-10-22
fl,2020-03-22,NA,12,2021-10-22
fl,2020-03-23,NA,12,2021-10-22
fl,2020-03-24,NA,12,2021-10-22
fl,2020-03-25,NA,12,2021-10-22
fl,2020-03-26,NA,12,2021-10-22
fl,2020-03-27,NA,12,2021-10-22
fl,2020-03-28,NA,12,2021-10-22
fl,2020-03-29,NA,12,2021-10-22
fl,2020-03-30,NA,12,2021-10-22
fl,2020-03-31,NA,12,2021-10-22
fl,2020-04-01,NA,12,2021-10-22
fl,2020-04-02,NA,12,2021-10-22
fl,2020-04-03,NA,12,2021-10-22
fl,2020-04-04,NA,12,2021-10-22
fl,2020-04-05,NA,12,2021-10-22
fl,2020-04-06,NA,12,2021-10-22
fl,2020-04-07,NA,12,2021-10-22
fl,2020-04-08,NA,12,2021-10-22
fl,2020-04-09,NA,12,2021-10-22
fl,2020-04-10,NA,12,2021-10-22
fl,2020-04-11,NA,12,2021-10-22
fl,2020-04-12,NA,12,2021-10-22
fl,2020-04-13,NA,12,2021-10-22
fl,2020-04-14,NA,12,2021-10-22
fl,2020-04-15,NA,12,2021-10-22
fl,2020-04-16,NA,12,2021-10-22
fl,2020-04-17,NA,12,2021-10-22
fl,2020-04-18,NA,12,2021-10-22
fl,2020-04-19,NA,12,2021-10-22
fl,2020-04-20,NA,12,2021-10-22
fl,2020-04-21,NA,12,2021-10-22
fl,2020-04-22,NA,12,2021-10-22
fl,2020-04-23,NA,12,2021-10-22
fl,2020-04-24,NA,12,2021-10-22
fl,2020-04-25,NA,12,2021-10-22
fl,2020-04-26,NA,12,2021-10-22
fl,2020-04-27,NA,12,2021-10-22
fl,2020-04-28,NA,12,2021-10-22
fl,2020-04-29,NA,12,2021-10-22
fl,2020-04-30,NA,12,2021-10-22
fl,2020-05-01,NA,12,2021-10-22
fl,2020-05-02,NA,12,2021-10-22
fl,2020-05-03,NA,12,2021-10-22
fl,2020-05-04,NA,12,2021-10-22
fl,2020-05-05,NA,12,2021-10-22
fl,2020-05-06,NA,12,2021-10-22
fl,2020-05-07,NA,12,2021-10-22
fl,2020-05-08,NA,12,2021-10-22
fl,2020-05-09,NA,12,2021-10-22
fl,2020-05-10,NA,12,2021-10-22
fl,2020-05-11,NA,12,2021-10-22
fl,2020-05-12,NA,12,2021-10-22
fl,2020-05-13,NA,12,2021-10-22
fl,2020-05-14,NA,12,2021-10-22
fl,2020-05-15,NA,12,2021-10-22
fl,2020-05-16,NA,12,2021-10-22
fl,2020-05-17,NA,12,2021-10-22
fl,2020-05-18,NA,12,2021-10-22
fl,2020-05-19,NA,12,2021-10-22
fl,2020-05-20,NA,12,2021-10-22
fl,2020-05-21,NA,12,2021-10-22
fl,2020-05-22,NA,12,2021-10-22
fl,2020-05-23,NA,12,2021-10-22
fl,2020-05-24,NA,12,2021-10-22
fl,2020-05-25,NA,12,2021-10-22
fl,2020-05-26,NA,12,2021-10-22
fl,2020-05-27,NA,12,2021-10-22
fl,2020-05-28,NA,12,2021-10-22
fl,2020-05-29,NA,12,2021-10-22
fl,2020-05-30,NA,12,2021-10-22
fl,2020-05-31,NA,12,2021-10-22
fl,2020-06-01,NA,12,2021-10-22
fl,2020-06-02,NA,12,2021-10-22
fl,2020-06-03,NA,12,2021-10-22
fl,2020-06-04,NA,12,2021-10-22
fl,2020-06-05,NA,12,2021-10-22
fl,2020-06-06,NA,12,2021-10-22
fl,2020-06-07,NA,12,2021-10-22
fl,2020-06-08,NA,12,2021-10-22
fl,2020-06-09,NA,12,2021-10-22
fl,2020-06-10,NA,12,2021-10-22
fl,2020-06-11,NA,12,2021-10-22
fl,2020-06-12,NA,12,2021-10-22
fl,2020-06-13,NA,12,2021-10-22
fl,2020-06-14,NA,12,2021-10-22
fl,2020-06-15,NA,12,2021-10-22
fl,2020-06-16,NA,12,2021-10-22
fl,2020-06-17,NA,12,2021-10-22
fl,2020-06-18,NA,12,2021-10-22
fl,2020-06-19,NA,12,2021-10-22
fl,2020-06-20,NA,12,2021-10-22
fl,2020-06-21,NA,12,2021-10-22
fl,2020-06-22,NA,12,2021-10-22
fl,2020-06-23,NA,12,2021-10-22
fl,2020-06-24,NA,12,2021-10-22
fl,2020-06-25,NA,12,2021-10-22
fl,2020-06-26,NA,12,2021-10-22
fl,2020-06-27,NA,12,2021-10-22
fl,2020-06-28,NA,12,2021-10-22
fl,2020-06-29,NA,12,2021-10-22
fl,2020-06-30,NA,12,2021-10-22
fl,2020-07-01,NA,12,2021-10-22
fl,2020-07-02,NA,12,2021-10-22
fl,2020-07-03,NA,12,2021-10-22
fl,2020-07-04,NA,12,2021-10-22
fl,2020-07-05,NA,12,2021-10-22
fl,2020-07-06,NA,12,2021-10-22
fl,2020-07-07,NA,12,2021-10-22
fl,2020-07-08,NA,12,2021-10-22
fl,2020-07-09,NA,12,2021-10-22
fl,2020-07-10,NA,12,2021-10-22
fl,2020-07-11,NA,12,2021-10-22
fl,2020-07-12,NA,12,2021-10-22
fl,2020-07-13,NA,12,2021-10-22
fl,2020-07-14,451,12,2021-10-22
fl,2020-07-15,691,12,2021-10-22
fl,2020-07-16,884,12,2021-10-22
fl,2020-07-17,845,12,2021-10-22
fl,2020-07-18,455,12,2021-10-22
fl,2020-07-19,691,12,2021-10-22
fl,2020-07-20,955,12,2021-10-22
fl,2020-07-21,827,12,2021-10-22
fl,2020-07-22,838,12,2021-10-22
fl,2020-07-23,840,12,2021-10-22
fl,2020-07-24,846,12,2021-10-22
fl,2020-07-25,725,12,2021-10-22
fl,2020-07-26,718,12,2021-10-22
fl,2020-07-27,773,12,2021-10-22
fl,2020-07-28,780,12,2021-10-22
fl,2020-07-29,757,12,2021-10-22
fl,2020-07-30,801,12,2021-10-22
fl,2020-07-31,751,12,2021-10-22
fl,2020-08-01,622,12,2021-10-22
fl,2020-08-02,608,12,2021-10-22
fl,2020-08-03,721,12,2021-10-22
fl,2020-08-04,682,12,2021-10-22
fl,2020-08-05,687,12,2021-10-22
fl,2020-08-06,688,12,2021-10-22
fl,2020-08-07,616,12,2021-10-22
fl,2020-08-08,556,12,2021-10-22
fl,2020-08-09,569,12,2021-10-22
fl,2020-08-10,617,12,2021-10-22
fl,2020-08-11,582,12,2021-10-22
fl,2020-08-12,580,12,2021-10-22
fl,2020-08-13,626,12,2021-10-22
fl,2020-08-14,609,12,2021-10-22
fl,2020-08-15,471,12,2021-10-22
fl,2020-08-16,500,12,2021-10-22
fl,2020-08-17,540,12,2021-10-22
fl,2020-08-18,539,12,2021-10-22
fl,2020-08-19,497,12,2021-10-22
fl,2020-08-20,515,12,2021-10-22
fl,2020-08-21,515,12,2021-10-22
fl,2020-08-22,424,12,2021-10-22
fl,2020-08-23,434,12,2021-10-22
fl,2020-08-24,483,12,2021-10-22
fl,2020-08-25,475,12,2021-10-22
fl,2020-08-26,439,12,2021-10-22
fl,2020-08-27,397,12,2021-10-22
fl,2020-08-28,438,12,2021-10-22
fl,2020-08-29,343,12,2021-10-22
fl,2020-08-30,350,12,2021-10-22
fl,2020-08-31,412,12,2021-10-22
fl,2020-09-01,400,12,2021-10-22
fl,2020-09-02,386,12,2021-10-22
fl,2020-09-03,393,12,2021-10-22
fl,2020-09-04,357,12,2021-10-22
fl,2020-09-05,284,12,2021-10-22
fl,2020-09-06,283,12,2021-10-22
fl,2020-09-07,308,12,2021-10-22
fl,2020-09-08,342,12,2021-10-22
fl,2020-09-09,362,12,2021-10-22
fl,2020-09-10,290,12,2021-10-22
fl,2020-09-11,328,12,2021-10-22
fl,2020-09-12,262,12,2021-10-22
fl,2020-09-13,228,12,2021-10-22
fl,2020-09-14,321,12,2021-10-22
fl,2020-09-15,313,12,2021-10-22
fl,2020-09-16,327,12,2021-10-22
fl,2020-09-17,352,12,2021-10-22
fl,2020-09-18,307,12,2021-10-22
fl,2020-09-19,261,12,2021-10-22
fl,2020-09-20,250,12,2021-10-22
fl,2020-09-21,330,12,2021-10-22
fl,2020-09-22,260,12,2021-10-22
fl,2020-09-23,279,12,2021-10-22
fl,2020-09-24,283,12,2021-10-22
fl,2020-09-25,266,12,2021-10-22
fl,2020-09-26,248,12,2021-10-22
fl,2020-09-27,233,12,2021-10-22
fl,2020-09-28,304,12,2021-10-22
fl,2020-09-29,258,12,2021-10-22
fl,2020-09-30,268,12,2021-10-22
fl,2020-10-01,248,12,2021-10-22
fl,2020-10-02,270,12,2021-10-22
fl,2020-10-03,259,12,2021-10-22
fl,2020-10-04,257,12,2021-10-22
fl,2020-10-05,315,12,2021-10-22
fl,2020-10-06,309,12,2021-10-22
fl,2020-10-07,329,12,2021-10-22
fl,2020-10-08,280,12,2021-10-22
fl,2020-10-09,298,12,2021-10-22
fl,2020-10-10,277,12,2021-10-22
fl,2020-10-11,273,12,2021-10-22
fl,2020-10-12,310,12,2021-10-22
fl,2020-10-13,291,12,2021-10-22
fl,2020-10-14,284,12,2021-10-22
fl,2020-10-15,314,12,2021-10-22
fl,2020-10-16,284,12,2021-10-22
fl,2020-10-17,276,12,2021-10-22
fl,2020-10-18,265,12,2021-10-22
fl,2020-10-19,339,12,2021-10-22
fl,2020-10-20,307,12,2021-10-22
fl,2020-10-21,318,12,2021-10-22
fl,2020-10-22,361,12,2021-10-22
fl,2020-10-23,396,12,2021-10-22
fl,2020-10-24,306,12,2021-10-22
fl,2020-10-25,296,12,2021-10-22
fl,2020-10-26,371,12,2021-10-22
fl,2020-10-27,521,12,2021-10-22
fl,2020-10-28,545,12,2021-10-22
fl,2020-10-29,590,12,2021-10-22
fl,2020-10-30,372,12,2021-10-22
fl,2020-10-31,363,12,2021-10-22
fl,2020-11-01,364,12,2021-10-22
fl,2020-11-02,420,12,2021-10-22
fl,2020-11-03,394,12,2021-10-22
fl,2020-11-04,456,12,2021-10-22
fl,2020-11-05,415,12,2021-10-22
fl,2020-11-06,474,12,2021-10-22
fl,2020-11-07,401,12,2021-10-22
fl,2020-11-08,416,12,2021-10-22
fl,2020-11-09,512,12,2021-10-22
fl,2020-11-10,487,12,2021-10-22
fl,2020-11-11,509,12,2021-10-22
fl,2020-11-12,535,12,2021-10-22
fl,2020-11-13,548,12,2021-10-22
fl,2020-11-14,426,12,2021-10-22
fl,2020-11-15,492,12,2021-10-22
fl,2020-11-16,593,12,2021-10-22
fl,2020-11-17,519,12,2021-10-22
fl,2020-11-18,532,12,2021-10-22
fl,2020-11-19,594,12,2021-10-22
fl,2020-11-20,504,12,2021-10-22
fl,2020-11-21,551,12,2021-10-22
fl,2020-11-22,524,12,2021-10-22
fl,2020-11-23,594,12,2021-10-22
fl,2020-11-24,597,12,2021-10-22
fl,2020-11-25,587,12,2021-10-22
fl,2020-11-26,505,12,2021-10-22
fl,2020-11-27,698,12,2021-10-22
fl,2020-11-28,619,12,2021-10-22
fl,2020-11-29,562,12,2021-10-22
fl,2020-11-30,738,12,2021-10-22
fl,2020-12-01,625,12,2021-10-22
fl,2020-12-02,664,12,2021-10-22
fl,2020-12-03,735,12,2021-10-22
fl,2020-12-04,717,12,2021-10-22
fl,2020-12-05,590,12,2021-10-22
fl,2020-12-06,623,12,2021-10-22
fl,2020-12-07,746,12,2021-10-22
fl,2020-12-08,694,12,2021-10-22
fl,2020-12-09,730,12,2021-10-22
fl,2020-12-10,751,12,2021-10-22
fl,2020-12-11,765,12,2021-10-22
fl,2020-12-12,704,12,2021-10-22
fl,2020-12-13,752,12,2021-10-22
fl,2020-12-14,855,12,2021-10-22
fl,2020-12-15,881,12,2021-10-22
fl,2020-12-16,830,12,2021-10-22
fl,2020-12-17,861,12,2021-10-22
fl,2020-12-18,762,12,2021-10-22
fl,2020-12-19,757,12,2021-10-22
fl,2020-12-20,815,12,2021-10-22
fl,2020-12-21,930,12,2021-10-22
fl,2020-12-22,890,12,2021-10-22
fl,2020-12-23,955,12,2021-10-22
fl,2020-12-24,855,12,2021-10-22
fl,2020-12-25,798,12,2021-10-22
fl,2020-12-26,919,12,2021-10-22
fl,2020-12-27,871,12,2021-10-22
fl,2020-12-28,1099,12,2021-10-22
fl,2020-12-29,1071,12,2021-10-22
fl,2020-12-30,1117,12,2021-10-22
fl,2020-12-31,1103,12,2021-10-22
fl,2021-01-01,1055,12,2021-10-22
fl,2021-01-02,1066,12,2021-10-22
fl,2021-01-03,1098,12,2021-10-22
fl,2021-01-04,1229,12,2021-10-22
fl,2021-01-05,1191,12,2021-10-22
fl,2021-01-06,1159,12,2021-10-22
fl,2021-01-07,1203,12,2021-10-22
fl,2021-01-08,1188,12,2021-10-22
fl,2021-01-09,1002,12,2021-10-22
fl,2021-01-10,997,12,2021-10-22
fl,2021-01-11,1208,12,2021-10-22
fl,2021-01-12,1229,12,2021-10-22
fl,2021-01-13,1143,12,2021-10-22
fl,2021-01-14,1110,12,2021-10-22
fl,2021-01-15,1054,12,2021-10-22
fl,2021-01-16,964,12,2021-10-22
fl,2021-01-17,996,12,2021-10-22
fl,2021-01-18,1071,12,2021-10-22
fl,2021-01-19,1042,12,2021-10-22
fl,2021-01-20,1061,12,2021-10-22
fl,2021-01-21,1099,12,2021-10-22
fl,2021-01-22,1031,12,2021-10-22
fl,2021-01-23,893,12,2021-10-22
fl,2021-01-24,877,12,2021-10-22
fl,2021-01-25,1064,12,2021-10-22
fl,2021-01-26,1022,12,2021-10-22
fl,2021-01-27,982,12,2021-10-22
fl,2021-01-28,869,12,2021-10-22
fl,2021-01-29,869,12,2021-10-22
fl,2021-01-30,796,12,2021-10-22
fl,2021-01-31,791,12,2021-10-22
fl,2021-02-01,906,12,2021-10-22
fl,2021-02-02,817,12,2021-10-22
fl,2021-02-03,791,12,2021-10-22
fl,2021-02-04,839,12,2021-10-22
fl,2021-02-05,875,12,2021-10-22
fl,2021-02-06,749,12,2021-10-22
fl,2021-02-07,623,12,2021-10-22
fl,2021-02-08,777,12,2021-10-22
fl,2021-02-09,729,12,2021-10-22
fl,2021-02-10,763,12,2021-10-22
fl,2021-02-11,804,12,2021-10-22
fl,2021-02-12,682,12,2021-10-22
fl,2021-02-13,600,12,2021-10-22
fl,2021-02-14,570,12,2021-10-22
fl,2021-02-15,768,12,2021-10-22
fl,2021-02-16,767,12,2021-10-22
fl,2021-02-17,698,12,2021-10-22
fl,2021-02-18,702,12,2021-10-22
fl,2021-02-19,661,12,2021-10-22
fl,2021-02-20,530,12,2021-10-22
fl,2021-02-21,520,12,2021-10-22
fl,2021-02-22,689,12,2021-10-22
fl,2021-02-23,720,12,2021-10-22
fl,2021-02-24,586,12,2021-10-22
fl,2021-02-25,592,12,2021-10-22
fl,2021-02-26,576,12,2021-10-22
fl,2021-02-27,533,12,2021-10-22
fl,2021-02-28,497,12,2021-10-22
fl,2021-03-01,604,12,2021-10-22
fl,2021-03-02,600,12,2021-10-22
fl,2021-03-03,560,12,2021-10-22
fl,2021-03-04,533,12,2021-10-22
fl,2021-03-05,546,12,2021-10-22
fl,2021-03-06,462,12,2021-10-22
fl,2021-03-07,467,12,2021-10-22
fl,2021-03-08,558,12,2021-10-22
fl,2021-03-09,530,12,2021-10-22
fl,2021-03-10,465,12,2021-10-22
fl,2021-03-11,499,12,2021-10-22
fl,2021-03-12,430,12,2021-10-22
fl,2021-03-13,396,12,2021-10-22
fl,2021-03-14,414,12,2021-10-22
fl,2021-03-15,500,12,2021-10-22
fl,2021-03-16,500,12,2021-10-22
fl,2021-03-17,501,12,2021-10-22
fl,2021-03-18,479,12,2021-10-22
fl,2021-03-19,443,12,2021-10-22
fl,2021-03-20,380,12,2021-10-22
fl,2021-03-21,374,12,2021-10-22
fl,2021-03-22,507,12,2021-10-22
fl,2021-03-23,459,12,2021-10-22
fl,2021-03-24,472,12,2021-10-22
fl,2021-03-25,535,12,2021-10-22
fl,2021-03-26,459,12,2021-10-22
fl,2021-03-27,457,12,2021-10-22
fl,2021-03-28,421,12,2021-10-22
fl,2021-03-29,514,12,2021-10-22
fl,2021-03-30,489,12,2021-10-22
fl,2021-03-31,469,12,2021-10-22
fl,2021-04-01,476,12,2021-10-22
fl,2021-04-02,492,12,2021-10-22
fl,2021-04-03,429,12,2021-10-22
fl,2021-04-04,436,12,2021-10-22
fl,2021-04-05,537,12,2021-10-22
fl,2021-04-06,518,12,2021-10-22
fl,2021-04-07,521,12,2021-10-22
fl,2021-04-08,529,12,2021-10-22
fl,2021-04-09,538,12,2021-10-22
fl,2021-04-10,504,12,2021-10-22
fl,2021-04-11,468,12,2021-10-22
fl,2021-04-12,571,12,2021-10-22
fl,2021-04-13,561,12,2021-10-22
fl,2021-04-14,529,12,2021-10-22
fl,2021-04-15,561,12,2021-10-22
fl,2021-04-16,574,12,2021-10-22
fl,2021-04-17,529,12,2021-10-22
fl,2021-04-18,487,12,2021-10-22
fl,2021-04-19,587,12,2021-10-22
fl,2021-04-20,554,12,2021-10-22
fl,2021-04-21,547,12,2021-10-22
fl,2021-04-22,562,12,2021-10-22
fl,2021-04-23,525,12,2021-10-22
fl,2021-04-24,473,12,2021-10-22
fl,2021-04-25,513,12,2021-10-22
fl,2021-04-26,593,12,2021-10-22
fl,2021-04-27,529,12,2021-10-22
fl,2021-04-28,512,12,2021-10-22
fl,2021-04-29,469,12,2021-10-22
fl,2021-04-30,483,12,2021-10-22
fl,2021-05-01,449,12,2021-10-22
fl,2021-05-02,413,12,2021-10-22
fl,2021-05-03,496,12,2021-10-22
fl,2021-05-04,446,12,2021-10-22
fl,2021-05-05,422,12,2021-10-22
fl,2021-05-06,468,12,2021-10-22
fl,2021-05-07,401,12,2021-10-22
fl,2021-05-08,364,12,2021-10-22
fl,2021-05-09,398,12,2021-10-22
fl,2021-05-10,471,12,2021-10-22
fl,2021-05-11,451,12,2021-10-22
fl,2021-05-12,424,12,2021-10-22
fl,2021-05-13,401,12,2021-10-22
fl,2021-05-14,410,12,2021-10-22
fl,2021-05-15,312,12,2021-10-22
fl,2021-05-16,328,12,2021-10-22
fl,2021-05-17,365,12,2021-10-22
fl,2021-05-18,367,12,2021-10-22
fl,2021-05-19,363,12,2021-10-22
fl,2021-05-20,352,12,2021-10-22
fl,2021-05-21,295,12,2021-10-22
fl,2021-05-22,306,12,2021-10-22
fl,2021-05-23,319,12,2021-10-22
fl,2021-05-24,356,12,2021-10-22
fl,2021-05-25,335,12,2021-10-22
fl,2021-05-26,362,12,2021-10-22
fl,2021-05-27,313,12,2021-10-22
fl,2021-05-28,318,12,2021-10-22
fl,2021-05-29,278,12,2021-10-22
fl,2021-05-30,250,12,2021-10-22
fl,2021-05-31,252,12,2021-10-22
fl,2021-06-01,275,12,2021-10-22
fl,2021-06-02,302,12,2021-10-22
fl,2021-06-03,264,12,2021-10-22
fl,2021-06-04,268,12,2021-10-22
fl,2021-06-05,231,12,2021-10-22
fl,2021-06-06,211,12,2021-10-22
fl,2021-06-07,289,12,2021-10-22
fl,2021-06-08,226,12,2021-10-22
fl,2021-06-09,266,12,2021-10-22
fl,2021-06-10,266,12,2021-10-22
fl,2021-06-11,262,12,2021-10-22
fl,2021-06-12,224,12,2021-10-22
fl,2021-06-13,227,12,2021-10-22
fl,2021-06-14,258,12,2021-10-22
fl,2021-06-15,263,12,2021-10-22
fl,2021-06-16,271,12,2021-10-22
fl,2021-06-17,253,12,2021-10-22
fl,2021-06-18,235,12,2021-10-22
fl,2021-06-19,236,12,2021-10-22
fl,2021-06-20,207,12,2021-10-22
fl,2021-06-21,276,12,2021-10-22
fl,2021-06-22,254,12,2021-10-22
fl,2021-06-23,253,12,2021-10-22
fl,2021-06-24,253,12,2021-10-22
fl,2021-06-25,280,12,2021-10-22
fl,2021-06-26,265,12,2021-10-22
fl,2021-06-27,259,12,2021-10-22
fl,2021-06-28,306,12,2021-10-22
fl,2021-06-29,307,12,2021-10-22
fl,2021-06-30,302,12,2021-10-22
fl,2021-07-01,343,12,2021-10-22
fl,2021-07-02,311,12,2021-10-22
fl,2021-07-03,319,12,2021-10-22
fl,2021-07-04,373,12,2021-10-22
fl,2021-07-05,423,12,2021-10-22
fl,2021-07-06,450,12,2021-10-22
fl,2021-07-07,470,12,2021-10-22
fl,2021-07-08,514,12,2021-10-22
fl,2021-07-09,515,12,2021-10-22
fl,2021-07-10,488,12,2021-10-22
fl,2021-07-11,521,12,2021-10-22
fl,2021-07-12,702,12,2021-10-22
fl,2021-07-13,672,12,2021-10-22
fl,2021-07-14,712,12,2021-10-22
fl,2021-07-15,734,12,2021-10-22
fl,2021-07-16,753,12,2021-10-22
fl,2021-07-17,782,12,2021-10-22
fl,2021-07-18,911,12,2021-10-22
fl,2021-07-19,1042,12,2021-10-22
fl,2021-07-20,1065,12,2021-10-22
fl,2021-07-21,1210,12,2021-10-22
fl,2021-07-22,1229,12,2021-10-22
fl,2021-07-23,1312,12,2021-10-22
fl,2021-07-24,1237,12,2021-10-22
fl,2021-07-25,1355,12,2021-10-22
fl,2021-07-26,1520,12,2021-10-22
fl,2021-07-27,1557,12,2021-10-22
fl,2021-07-28,1634,12,2021-10-22
fl,2021-07-29,1846,12,2021-10-22
fl,2021-07-30,1782,12,2021-10-22
fl,2021-07-31,1725,12,2021-10-22
fl,2021-08-01,1724,12,2021-10-22
fl,2021-08-02,2090,12,2021-10-22
fl,2021-08-03,2092,12,2021-10-22
fl,2021-08-04,2196,12,2021-10-22
fl,2021-08-05,2247,12,2021-10-22
fl,2021-08-06,2194,12,2021-10-22
fl,2021-08-07,2018,12,2021-10-22
fl,2021-08-08,2105,12,2021-10-22
fl,2021-08-09,2294,12,2021-10-22
fl,2021-08-10,2342,12,2021-10-22
fl,2021-08-11,2339,12,2021-10-22
fl,2021-08-12,2332,12,2021-10-22
fl,2021-08-13,2209,12,2021-10-22
fl,2021-08-14,2053,12,2021-10-22
fl,2021-08-15,2137,12,2021-10-22
fl,2021-08-16,2360,12,2021-10-22
fl,2021-08-17,2310,12,2021-10-22
fl,2021-08-18,2260,12,2021-10-22
fl,2021-08-19,2275,12,2021-10-22
fl,2021-08-20,2218,12,2021-10-22
fl,2021-08-21,1925,12,2021-10-22
fl,2021-08-22,1908,12,2021-10-22
fl,2021-08-23,2088,12,2021-10-22
fl,2021-08-24,2066,12,2021-10-22
fl,2021-08-25,2058,12,2021-10-22
fl,2021-08-26,1948,12,2021-10-22
fl,2021-08-27,1869,12,2021-10-22
fl,2021-08-28,1671,12,2021-10-22
fl,2021-08-29,1600,12,2021-10-22
fl,2021-08-30,1788,12,2021-10-22
fl,2021-08-31,1837,12,2021-10-22
fl,2021-09-01,1764,12,2021-10-22
fl,2021-09-02,1588,12,2021-10-22
fl,2021-09-03,1546,12,2021-10-22
fl,2021-09-04,1420,12,2021-10-22
fl,2021-09-05,1378,12,2021-10-22
fl,2021-09-06,1361,12,2021-10-22
fl,2021-09-07,1427,12,2021-10-22
fl,2021-09-08,1403,12,2021-10-22
fl,2021-09-09,1341,12,2021-10-22
fl,2021-09-10,1197,12,2021-10-22
fl,2021-09-11,1088,12,2021-10-22
fl,2021-09-12,1011,12,2021-10-22
fl,2021-09-13,1117,12,2021-10-22
fl,2021-09-14,1107,12,2021-10-22
fl,2021-09-15,1062,12,2021-10-22
fl,2021-09-16,982,12,2021-10-22
fl,2021-09-17,974,12,2021-10-22
fl,2021-09-18,837,12,2021-10-22
fl,2021-09-19,760,12,2021-10-22
fl,2021-09-20,869,12,2021-10-22
fl,2021-09-21,833,12,2021-10-22
fl,2021-09-22,753,12,2021-10-22
fl,2021-09-23,725,12,2021-10-22
fl,2021-09-24,734,12,2021-10-22
fl,2021-09-25,646,12,2021-10-22
fl,2021-09-26,566,12,2021-10-22
fl,2021-09-27,683,12,2021-10-22
fl,2021-09-28,621,12,2021-10-22
fl,2021-09-29,581,12,2021-10-22
fl,2021-09-30,525,12,2021-10-22
fl,2021-10-01,498,12,2021-10-22
fl,2021-10-02,430,12,2021-10-22
fl,2021-10-03,439,12,2021-10-22
fl,2021-10-04,490,12,2021-10-22
fl,2021-10-05,545,12,2021-10-22
fl,2021-10-06,467,12,2021-10-22
fl,2021-10-07,465,12,2021-10-22
fl,2021-10-08,397,12,2021-10-22
fl,2021-10-09,358,12,2021-10-22
fl,2021-10-10,339,12,2021-10-22
fl,2021-10-11,412,12,2021-10-22
fl,2021-10-12,405,12,2021-10-22
fl,2021-10-13,367,12,2021-10-22
fl,2021-10-14,358,12,2021-10-22
fl,2021-10-15,318,12,2021-10-22
fl,2021-10-16,264,12,2021-10-22
fl,2021-10-17,275,12,2021-10-22
fl,2021-10-18,339,12,2021-10-22
fl,2021-10-19,301,12,2021-10-22
fl,2021-10-20,311,12,2021-10-22
fl,2021-10-21,309,12,2021-10-22
ga,2020-02-29,NA,13,2021-10-22
ga,2020-03-01,NA,13,2021-10-22
ga,2020-03-02,NA,13,2021-10-22
ga,2020-03-03,NA,13,2021-10-22
ga,2020-03-04,NA,13,2021-10-22
ga,2020-03-05,NA,13,2021-10-22
ga,2020-03-06,NA,13,2021-10-22
ga,2020-03-07,NA,13,2021-10-22
ga,2020-03-08,NA,13,2021-10-22
ga,2020-03-09,NA,13,2021-10-22
ga,2020-03-10,NA,13,2021-10-22
ga,2020-03-11,NA,13,2021-10-22
ga,2020-03-12,NA,13,2021-10-22
ga,2020-03-13,NA,13,2021-10-22
ga,2020-03-14,NA,13,2021-10-22
ga,2020-03-15,NA,13,2021-10-22
ga,2020-03-16,NA,13,2021-10-22
ga,2020-03-17,NA,13,2021-10-22
ga,2020-03-18,NA,13,2021-10-22
ga,2020-03-19,NA,13,2021-10-22
ga,2020-03-20,NA,13,2021-10-22
ga,2020-03-21,NA,13,2021-10-22
ga,2020-03-22,NA,13,2021-10-22
ga,2020-03-23,NA,13,2021-10-22
ga,2020-03-24,NA,13,2021-10-22
ga,2020-03-25,NA,13,2021-10-22
ga,2020-03-26,NA,13,2021-10-22
ga,2020-03-27,NA,13,2021-10-22
ga,2020-03-28,NA,13,2021-10-22
ga,2020-03-29,NA,13,2021-10-22
ga,2020-03-30,NA,13,2021-10-22
ga,2020-03-31,NA,13,2021-10-22
ga,2020-04-01,NA,13,2021-10-22
ga,2020-04-02,NA,13,2021-10-22
ga,2020-04-03,NA,13,2021-10-22
ga,2020-04-04,NA,13,2021-10-22
ga,2020-04-05,NA,13,2021-10-22
ga,2020-04-06,NA,13,2021-10-22
ga,2020-04-07,NA,13,2021-10-22
ga,2020-04-08,NA,13,2021-10-22
ga,2020-04-09,NA,13,2021-10-22
ga,2020-04-10,NA,13,2021-10-22
ga,2020-04-11,NA,13,2021-10-22
ga,2020-04-12,NA,13,2021-10-22
ga,2020-04-13,NA,13,2021-10-22
ga,2020-04-14,NA,13,2021-10-22
ga,2020-04-15,NA,13,2021-10-22
ga,2020-04-16,NA,13,2021-10-22
ga,2020-04-17,NA,13,2021-10-22
ga,2020-04-18,NA,13,2021-10-22
ga,2020-04-19,NA,13,2021-10-22
ga,2020-04-20,NA,13,2021-10-22
ga,2020-04-21,NA,13,2021-10-22
ga,2020-04-22,NA,13,2021-10-22
ga,2020-04-23,NA,13,2021-10-22
ga,2020-04-24,NA,13,2021-10-22
ga,2020-04-25,NA,13,2021-10-22
ga,2020-04-26,NA,13,2021-10-22
ga,2020-04-27,NA,13,2021-10-22
ga,2020-04-28,NA,13,2021-10-22
ga,2020-04-29,NA,13,2021-10-22
ga,2020-04-30,NA,13,2021-10-22
ga,2020-05-01,NA,13,2021-10-22
ga,2020-05-02,NA,13,2021-10-22
ga,2020-05-03,NA,13,2021-10-22
ga,2020-05-04,NA,13,2021-10-22
ga,2020-05-05,NA,13,2021-10-22
ga,2020-05-06,NA,13,2021-10-22
ga,2020-05-07,NA,13,2021-10-22
ga,2020-05-08,NA,13,2021-10-22
ga,2020-05-09,NA,13,2021-10-22
ga,2020-05-10,NA,13,2021-10-22
ga,2020-05-11,NA,13,2021-10-22
ga,2020-05-12,NA,13,2021-10-22
ga,2020-05-13,NA,13,2021-10-22
ga,2020-05-14,NA,13,2021-10-22
ga,2020-05-15,NA,13,2021-10-22
ga,2020-05-16,NA,13,2021-10-22
ga,2020-05-17,NA,13,2021-10-22
ga,2020-05-18,NA,13,2021-10-22
ga,2020-05-19,NA,13,2021-10-22
ga,2020-05-20,NA,13,2021-10-22
ga,2020-05-21,NA,13,2021-10-22
ga,2020-05-22,NA,13,2021-10-22
ga,2020-05-23,NA,13,2021-10-22
ga,2020-05-24,NA,13,2021-10-22
ga,2020-05-25,NA,13,2021-10-22
ga,2020-05-26,NA,13,2021-10-22
ga,2020-05-27,NA,13,2021-10-22
ga,2020-05-28,NA,13,2021-10-22
ga,2020-05-29,NA,13,2021-10-22
ga,2020-05-30,NA,13,2021-10-22
ga,2020-05-31,NA,13,2021-10-22
ga,2020-06-01,NA,13,2021-10-22
ga,2020-06-02,NA,13,2021-10-22
ga,2020-06-03,NA,13,2021-10-22
ga,2020-06-04,NA,13,2021-10-22
ga,2020-06-05,NA,13,2021-10-22
ga,2020-06-06,NA,13,2021-10-22
ga,2020-06-07,NA,13,2021-10-22
ga,2020-06-08,NA,13,2021-10-22
ga,2020-06-09,NA,13,2021-10-22
ga,2020-06-10,NA,13,2021-10-22
ga,2020-06-11,NA,13,2021-10-22
ga,2020-06-12,NA,13,2021-10-22
ga,2020-06-13,NA,13,2021-10-22
ga,2020-06-14,NA,13,2021-10-22
ga,2020-06-15,NA,13,2021-10-22
ga,2020-06-16,NA,13,2021-10-22
ga,2020-06-17,NA,13,2021-10-22
ga,2020-06-18,NA,13,2021-10-22
ga,2020-06-19,NA,13,2021-10-22
ga,2020-06-20,NA,13,2021-10-22
ga,2020-06-21,NA,13,2021-10-22
ga,2020-06-22,NA,13,2021-10-22
ga,2020-06-23,NA,13,2021-10-22
ga,2020-06-24,NA,13,2021-10-22
ga,2020-06-25,NA,13,2021-10-22
ga,2020-06-26,NA,13,2021-10-22
ga,2020-06-27,NA,13,2021-10-22
ga,2020-06-28,NA,13,2021-10-22
ga,2020-06-29,NA,13,2021-10-22
ga,2020-06-30,NA,13,2021-10-22
ga,2020-07-01,NA,13,2021-10-22
ga,2020-07-02,NA,13,2021-10-22
ga,2020-07-03,NA,13,2021-10-22
ga,2020-07-04,NA,13,2021-10-22
ga,2020-07-05,NA,13,2021-10-22
ga,2020-07-06,0,13,2021-10-22
ga,2020-07-07,0,13,2021-10-22
ga,2020-07-08,0,13,2021-10-22
ga,2020-07-09,0,13,2021-10-22
ga,2020-07-10,0,13,2021-10-22
ga,2020-07-11,0,13,2021-10-22
ga,2020-07-12,0,13,2021-10-22
ga,2020-07-13,0,13,2021-10-22
ga,2020-07-14,143,13,2021-10-22
ga,2020-07-15,201,13,2021-10-22
ga,2020-07-16,216,13,2021-10-22
ga,2020-07-17,224,13,2021-10-22
ga,2020-07-18,178,13,2021-10-22
ga,2020-07-19,195,13,2021-10-22
ga,2020-07-20,228,13,2021-10-22
ga,2020-07-21,203,13,2021-10-22
ga,2020-07-22,260,13,2021-10-22
ga,2020-07-23,257,13,2021-10-22
ga,2020-07-24,273,13,2021-10-22
ga,2020-07-25,263,13,2021-10-22
ga,2020-07-26,203,13,2021-10-22
ga,2020-07-27,258,13,2021-10-22
ga,2020-07-28,242,13,2021-10-22
ga,2020-07-29,265,13,2021-10-22
ga,2020-07-30,254,13,2021-10-22
ga,2020-07-31,252,13,2021-10-22
ga,2020-08-01,225,13,2021-10-22
ga,2020-08-02,188,13,2021-10-22
ga,2020-08-03,210,13,2021-10-22
ga,2020-08-04,225,13,2021-10-22
ga,2020-08-05,198,13,2021-10-22
ga,2020-08-06,207,13,2021-10-22
ga,2020-08-07,195,13,2021-10-22
ga,2020-08-08,160,13,2021-10-22
ga,2020-08-09,174,13,2021-10-22
ga,2020-08-10,214,13,2021-10-22
ga,2020-08-11,235,13,2021-10-22
ga,2020-08-12,285,13,2021-10-22
ga,2020-08-13,297,13,2021-10-22
ga,2020-08-14,325,13,2021-10-22
ga,2020-08-15,316,13,2021-10-22
ga,2020-08-16,878,13,2021-10-22
ga,2020-08-17,321,13,2021-10-22
ga,2020-08-18,300,13,2021-10-22
ga,2020-08-19,271,13,2021-10-22
ga,2020-08-20,245,13,2021-10-22
ga,2020-08-21,231,13,2021-10-22
ga,2020-08-22,211,13,2021-10-22
ga,2020-08-23,207,13,2021-10-22
ga,2020-08-24,223,13,2021-10-22
ga,2020-08-25,231,13,2021-10-22
ga,2020-08-26,277,13,2021-10-22
ga,2020-08-27,241,13,2021-10-22
ga,2020-08-28,231,13,2021-10-22
ga,2020-08-29,232,13,2021-10-22
ga,2020-08-30,212,13,2021-10-22
ga,2020-08-31,247,13,2021-10-22
ga,2020-09-01,253,13,2021-10-22
ga,2020-09-02,263,13,2021-10-22
ga,2020-09-03,241,13,2021-10-22
ga,2020-09-04,249,13,2021-10-22
ga,2020-09-05,217,13,2021-10-22
ga,2020-09-06,178,13,2021-10-22
ga,2020-09-07,182,13,2021-10-22
ga,2020-09-08,733,13,2021-10-22
ga,2020-09-09,720,13,2021-10-22
ga,2020-09-10,740,13,2021-10-22
ga,2020-09-11,718,13,2021-10-22
ga,2020-09-12,743,13,2021-10-22
ga,2020-09-13,158,13,2021-10-22
ga,2020-09-14,194,13,2021-10-22
ga,2020-09-15,192,13,2021-10-22
ga,2020-09-16,200,13,2021-10-22
ga,2020-09-17,201,13,2021-10-22
ga,2020-09-18,195,13,2021-10-22
ga,2020-09-19,169,13,2021-10-22
ga,2020-09-20,177,13,2021-10-22
ga,2020-09-21,174,13,2021-10-22
ga,2020-09-22,147,13,2021-10-22
ga,2020-09-23,164,13,2021-10-22
ga,2020-09-24,173,13,2021-10-22
ga,2020-09-25,149,13,2021-10-22
ga,2020-09-26,133,13,2021-10-22
ga,2020-09-27,310,13,2021-10-22
ga,2020-09-28,362,13,2021-10-22
ga,2020-09-29,329,13,2021-10-22
ga,2020-09-30,310,13,2021-10-22
ga,2020-10-01,277,13,2021-10-22
ga,2020-10-02,244,13,2021-10-22
ga,2020-10-03,212,13,2021-10-22
ga,2020-10-04,224,13,2021-10-22
ga,2020-10-05,326,13,2021-10-22
ga,2020-10-06,291,13,2021-10-22
ga,2020-10-07,298,13,2021-10-22
ga,2020-10-08,270,13,2021-10-22
ga,2020-10-09,289,13,2021-10-22
ga,2020-10-10,269,13,2021-10-22
ga,2020-10-11,252,13,2021-10-22
ga,2020-10-12,313,13,2021-10-22
ga,2020-10-13,291,13,2021-10-22
ga,2020-10-14,288,13,2021-10-22
ga,2020-10-15,269,13,2021-10-22
ga,2020-10-16,243,13,2021-10-22
ga,2020-10-17,214,13,2021-10-22
ga,2020-10-18,217,13,2021-10-22
ga,2020-10-19,311,13,2021-10-22
ga,2020-10-20,275,13,2021-10-22
ga,2020-10-21,319,13,2021-10-22
ga,2020-10-22,268,13,2021-10-22
ga,2020-10-23,263,13,2021-10-22
ga,2020-10-24,235,13,2021-10-22
ga,2020-10-25,252,13,2021-10-22
ga,2020-10-26,329,13,2021-10-22
ga,2020-10-27,304,13,2021-10-22
ga,2020-10-28,268,13,2021-10-22
ga,2020-10-29,333,13,2021-10-22
ga,2020-10-30,297,13,2021-10-22
ga,2020-10-31,290,13,2021-10-22
ga,2020-11-01,265,13,2021-10-22
ga,2020-11-02,306,13,2021-10-22
ga,2020-11-03,334,13,2021-10-22
ga,2020-11-04,344,13,2021-10-22
ga,2020-11-05,385,13,2021-10-22
ga,2020-11-06,363,13,2021-10-22
ga,2020-11-07,296,13,2021-10-22
ga,2020-11-08,326,13,2021-10-22
ga,2020-11-09,362,13,2021-10-22
ga,2020-11-10,434,13,2021-10-22
ga,2020-11-11,383,13,2021-10-22
ga,2020-11-12,377,13,2021-10-22
ga,2020-11-13,396,13,2021-10-22
ga,2020-11-14,302,13,2021-10-22
ga,2020-11-15,320,13,2021-10-22
ga,2020-11-16,341,13,2021-10-22
ga,2020-11-17,410,13,2021-10-22
ga,2020-11-18,409,13,2021-10-22
ga,2020-11-19,396,13,2021-10-22
ga,2020-11-20,403,13,2021-10-22
ga,2020-11-21,364,13,2021-10-22
ga,2020-11-22,306,13,2021-10-22
ga,2020-11-23,448,13,2021-10-22
ga,2020-11-24,384,13,2021-10-22
ga,2020-11-25,374,13,2021-10-22
ga,2020-11-26,352,13,2021-10-22
ga,2020-11-27,408,13,2021-10-22
ga,2020-11-28,439,13,2021-10-22
ga,2020-11-29,381,13,2021-10-22
ga,2020-11-30,457,13,2021-10-22
ga,2020-12-01,449,13,2021-10-22
ga,2020-12-02,485,13,2021-10-22
ga,2020-12-03,470,13,2021-10-22
ga,2020-12-04,489,13,2021-10-22
ga,2020-12-05,419,13,2021-10-22
ga,2020-12-06,444,13,2021-10-22
ga,2020-12-07,514,13,2021-10-22
ga,2020-12-08,513,13,2021-10-22
ga,2020-12-09,535,13,2021-10-22
ga,2020-12-10,552,13,2021-10-22
ga,2020-12-11,492,13,2021-10-22
ga,2020-12-12,386,13,2021-10-22
ga,2020-12-13,459,13,2021-10-22
ga,2020-12-14,598,13,2021-10-22
ga,2020-12-15,480,13,2021-10-22
ga,2020-12-16,575,13,2021-10-22
ga,2020-12-17,546,13,2021-10-22
ga,2020-12-18,517,13,2021-10-22
ga,2020-12-19,551,13,2021-10-22
ga,2020-12-20,606,13,2021-10-22
ga,2020-12-21,698,13,2021-10-22
ga,2020-12-22,753,13,2021-10-22
ga,2020-12-23,699,13,2021-10-22
ga,2020-12-24,687,13,2021-10-22
ga,2020-12-25,646,13,2021-10-22
ga,2020-12-26,693,13,2021-10-22
ga,2020-12-27,683,13,2021-10-22
ga,2020-12-28,715,13,2021-10-22
ga,2020-12-29,837,13,2021-10-22
ga,2020-12-30,784,13,2021-10-22
ga,2020-12-31,726,13,2021-10-22
ga,2021-01-01,830,13,2021-10-22
ga,2021-01-02,780,13,2021-10-22
ga,2021-01-03,740,13,2021-10-22
ga,2021-01-04,784,13,2021-10-22
ga,2021-01-05,886,13,2021-10-22
ga,2021-01-06,823,13,2021-10-22
ga,2021-01-07,927,13,2021-10-22
ga,2021-01-08,908,13,2021-10-22
ga,2021-01-09,761,13,2021-10-22
ga,2021-01-10,653,13,2021-10-22
ga,2021-01-11,885,13,2021-10-22
ga,2021-01-12,800,13,2021-10-22
ga,2021-01-13,816,13,2021-10-22
ga,2021-01-14,929,13,2021-10-22
ga,2021-01-15,929,13,2021-10-22
ga,2021-01-16,755,13,2021-10-22
ga,2021-01-17,683,13,2021-10-22
ga,2021-01-18,807,13,2021-10-22
ga,2021-01-19,868,13,2021-10-22
ga,2021-01-20,862,13,2021-10-22
ga,2021-01-21,838,13,2021-10-22
ga,2021-01-22,739,13,2021-10-22
ga,2021-01-23,622,13,2021-10-22
ga,2021-01-24,510,13,2021-10-22
ga,2021-01-25,696,13,2021-10-22
ga,2021-01-26,695,13,2021-10-22
ga,2021-01-27,604,13,2021-10-22
ga,2021-01-28,565,13,2021-10-22
ga,2021-01-29,518,13,2021-10-22
ga,2021-01-30,466,13,2021-10-22
ga,2021-01-31,449,13,2021-10-22
ga,2021-02-01,618,13,2021-10-22
ga,2021-02-02,587,13,2021-10-22
ga,2021-02-03,536,13,2021-10-22
ga,2021-02-04,503,13,2021-10-22
ga,2021-02-05,555,13,2021-10-22
ga,2021-02-06,449,13,2021-10-22
ga,2021-02-07,432,13,2021-10-22
ga,2021-02-08,506,13,2021-10-22
ga,2021-02-09,447,13,2021-10-22
ga,2021-02-10,412,13,2021-10-22
ga,2021-02-11,407,13,2021-10-22
ga,2021-02-12,432,13,2021-10-22
ga,2021-02-13,325,13,2021-10-22
ga,2021-02-14,306,13,2021-10-22
ga,2021-02-15,358,13,2021-10-22
ga,2021-02-16,401,13,2021-10-22
ga,2021-02-17,347,13,2021-10-22
ga,2021-02-18,353,13,2021-10-22
ga,2021-02-19,328,13,2021-10-22
ga,2021-02-20,339,13,2021-10-22
ga,2021-02-21,314,13,2021-10-22
ga,2021-02-22,400,13,2021-10-22
ga,2021-02-23,357,13,2021-10-22
ga,2021-02-24,292,13,2021-10-22
ga,2021-02-25,296,13,2021-10-22
ga,2021-02-26,281,13,2021-10-22
ga,2021-02-27,249,13,2021-10-22
ga,2021-02-28,142,13,2021-10-22
ga,2021-03-01,170,13,2021-10-22
ga,2021-03-02,201,13,2021-10-22
ga,2021-03-03,336,13,2021-10-22
ga,2021-03-04,312,13,2021-10-22
ga,2021-03-05,244,13,2021-10-22
ga,2021-03-06,234,13,2021-10-22
ga,2021-03-07,196,13,2021-10-22
ga,2021-03-08,285,13,2021-10-22
ga,2021-03-09,275,13,2021-10-22
ga,2021-03-10,270,13,2021-10-22
ga,2021-03-11,272,13,2021-10-22
ga,2021-03-12,234,13,2021-10-22
ga,2021-03-13,191,13,2021-10-22
ga,2021-03-14,205,13,2021-10-22
ga,2021-03-15,214,13,2021-10-22
ga,2021-03-16,235,13,2021-10-22
ga,2021-03-17,223,13,2021-10-22
ga,2021-03-18,267,13,2021-10-22
ga,2021-03-19,216,13,2021-10-22
ga,2021-03-20,191,13,2021-10-22
ga,2021-03-21,201,13,2021-10-22
ga,2021-03-22,248,13,2021-10-22
ga,2021-03-23,251,13,2021-10-22
ga,2021-03-24,248,13,2021-10-22
ga,2021-03-25,233,13,2021-10-22
ga,2021-03-26,224,13,2021-10-22
ga,2021-03-27,203,13,2021-10-22
ga,2021-03-28,173,13,2021-10-22
ga,2021-03-29,212,13,2021-10-22
ga,2021-03-30,200,13,2021-10-22
ga,2021-03-31,188,13,2021-10-22
ga,2021-04-01,185,13,2021-10-22
ga,2021-04-02,207,13,2021-10-22
ga,2021-04-03,157,13,2021-10-22
ga,2021-04-04,156,13,2021-10-22
ga,2021-04-05,198,13,2021-10-22
ga,2021-04-06,214,13,2021-10-22
ga,2021-04-07,216,13,2021-10-22
ga,2021-04-08,227,13,2021-10-22
ga,2021-04-09,225,13,2021-10-22
ga,2021-04-10,183,13,2021-10-22
ga,2021-04-11,172,13,2021-10-22
ga,2021-04-12,193,13,2021-10-22
ga,2021-04-13,229,13,2021-10-22
ga,2021-04-14,241,13,2021-10-22
ga,2021-04-15,234,13,2021-10-22
ga,2021-04-16,226,13,2021-10-22
ga,2021-04-17,211,13,2021-10-22
ga,2021-04-18,191,13,2021-10-22
ga,2021-04-19,218,13,2021-10-22
ga,2021-04-20,196,13,2021-10-22
ga,2021-04-21,214,13,2021-10-22
ga,2021-04-22,219,13,2021-10-22
ga,2021-04-23,193,13,2021-10-22
ga,2021-04-24,181,13,2021-10-22
ga,2021-04-25,167,13,2021-10-22
ga,2021-04-26,172,13,2021-10-22
ga,2021-04-27,217,13,2021-10-22
ga,2021-04-28,211,13,2021-10-22
ga,2021-04-29,234,13,2021-10-22
ga,2021-04-30,217,13,2021-10-22
ga,2021-05-01,178,13,2021-10-22
ga,2021-05-02,159,13,2021-10-22
ga,2021-05-03,174,13,2021-10-22
ga,2021-05-04,190,13,2021-10-22
ga,2021-05-05,216,13,2021-10-22
ga,2021-05-06,209,13,2021-10-22
ga,2021-05-07,241,13,2021-10-22
ga,2021-05-08,143,13,2021-10-22
ga,2021-05-09,149,13,2021-10-22
ga,2021-05-10,155,13,2021-10-22
ga,2021-05-11,180,13,2021-10-22
ga,2021-05-12,162,13,2021-10-22
ga,2021-05-13,161,13,2021-10-22
ga,2021-05-14,165,13,2021-10-22
ga,2021-05-15,112,13,2021-10-22
ga,2021-05-16,119,13,2021-10-22
ga,2021-05-17,146,13,2021-10-22
ga,2021-05-18,180,13,2021-10-22
ga,2021-05-19,139,13,2021-10-22
ga,2021-05-20,148,13,2021-10-22
ga,2021-05-21,143,13,2021-10-22
ga,2021-05-22,133,13,2021-10-22
ga,2021-05-23,114,13,2021-10-22
ga,2021-05-24,123,13,2021-10-22
ga,2021-05-25,149,13,2021-10-22
ga,2021-05-26,134,13,2021-10-22
ga,2021-05-27,133,13,2021-10-22
ga,2021-05-28,100,13,2021-10-22
ga,2021-05-29,102,13,2021-10-22
ga,2021-05-30,70,13,2021-10-22
ga,2021-05-31,103,13,2021-10-22
ga,2021-06-01,124,13,2021-10-22
ga,2021-06-02,128,13,2021-10-22
ga,2021-06-03,105,13,2021-10-22
ga,2021-06-04,105,13,2021-10-22
ga,2021-06-05,86,13,2021-10-22
ga,2021-06-06,81,13,2021-10-22
ga,2021-06-07,113,13,2021-10-22
ga,2021-06-08,119,13,2021-10-22
ga,2021-06-09,121,13,2021-10-22
ga,2021-06-10,120,13,2021-10-22
ga,2021-06-11,96,13,2021-10-22
ga,2021-06-12,87,13,2021-10-22
ga,2021-06-13,65,13,2021-10-22
ga,2021-06-14,80,13,2021-10-22
ga,2021-06-15,102,13,2021-10-22
ga,2021-06-16,88,13,2021-10-22
ga,2021-06-17,104,13,2021-10-22
ga,2021-06-18,105,13,2021-10-22
ga,2021-06-19,89,13,2021-10-22
ga,2021-06-20,63,13,2021-10-22
ga,2021-06-21,95,13,2021-10-22
ga,2021-06-22,115,13,2021-10-22
ga,2021-06-23,93,13,2021-10-22
ga,2021-06-24,97,13,2021-10-22
ga,2021-06-25,91,13,2021-10-22
ga,2021-06-26,93,13,2021-10-22
ga,2021-06-27,71,13,2021-10-22
ga,2021-06-28,73,13,2021-10-22
ga,2021-06-29,107,13,2021-10-22
ga,2021-06-30,103,13,2021-10-22
ga,2021-07-01,87,13,2021-10-22
ga,2021-07-02,94,13,2021-10-22
ga,2021-07-03,77,13,2021-10-22
ga,2021-07-04,74,13,2021-10-22
ga,2021-07-05,104,13,2021-10-22
ga,2021-07-06,120,13,2021-10-22
ga,2021-07-07,112,13,2021-10-22
ga,2021-07-08,136,13,2021-10-22
ga,2021-07-09,117,13,2021-10-22
ga,2021-07-10,121,13,2021-10-22
ga,2021-07-11,113,13,2021-10-22
ga,2021-07-12,142,13,2021-10-22
ga,2021-07-13,142,13,2021-10-22
ga,2021-07-14,146,13,2021-10-22
ga,2021-07-15,148,13,2021-10-22
ga,2021-07-16,168,13,2021-10-22
ga,2021-07-17,162,13,2021-10-22
ga,2021-07-18,140,13,2021-10-22
ga,2021-07-19,197,13,2021-10-22
ga,2021-07-20,211,13,2021-10-22
ga,2021-07-21,207,13,2021-10-22
ga,2021-07-22,259,13,2021-10-22
ga,2021-07-23,265,13,2021-10-22
ga,2021-07-24,253,13,2021-10-22
ga,2021-07-25,267,13,2021-10-22
ga,2021-07-26,298,13,2021-10-22
ga,2021-07-27,365,13,2021-10-22
ga,2021-07-28,394,13,2021-10-22
ga,2021-07-29,451,13,2021-10-22
ga,2021-07-30,445,13,2021-10-22
ga,2021-07-31,387,13,2021-10-22
ga,2021-08-01,342,13,2021-10-22
ga,2021-08-02,513,13,2021-10-22
ga,2021-08-03,553,13,2021-10-22
ga,2021-08-04,549,13,2021-10-22
ga,2021-08-05,541,13,2021-10-22
ga,2021-08-06,589,13,2021-10-22
ga,2021-08-07,539,13,2021-10-22
ga,2021-08-08,508,13,2021-10-22
ga,2021-08-09,637,13,2021-10-22
ga,2021-08-10,708,13,2021-10-22
ga,2021-08-11,665,13,2021-10-22
ga,2021-08-12,777,13,2021-10-22
ga,2021-08-13,691,13,2021-10-22
ga,2021-08-14,592,13,2021-10-22
ga,2021-08-15,628,13,2021-10-22
ga,2021-08-16,717,13,2021-10-22
ga,2021-08-17,777,13,2021-10-22
ga,2021-08-18,802,13,2021-10-22
ga,2021-08-19,762,13,2021-10-22
ga,2021-08-20,752,13,2021-10-22
ga,2021-08-21,741,13,2021-10-22
ga,2021-08-22,709,13,2021-10-22
ga,2021-08-23,854,13,2021-10-22
ga,2021-08-24,941,13,2021-10-22
ga,2021-08-25,922,13,2021-10-22
ga,2021-08-26,852,13,2021-10-22
ga,2021-08-27,819,13,2021-10-22
ga,2021-08-28,704,13,2021-10-22
ga,2021-08-29,692,13,2021-10-22
ga,2021-08-30,784,13,2021-10-22
ga,2021-08-31,847,13,2021-10-22
ga,2021-09-01,837,13,2021-10-22
ga,2021-09-02,792,13,2021-10-22
ga,2021-09-03,776,13,2021-10-22
ga,2021-09-04,681,13,2021-10-22
ga,2021-09-05,703,13,2021-10-22
ga,2021-09-06,726,13,2021-10-22
ga,2021-09-07,770,13,2021-10-22
ga,2021-09-08,741,13,2021-10-22
ga,2021-09-09,742,13,2021-10-22
ga,2021-09-10,642,13,2021-10-22
ga,2021-09-11,578,13,2021-10-22
ga,2021-09-12,538,13,2021-10-22
ga,2021-09-13,594,13,2021-10-22
ga,2021-09-14,672,13,2021-10-22
ga,2021-09-15,653,13,2021-10-22
ga,2021-09-16,525,13,2021-10-22
ga,2021-09-17,500,13,2021-10-22
ga,2021-09-18,399,13,2021-10-22
ga,2021-09-19,362,13,2021-10-22
ga,2021-09-20,488,13,2021-10-22
ga,2021-09-21,515,13,2021-10-22
ga,2021-09-22,507,13,2021-10-22
ga,2021-09-23,427,13,2021-10-22
ga,2021-09-24,410,13,2021-10-22
ga,2021-09-25,408,13,2021-10-22
ga,2021-09-26,317,13,2021-10-22
ga,2021-09-27,376,13,2021-10-22
ga,2021-09-28,409,13,2021-10-22
ga,2021-09-29,428,13,2021-10-22
ga,2021-09-30,405,13,2021-10-22
ga,2021-10-01,370,13,2021-10-22
ga,2021-10-02,337,13,2021-10-22
ga,2021-10-03,271,13,2021-10-22
ga,2021-10-04,304,13,2021-10-22
ga,2021-10-05,404,13,2021-10-22
ga,2021-10-06,362,13,2021-10-22
ga,2021-10-07,373,13,2021-10-22
ga,2021-10-08,325,13,2021-10-22
ga,2021-10-09,332,13,2021-10-22
ga,2021-10-10,251,13,2021-10-22
ga,2021-10-11,242,13,2021-10-22
ga,2021-10-12,296,13,2021-10-22
ga,2021-10-13,289,13,2021-10-22
ga,2021-10-14,270,13,2021-10-22
ga,2021-10-15,269,13,2021-10-22
ga,2021-10-16,245,13,2021-10-22
ga,2021-10-17,200,13,2021-10-22
ga,2021-10-18,176,13,2021-10-22
ga,2021-10-19,276,13,2021-10-22
ga,2021-10-20,274,13,2021-10-22
ga,2021-10-21,274,13,2021-10-22
hi,2019-12-31,NA,15,2021-10-22
hi,2020-01-01,NA,15,2021-10-22
hi,2020-01-02,NA,15,2021-10-22
hi,2020-01-03,NA,15,2021-10-22
hi,2020-01-04,NA,15,2021-10-22
hi,2020-01-05,NA,15,2021-10-22
hi,2020-01-06,NA,15,2021-10-22
hi,2020-01-07,NA,15,2021-10-22
hi,2020-01-08,NA,15,2021-10-22
hi,2020-01-09,NA,15,2021-10-22
hi,2020-01-10,NA,15,2021-10-22
hi,2020-01-11,NA,15,2021-10-22
hi,2020-01-12,NA,15,2021-10-22
hi,2020-01-13,NA,15,2021-10-22
hi,2020-01-14,NA,15,2021-10-22
hi,2020-01-15,NA,15,2021-10-22
hi,2020-01-16,NA,15,2021-10-22
hi,2020-01-17,NA,15,2021-10-22
hi,2020-01-18,NA,15,2021-10-22
hi,2020-01-19,NA,15,2021-10-22
hi,2020-01-20,NA,15,2021-10-22
hi,2020-01-21,NA,15,2021-10-22
hi,2020-01-22,NA,15,2021-10-22
hi,2020-01-23,NA,15,2021-10-22
hi,2020-01-24,NA,15,2021-10-22
hi,2020-01-25,NA,15,2021-10-22
hi,2020-01-26,NA,15,2021-10-22
hi,2020-01-27,NA,15,2021-10-22
hi,2020-01-28,NA,15,2021-10-22
hi,2020-01-29,NA,15,2021-10-22
hi,2020-01-30,NA,15,2021-10-22
hi,2020-01-31,NA,15,2021-10-22
hi,2020-02-01,NA,15,2021-10-22
hi,2020-02-02,NA,15,2021-10-22
hi,2020-02-03,NA,15,2021-10-22
hi,2020-02-04,NA,15,2021-10-22
hi,2020-02-05,NA,15,2021-10-22
hi,2020-02-06,NA,15,2021-10-22
hi,2020-02-07,NA,15,2021-10-22
hi,2020-02-08,NA,15,2021-10-22
hi,2020-02-09,NA,15,2021-10-22
hi,2020-02-10,NA,15,2021-10-22
hi,2020-02-11,NA,15,2021-10-22
hi,2020-02-12,NA,15,2021-10-22
hi,2020-02-13,NA,15,2021-10-22
hi,2020-02-14,NA,15,2021-10-22
hi,2020-02-15,NA,15,2021-10-22
hi,2020-02-16,NA,15,2021-10-22
hi,2020-02-17,NA,15,2021-10-22
hi,2020-02-18,NA,15,2021-10-22
hi,2020-02-19,NA,15,2021-10-22
hi,2020-02-20,NA,15,2021-10-22
hi,2020-02-21,NA,15,2021-10-22
hi,2020-02-22,NA,15,2021-10-22
hi,2020-02-23,NA,15,2021-10-22
hi,2020-02-24,NA,15,2021-10-22
hi,2020-02-25,NA,15,2021-10-22
hi,2020-02-26,NA,15,2021-10-22
hi,2020-02-27,NA,15,2021-10-22
hi,2020-02-28,NA,15,2021-10-22
hi,2020-02-29,NA,15,2021-10-22
hi,2020-03-01,NA,15,2021-10-22
hi,2020-03-02,NA,15,2021-10-22
hi,2020-03-03,NA,15,2021-10-22
hi,2020-03-04,NA,15,2021-10-22
hi,2020-03-05,NA,15,2021-10-22
hi,2020-03-06,NA,15,2021-10-22
hi,2020-03-07,NA,15,2021-10-22
hi,2020-03-08,NA,15,2021-10-22
hi,2020-03-09,NA,15,2021-10-22
hi,2020-03-10,NA,15,2021-10-22
hi,2020-03-11,NA,15,2021-10-22
hi,2020-03-12,NA,15,2021-10-22
hi,2020-03-13,NA,15,2021-10-22
hi,2020-03-14,NA,15,2021-10-22
hi,2020-03-15,NA,15,2021-10-22
hi,2020-03-16,NA,15,2021-10-22
hi,2020-03-17,NA,15,2021-10-22
hi,2020-03-18,NA,15,2021-10-22
hi,2020-03-19,NA,15,2021-10-22
hi,2020-03-20,NA,15,2021-10-22
hi,2020-03-21,NA,15,2021-10-22
hi,2020-03-22,NA,15,2021-10-22
hi,2020-03-23,NA,15,2021-10-22
hi,2020-03-24,NA,15,2021-10-22
hi,2020-03-25,NA,15,2021-10-22
hi,2020-03-26,NA,15,2021-10-22
hi,2020-03-27,NA,15,2021-10-22
hi,2020-03-28,NA,15,2021-10-22
hi,2020-03-29,NA,15,2021-10-22
hi,2020-03-30,NA,15,2021-10-22
hi,2020-03-31,NA,15,2021-10-22
hi,2020-04-01,NA,15,2021-10-22
hi,2020-04-02,NA,15,2021-10-22
hi,2020-04-03,NA,15,2021-10-22
hi,2020-04-04,NA,15,2021-10-22
hi,2020-04-05,NA,15,2021-10-22
hi,2020-04-06,NA,15,2021-10-22
hi,2020-04-07,NA,15,2021-10-22
hi,2020-04-08,NA,15,2021-10-22
hi,2020-04-09,NA,15,2021-10-22
hi,2020-04-10,NA,15,2021-10-22
hi,2020-04-11,NA,15,2021-10-22
hi,2020-04-12,NA,15,2021-10-22
hi,2020-04-13,NA,15,2021-10-22
hi,2020-04-14,NA,15,2021-10-22
hi,2020-04-15,NA,15,2021-10-22
hi,2020-04-16,NA,15,2021-10-22
hi,2020-04-17,NA,15,2021-10-22
hi,2020-04-18,NA,15,2021-10-22
hi,2020-04-19,NA,15,2021-10-22
hi,2020-04-20,NA,15,2021-10-22
hi,2020-04-21,NA,15,2021-10-22
hi,2020-04-22,NA,15,2021-10-22
hi,2020-04-23,NA,15,2021-10-22
hi,2020-04-24,NA,15,2021-10-22
hi,2020-04-25,NA,15,2021-10-22
hi,2020-04-26,NA,15,2021-10-22
hi,2020-04-27,NA,15,2021-10-22
hi,2020-04-28,NA,15,2021-10-22
hi,2020-04-29,NA,15,2021-10-22
hi,2020-04-30,NA,15,2021-10-22
hi,2020-05-01,NA,15,2021-10-22
hi,2020-05-02,NA,15,2021-10-22
hi,2020-05-03,NA,15,2021-10-22
hi,2020-05-04,NA,15,2021-10-22
hi,2020-05-05,NA,15,2021-10-22
hi,2020-05-06,NA,15,2021-10-22
hi,2020-05-07,NA,15,2021-10-22
hi,2020-05-08,NA,15,2021-10-22
hi,2020-05-09,NA,15,2021-10-22
hi,2020-05-10,NA,15,2021-10-22
hi,2020-05-11,NA,15,2021-10-22
hi,2020-05-12,NA,15,2021-10-22
hi,2020-05-13,NA,15,2021-10-22
hi,2020-05-14,NA,15,2021-10-22
hi,2020-05-15,NA,15,2021-10-22
hi,2020-05-16,NA,15,2021-10-22
hi,2020-05-17,NA,15,2021-10-22
hi,2020-05-18,NA,15,2021-10-22
hi,2020-05-19,NA,15,2021-10-22
hi,2020-05-20,NA,15,2021-10-22
hi,2020-05-21,NA,15,2021-10-22
hi,2020-05-22,NA,15,2021-10-22
hi,2020-05-23,NA,15,2021-10-22
hi,2020-05-24,NA,15,2021-10-22
hi,2020-05-25,NA,15,2021-10-22
hi,2020-05-26,NA,15,2021-10-22
hi,2020-05-27,NA,15,2021-10-22
hi,2020-05-28,NA,15,2021-10-22
hi,2020-05-29,NA,15,2021-10-22
hi,2020-05-30,NA,15,2021-10-22
hi,2020-05-31,NA,15,2021-10-22
hi,2020-06-01,NA,15,2021-10-22
hi,2020-06-02,NA,15,2021-10-22
hi,2020-06-03,NA,15,2021-10-22
hi,2020-06-04,NA,15,2021-10-22
hi,2020-06-05,NA,15,2021-10-22
hi,2020-06-06,NA,15,2021-10-22
hi,2020-06-07,NA,15,2021-10-22
hi,2020-06-08,NA,15,2021-10-22
hi,2020-06-09,NA,15,2021-10-22
hi,2020-06-10,NA,15,2021-10-22
hi,2020-06-11,NA,15,2021-10-22
hi,2020-06-12,NA,15,2021-10-22
hi,2020-06-13,NA,15,2021-10-22
hi,2020-06-14,NA,15,2021-10-22
hi,2020-06-15,NA,15,2021-10-22
hi,2020-06-16,NA,15,2021-10-22
hi,2020-06-17,NA,15,2021-10-22
hi,2020-06-18,NA,15,2021-10-22
hi,2020-06-19,NA,15,2021-10-22
hi,2020-06-20,NA,15,2021-10-22
hi,2020-06-21,NA,15,2021-10-22
hi,2020-06-22,NA,15,2021-10-22
hi,2020-06-23,NA,15,2021-10-22
hi,2020-06-24,NA,15,2021-10-22
hi,2020-06-25,NA,15,2021-10-22
hi,2020-06-26,NA,15,2021-10-22
hi,2020-06-27,NA,15,2021-10-22
hi,2020-06-28,NA,15,2021-10-22
hi,2020-06-29,NA,15,2021-10-22
hi,2020-06-30,NA,15,2021-10-22
hi,2020-07-01,NA,15,2021-10-22
hi,2020-07-02,NA,15,2021-10-22
hi,2020-07-03,NA,15,2021-10-22
hi,2020-07-04,NA,15,2021-10-22
hi,2020-07-05,NA,15,2021-10-22
hi,2020-07-06,NA,15,2021-10-22
hi,2020-07-07,NA,15,2021-10-22
hi,2020-07-08,NA,15,2021-10-22
hi,2020-07-09,NA,15,2021-10-22
hi,2020-07-10,NA,15,2021-10-22
hi,2020-07-11,NA,15,2021-10-22
hi,2020-07-12,NA,15,2021-10-22
hi,2020-07-13,NA,15,2021-10-22
hi,2020-07-14,4,15,2021-10-22
hi,2020-07-15,2,15,2021-10-22
hi,2020-07-16,0,15,2021-10-22
hi,2020-07-17,4,15,2021-10-22
hi,2020-07-18,0,15,2021-10-22
hi,2020-07-19,1,15,2021-10-22
hi,2020-07-20,3,15,2021-10-22
hi,2020-07-21,1,15,2021-10-22
hi,2020-07-22,4,15,2021-10-22
hi,2020-07-23,4,15,2021-10-22
hi,2020-07-24,5,15,2021-10-22
hi,2020-07-25,4,15,2021-10-22
hi,2020-07-26,11,15,2021-10-22
hi,2020-07-27,11,15,2021-10-22
hi,2020-07-28,7,15,2021-10-22
hi,2020-07-29,12,15,2021-10-22
hi,2020-07-30,13,15,2021-10-22
hi,2020-07-31,11,15,2021-10-22
hi,2020-08-01,11,15,2021-10-22
hi,2020-08-02,8,15,2021-10-22
hi,2020-08-03,7,15,2021-10-22
hi,2020-08-04,17,15,2021-10-22
hi,2020-08-05,21,15,2021-10-22
hi,2020-08-06,36,15,2021-10-22
hi,2020-08-07,13,15,2021-10-22
hi,2020-08-08,17,15,2021-10-22
hi,2020-08-09,17,15,2021-10-22
hi,2020-08-10,16,15,2021-10-22
hi,2020-08-11,35,15,2021-10-22
hi,2020-08-12,25,15,2021-10-22
hi,2020-08-13,13,15,2021-10-22
hi,2020-08-14,20,15,2021-10-22
hi,2020-08-15,14,15,2021-10-22
hi,2020-08-16,29,15,2021-10-22
hi,2020-08-17,23,15,2021-10-22
hi,2020-08-18,24,15,2021-10-22
hi,2020-08-19,28,15,2021-10-22
hi,2020-08-20,46,15,2021-10-22
hi,2020-08-21,50,15,2021-10-22
hi,2020-08-22,51,15,2021-10-22
hi,2020-08-23,44,15,2021-10-22
hi,2020-08-24,76,15,2021-10-22
hi,2020-08-25,58,15,2021-10-22
hi,2020-08-26,55,15,2021-10-22
hi,2020-08-27,41,15,2021-10-22
hi,2020-08-28,86,15,2021-10-22
hi,2020-08-29,60,15,2021-10-22
hi,2020-08-30,34,15,2021-10-22
hi,2020-08-31,51,15,2021-10-22
hi,2020-09-01,32,15,2021-10-22
hi,2020-09-02,30,15,2021-10-22
hi,2020-09-03,29,15,2021-10-22
hi,2020-09-04,54,15,2021-10-22
hi,2020-09-05,55,15,2021-10-22
hi,2020-09-06,61,15,2021-10-22
hi,2020-09-07,30,15,2021-10-22
hi,2020-09-08,24,15,2021-10-22
hi,2020-09-09,34,15,2021-10-22
hi,2020-09-10,77,15,2021-10-22
hi,2020-09-11,60,15,2021-10-22
hi,2020-09-12,59,15,2021-10-22
hi,2020-09-13,22,15,2021-10-22
hi,2020-09-14,33,15,2021-10-22
hi,2020-09-15,18,15,2021-10-22
hi,2020-09-16,27,15,2021-10-22
hi,2020-09-17,59,15,2021-10-22
hi,2020-09-18,26,15,2021-10-22
hi,2020-09-19,44,15,2021-10-22
hi,2020-09-20,15,15,2021-10-22
hi,2020-09-21,16,15,2021-10-22
hi,2020-09-22,15,15,2021-10-22
hi,2020-09-23,16,15,2021-10-22
hi,2020-09-24,50,15,2021-10-22
hi,2020-09-25,16,15,2021-10-22
hi,2020-09-26,69,15,2021-10-22
hi,2020-09-27,66,15,2021-10-22
hi,2020-09-28,10,15,2021-10-22
hi,2020-09-29,28,15,2021-10-22
hi,2020-09-30,7,15,2021-10-22
hi,2020-10-01,17,15,2021-10-22
hi,2020-10-02,49,15,2021-10-22
hi,2020-10-03,24,15,2021-10-22
hi,2020-10-04,18,15,2021-10-22
hi,2020-10-05,17,15,2021-10-22
hi,2020-10-06,13,15,2021-10-22
hi,2020-10-07,17,15,2021-10-22
hi,2020-10-08,17,15,2021-10-22
hi,2020-10-09,14,15,2021-10-22
hi,2020-10-10,25,15,2021-10-22
hi,2020-10-11,9,15,2021-10-22
hi,2020-10-12,11,15,2021-10-22
hi,2020-10-13,18,15,2021-10-22
hi,2020-10-14,11,15,2021-10-22
hi,2020-10-15,12,15,2021-10-22
hi,2020-10-16,8,15,2021-10-22
hi,2020-10-17,12,15,2021-10-22
hi,2020-10-18,7,15,2021-10-22
hi,2020-10-19,16,15,2021-10-22
hi,2020-10-20,7,15,2021-10-22
hi,2020-10-21,3,15,2021-10-22
hi,2020-10-22,6,15,2021-10-22
hi,2020-10-23,6,15,2021-10-22
hi,2020-10-24,4,15,2021-10-22
hi,2020-10-25,8,15,2021-10-22
hi,2020-10-26,9,15,2021-10-22
hi,2020-10-27,9,15,2021-10-22
hi,2020-10-28,5,15,2021-10-22
hi,2020-10-29,5,15,2021-10-22
hi,2020-10-30,8,15,2021-10-22
hi,2020-10-31,9,15,2021-10-22
hi,2020-11-01,3,15,2021-10-22
hi,2020-11-02,5,15,2021-10-22
hi,2020-11-03,6,15,2021-10-22
hi,2020-11-04,12,15,2021-10-22
hi,2020-11-05,8,15,2021-10-22
hi,2020-11-06,9,15,2021-10-22
hi,2020-11-07,4,15,2021-10-22
hi,2020-11-08,5,15,2021-10-22
hi,2020-11-09,10,15,2021-10-22
hi,2020-11-10,7,15,2021-10-22
hi,2020-11-11,6,15,2021-10-22
hi,2020-11-12,10,15,2021-10-22
hi,2020-11-13,13,15,2021-10-22
hi,2020-11-14,12,15,2021-10-22
hi,2020-11-15,4,15,2021-10-22
hi,2020-11-16,9,15,2021-10-22
hi,2020-11-17,12,15,2021-10-22
hi,2020-11-18,5,15,2021-10-22
hi,2020-11-19,10,15,2021-10-22
hi,2020-11-20,6,15,2021-10-22
hi,2020-11-21,2,15,2021-10-22
hi,2020-11-22,5,15,2021-10-22
hi,2020-11-23,7,15,2021-10-22
hi,2020-11-24,4,15,2021-10-22
hi,2020-11-25,6,15,2021-10-22
hi,2020-11-26,4,15,2021-10-22
hi,2020-11-27,4,15,2021-10-22
hi,2020-11-28,3,15,2021-10-22
hi,2020-11-29,6,15,2021-10-22
hi,2020-11-30,8,15,2021-10-22
hi,2020-12-01,7,15,2021-10-22
hi,2020-12-02,11,15,2021-10-22
hi,2020-12-03,8,15,2021-10-22
hi,2020-12-04,5,15,2021-10-22
hi,2020-12-05,5,15,2021-10-22
hi,2020-12-06,7,15,2021-10-22
hi,2020-12-07,12,15,2021-10-22
hi,2020-12-08,7,15,2021-10-22
hi,2020-12-09,5,15,2021-10-22
hi,2020-12-10,7,15,2021-10-22
hi,2020-12-11,7,15,2021-10-22
hi,2020-12-12,3,15,2021-10-22
hi,2020-12-13,9,15,2021-10-22
hi,2020-12-14,4,15,2021-10-22
hi,2020-12-15,7,15,2021-10-22
hi,2020-12-16,8,15,2021-10-22
hi,2020-12-17,4,15,2021-10-22
hi,2020-12-18,12,15,2021-10-22
hi,2020-12-19,6,15,2021-10-22
hi,2020-12-20,6,15,2021-10-22
hi,2020-12-21,11,15,2021-10-22
hi,2020-12-22,12,15,2021-10-22
hi,2020-12-23,12,15,2021-10-22
hi,2020-12-24,10,15,2021-10-22
hi,2020-12-25,8,15,2021-10-22
hi,2020-12-26,9,15,2021-10-22
hi,2020-12-27,10,15,2021-10-22
hi,2020-12-28,7,15,2021-10-22
hi,2020-12-29,14,15,2021-10-22
hi,2020-12-30,11,15,2021-10-22
hi,2020-12-31,12,15,2021-10-22
hi,2021-01-01,9,15,2021-10-22
hi,2021-01-02,12,15,2021-10-22
hi,2021-01-03,13,15,2021-10-22
hi,2021-01-04,9,15,2021-10-22
hi,2021-01-05,12,15,2021-10-22
hi,2021-01-06,12,15,2021-10-22
hi,2021-01-07,9,15,2021-10-22
hi,2021-01-08,10,15,2021-10-22
hi,2021-01-09,12,15,2021-10-22
hi,2021-01-10,10,15,2021-10-22
hi,2021-01-11,7,15,2021-10-22
hi,2021-01-12,11,15,2021-10-22
hi,2021-01-13,10,15,2021-10-22
hi,2021-01-14,8,15,2021-10-22
hi,2021-01-15,11,15,2021-10-22
hi,2021-01-16,10,15,2021-10-22
hi,2021-01-17,10,15,2021-10-22
hi,2021-01-18,7,15,2021-10-22
hi,2021-01-19,12,15,2021-10-22
hi,2021-01-20,9,15,2021-10-22
hi,2021-01-21,13,15,2021-10-22
hi,2021-01-22,7,15,2021-10-22
hi,2021-01-23,11,15,2021-10-22
hi,2021-01-24,8,15,2021-10-22
hi,2021-01-25,10,15,2021-10-22
hi,2021-01-26,7,15,2021-10-22
hi,2021-01-27,7,15,2021-10-22
hi,2021-01-28,6,15,2021-10-22
hi,2021-01-29,5,15,2021-10-22
hi,2021-01-30,7,15,2021-10-22
hi,2021-01-31,4,15,2021-10-22
hi,2021-02-01,3,15,2021-10-22
hi,2021-02-02,5,15,2021-10-22
hi,2021-02-03,7,15,2021-10-22
hi,2021-02-04,4,15,2021-10-22
hi,2021-02-05,3,15,2021-10-22
hi,2021-02-06,4,15,2021-10-22
hi,2021-02-07,2,15,2021-10-22
hi,2021-02-08,3,15,2021-10-22
hi,2021-02-09,3,15,2021-10-22
hi,2021-02-10,5,15,2021-10-22
hi,2021-02-11,6,15,2021-10-22
hi,2021-02-12,1,15,2021-10-22
hi,2021-02-13,2,15,2021-10-22
hi,2021-02-14,7,15,2021-10-22
hi,2021-02-15,1,15,2021-10-22
hi,2021-02-16,1,15,2021-10-22
hi,2021-02-17,3,15,2021-10-22
hi,2021-02-18,3,15,2021-10-22
hi,2021-02-19,2,15,2021-10-22
hi,2021-02-20,7,15,2021-10-22
hi,2021-02-21,2,15,2021-10-22
hi,2021-02-22,7,15,2021-10-22
hi,2021-02-23,4,15,2021-10-22
hi,2021-02-24,2,15,2021-10-22
hi,2021-02-25,3,15,2021-10-22
hi,2021-02-26,4,15,2021-10-22
hi,2021-02-27,1,15,2021-10-22
hi,2021-02-28,4,15,2021-10-22
hi,2021-03-01,3,15,2021-10-22
hi,2021-03-02,2,15,2021-10-22
hi,2021-03-03,2,15,2021-10-22
hi,2021-03-04,1,15,2021-10-22
hi,2021-03-05,1,15,2021-10-22
hi,2021-03-06,1,15,2021-10-22
hi,2021-03-07,2,15,2021-10-22
hi,2021-03-08,2,15,2021-10-22
hi,2021-03-09,4,15,2021-10-22
hi,2021-03-10,4,15,2021-10-22
hi,2021-03-11,4,15,2021-10-22
hi,2021-03-12,7,15,2021-10-22
hi,2021-03-13,1,15,2021-10-22
hi,2021-03-14,5,15,2021-10-22
hi,2021-03-15,3,15,2021-10-22
hi,2021-03-16,5,15,2021-10-22
hi,2021-03-17,1,15,2021-10-22
hi,2021-03-18,1,15,2021-10-22
hi,2021-03-19,6,15,2021-10-22
hi,2021-03-20,3,15,2021-10-22
hi,2021-03-21,5,15,2021-10-22
hi,2021-03-22,5,15,2021-10-22
hi,2021-03-23,8,15,2021-10-22
hi,2021-03-24,2,15,2021-10-22
hi,2021-03-25,7,15,2021-10-22
hi,2021-03-26,3,15,2021-10-22
hi,2021-03-27,5,15,2021-10-22
hi,2021-03-28,4,15,2021-10-22
hi,2021-03-29,6,15,2021-10-22
hi,2021-03-30,5,15,2021-10-22
hi,2021-03-31,6,15,2021-10-22
hi,2021-04-01,7,15,2021-10-22
hi,2021-04-02,7,15,2021-10-22
hi,2021-04-03,9,15,2021-10-22
hi,2021-04-04,5,15,2021-10-22
hi,2021-04-05,8,15,2021-10-22
hi,2021-04-06,6,15,2021-10-22
hi,2021-04-07,4,15,2021-10-22
hi,2021-04-08,8,15,2021-10-22
hi,2021-04-09,11,15,2021-10-22
hi,2021-04-10,9,15,2021-10-22
hi,2021-04-11,4,15,2021-10-22
hi,2021-04-12,5,15,2021-10-22
hi,2021-04-13,6,15,2021-10-22
hi,2021-04-14,4,15,2021-10-22
hi,2021-04-15,3,15,2021-10-22
hi,2021-04-16,4,15,2021-10-22
hi,2021-04-17,3,15,2021-10-22
hi,2021-04-18,5,15,2021-10-22
hi,2021-04-19,9,15,2021-10-22
hi,2021-04-20,9,15,2021-10-22
hi,2021-04-21,6,15,2021-10-22
hi,2021-04-22,3,15,2021-10-22
hi,2021-04-23,2,15,2021-10-22
hi,2021-04-24,2,15,2021-10-22
hi,2021-04-25,7,15,2021-10-22
hi,2021-04-26,6,15,2021-10-22
hi,2021-04-27,9,15,2021-10-22
hi,2021-04-28,2,15,2021-10-22
hi,2021-04-29,6,15,2021-10-22
hi,2021-04-30,8,15,2021-10-22
hi,2021-05-01,10,15,2021-10-22
hi,2021-05-02,4,15,2021-10-22
hi,2021-05-03,9,15,2021-10-22
hi,2021-05-04,5,15,2021-10-22
hi,2021-05-05,6,15,2021-10-22
hi,2021-05-06,9,15,2021-10-22
hi,2021-05-07,3,15,2021-10-22
hi,2021-05-08,4,15,2021-10-22
hi,2021-05-09,5,15,2021-10-22
hi,2021-05-10,18,15,2021-10-22
hi,2021-05-11,4,15,2021-10-22
hi,2021-05-12,6,15,2021-10-22
hi,2021-05-13,2,15,2021-10-22
hi,2021-05-14,2,15,2021-10-22
hi,2021-05-15,3,15,2021-10-22
hi,2021-05-16,5,15,2021-10-22
hi,2021-05-17,3,15,2021-10-22
hi,2021-05-18,6,15,2021-10-22
hi,2021-05-19,6,15,2021-10-22
hi,2021-05-20,3,15,2021-10-22
hi,2021-05-21,6,15,2021-10-22
hi,2021-05-22,1,15,2021-10-22
hi,2021-05-23,5,15,2021-10-22
hi,2021-05-24,7,15,2021-10-22
hi,2021-05-25,6,15,2021-10-22
hi,2021-05-26,5,15,2021-10-22
hi,2021-05-27,9,15,2021-10-22
hi,2021-05-28,4,15,2021-10-22
hi,2021-05-29,3,15,2021-10-22
hi,2021-05-30,2,15,2021-10-22
hi,2021-05-31,6,15,2021-10-22
hi,2021-06-01,5,15,2021-10-22
hi,2021-06-02,5,15,2021-10-22
hi,2021-06-03,3,15,2021-10-22
hi,2021-06-04,0,15,2021-10-22
hi,2021-06-05,1,15,2021-10-22
hi,2021-06-06,1,15,2021-10-22
hi,2021-06-07,1,15,2021-10-22
hi,2021-06-08,8,15,2021-10-22
hi,2021-06-09,1,15,2021-10-22
hi,2021-06-10,2,15,2021-10-22
hi,2021-06-11,3,15,2021-10-22
hi,2021-06-12,3,15,2021-10-22
hi,2021-06-13,3,15,2021-10-22
hi,2021-06-14,5,15,2021-10-22
hi,2021-06-15,6,15,2021-10-22
hi,2021-06-16,2,15,2021-10-22
hi,2021-06-17,5,15,2021-10-22
hi,2021-06-18,5,15,2021-10-22
hi,2021-06-19,2,15,2021-10-22
hi,2021-06-20,4,15,2021-10-22
hi,2021-06-21,6,15,2021-10-22
hi,2021-06-22,4,15,2021-10-22
hi,2021-06-23,6,15,2021-10-22
hi,2021-06-24,3,15,2021-10-22
hi,2021-06-25,5,15,2021-10-22
hi,2021-06-26,2,15,2021-10-22
hi,2021-06-27,3,15,2021-10-22
hi,2021-06-28,1,15,2021-10-22
hi,2021-06-29,9,15,2021-10-22
hi,2021-06-30,3,15,2021-10-22
hi,2021-07-01,6,15,2021-10-22
hi,2021-07-02,3,15,2021-10-22
hi,2021-07-03,2,15,2021-10-22
hi,2021-07-04,6,15,2021-10-22
hi,2021-07-05,15,15,2021-10-22
hi,2021-07-06,7,15,2021-10-22
hi,2021-07-07,8,15,2021-10-22
hi,2021-07-08,8,15,2021-10-22
hi,2021-07-09,6,15,2021-10-22
hi,2021-07-10,3,15,2021-10-22
hi,2021-07-11,6,15,2021-10-22
hi,2021-07-12,6,15,2021-10-22
hi,2021-07-13,3,15,2021-10-22
hi,2021-07-14,5,15,2021-10-22
hi,2021-07-15,5,15,2021-10-22
hi,2021-07-16,5,15,2021-10-22
hi,2021-07-17,7,15,2021-10-22
hi,2021-07-18,2,15,2021-10-22
hi,2021-07-19,10,15,2021-10-22
hi,2021-07-20,7,15,2021-10-22
hi,2021-07-21,10,15,2021-10-22
hi,2021-07-22,5,15,2021-10-22
hi,2021-07-23,6,15,2021-10-22
hi,2021-07-24,8,15,2021-10-22
hi,2021-07-25,15,15,2021-10-22
hi,2021-07-26,12,15,2021-10-22
hi,2021-07-27,9,15,2021-10-22
hi,2021-07-28,14,15,2021-10-22
hi,2021-07-29,17,15,2021-10-22
hi,2021-07-30,15,15,2021-10-22
hi,2021-07-31,18,15,2021-10-22
hi,2021-08-01,24,15,2021-10-22
hi,2021-08-02,22,15,2021-10-22
hi,2021-08-03,31,15,2021-10-22
hi,2021-08-04,29,15,2021-10-22
hi,2021-08-05,43,15,2021-10-22
hi,2021-08-06,42,15,2021-10-22
hi,2021-08-07,41,15,2021-10-22
hi,2021-08-08,30,15,2021-10-22
hi,2021-08-09,34,15,2021-10-22
hi,2021-08-10,55,15,2021-10-22
hi,2021-08-11,54,15,2021-10-22
hi,2021-08-12,48,15,2021-10-22
hi,2021-08-13,40,15,2021-10-22
hi,2021-08-14,42,15,2021-10-22
hi,2021-08-15,37,15,2021-10-22
hi,2021-08-16,67,15,2021-10-22
hi,2021-08-17,66,15,2021-10-22
hi,2021-08-18,56,15,2021-10-22
hi,2021-08-19,63,15,2021-10-22
hi,2021-08-20,58,15,2021-10-22
hi,2021-08-21,54,15,2021-10-22
hi,2021-08-22,62,15,2021-10-22
hi,2021-08-23,63,15,2021-10-22
hi,2021-08-24,56,15,2021-10-22
hi,2021-08-25,53,15,2021-10-22
hi,2021-08-26,52,15,2021-10-22
hi,2021-08-27,39,15,2021-10-22
hi,2021-08-28,36,15,2021-10-22
hi,2021-08-29,41,15,2021-10-22
hi,2021-08-30,50,15,2021-10-22
hi,2021-08-31,48,15,2021-10-22
hi,2021-09-01,35,15,2021-10-22
hi,2021-09-02,48,15,2021-10-22
hi,2021-09-03,41,15,2021-10-22
hi,2021-09-04,30,15,2021-10-22
hi,2021-09-05,43,15,2021-10-22
hi,2021-09-06,30,15,2021-10-22
hi,2021-09-07,42,15,2021-10-22
hi,2021-09-08,59,15,2021-10-22
hi,2021-09-09,38,15,2021-10-22
hi,2021-09-10,38,15,2021-10-22
hi,2021-09-11,36,15,2021-10-22
hi,2021-09-12,32,15,2021-10-22
hi,2021-09-13,33,15,2021-10-22
hi,2021-09-14,31,15,2021-10-22
hi,2021-09-15,40,15,2021-10-22
hi,2021-09-16,43,15,2021-10-22
hi,2021-09-17,25,15,2021-10-22
hi,2021-09-18,25,15,2021-10-22
hi,2021-09-19,26,15,2021-10-22
hi,2021-09-20,23,15,2021-10-22
hi,2021-09-21,19,15,2021-10-22
hi,2021-09-22,22,15,2021-10-22
hi,2021-09-23,28,15,2021-10-22
hi,2021-09-24,22,15,2021-10-22
hi,2021-09-25,19,15,2021-10-22
hi,2021-09-26,29,15,2021-10-22
hi,2021-09-27,21,15,2021-10-22
hi,2021-09-28,15,15,2021-10-22
hi,2021-09-29,18,15,2021-10-22
hi,2021-09-30,18,15,2021-10-22
hi,2021-10-01,16,15,2021-10-22
hi,2021-10-02,14,15,2021-10-22
hi,2021-10-03,14,15,2021-10-22
hi,2021-10-04,6,15,2021-10-22
hi,2021-10-05,16,15,2021-10-22
hi,2021-10-06,13,15,2021-10-22
hi,2021-10-07,16,15,2021-10-22
hi,2021-10-08,14,15,2021-10-22
hi,2021-10-09,17,15,2021-10-22
hi,2021-10-10,10,15,2021-10-22
hi,2021-10-11,7,15,2021-10-22
hi,2021-10-12,10,15,2021-10-22
hi,2021-10-13,7,15,2021-10-22
hi,2021-10-14,6,15,2021-10-22
hi,2021-10-15,11,15,2021-10-22
hi,2021-10-16,9,15,2021-10-22
hi,2021-10-17,7,15,2021-10-22
hi,2021-10-18,6,15,2021-10-22
hi,2021-10-19,6,15,2021-10-22
hi,2021-10-20,4,15,2021-10-22
hi,2021-10-21,4,15,2021-10-22
id,2020-03-12,NA,16,2021-10-22
id,2020-03-13,NA,16,2021-10-22
id,2020-03-14,NA,16,2021-10-22
id,2020-03-15,NA,16,2021-10-22
id,2020-03-16,NA,16,2021-10-22
id,2020-03-17,NA,16,2021-10-22
id,2020-03-18,NA,16,2021-10-22
id,2020-03-19,NA,16,2021-10-22
id,2020-03-20,NA,16,2021-10-22
id,2020-03-21,NA,16,2021-10-22
id,2020-03-22,NA,16,2021-10-22
id,2020-03-23,NA,16,2021-10-22
id,2020-03-24,NA,16,2021-10-22
id,2020-03-25,NA,16,2021-10-22
id,2020-03-26,NA,16,2021-10-22
id,2020-03-27,NA,16,2021-10-22
id,2020-03-28,NA,16,2021-10-22
id,2020-03-29,NA,16,2021-10-22
id,2020-03-30,NA,16,2021-10-22
id,2020-03-31,NA,16,2021-10-22
id,2020-04-01,NA,16,2021-10-22
id,2020-04-02,NA,16,2021-10-22
id,2020-04-03,NA,16,2021-10-22
id,2020-04-04,NA,16,2021-10-22
id,2020-04-05,NA,16,2021-10-22
id,2020-04-06,NA,16,2021-10-22
id,2020-04-07,NA,16,2021-10-22
id,2020-04-08,NA,16,2021-10-22
id,2020-04-09,NA,16,2021-10-22
id,2020-04-10,NA,16,2021-10-22
id,2020-04-11,NA,16,2021-10-22
id,2020-04-12,NA,16,2021-10-22
id,2020-04-13,NA,16,2021-10-22
id,2020-04-14,NA,16,2021-10-22
id,2020-04-15,NA,16,2021-10-22
id,2020-04-16,NA,16,2021-10-22
id,2020-04-17,NA,16,2021-10-22
id,2020-04-18,NA,16,2021-10-22
id,2020-04-19,NA,16,2021-10-22
id,2020-04-20,NA,16,2021-10-22
id,2020-04-21,NA,16,2021-10-22
id,2020-04-22,NA,16,2021-10-22
id,2020-04-23,NA,16,2021-10-22
id,2020-04-24,NA,16,2021-10-22
id,2020-04-25,NA,16,2021-10-22
id,2020-04-26,NA,16,2021-10-22
id,2020-04-27,NA,16,2021-10-22
id,2020-04-28,NA,16,2021-10-22
id,2020-04-29,NA,16,2021-10-22
id,2020-04-30,NA,16,2021-10-22
id,2020-05-01,NA,16,2021-10-22
id,2020-05-02,NA,16,2021-10-22
id,2020-05-03,NA,16,2021-10-22
id,2020-05-04,NA,16,2021-10-22
id,2020-05-05,NA,16,2021-10-22
id,2020-05-06,NA,16,2021-10-22
id,2020-05-07,NA,16,2021-10-22
id,2020-05-08,NA,16,2021-10-22
id,2020-05-09,NA,16,2021-10-22
id,2020-05-10,NA,16,2021-10-22
id,2020-05-11,NA,16,2021-10-22
id,2020-05-12,NA,16,2021-10-22
id,2020-05-13,NA,16,2021-10-22
id,2020-05-14,NA,16,2021-10-22
id,2020-05-15,NA,16,2021-10-22
id,2020-05-16,NA,16,2021-10-22
id,2020-05-17,NA,16,2021-10-22
id,2020-05-18,NA,16,2021-10-22
id,2020-05-19,NA,16,2021-10-22
id,2020-05-20,NA,16,2021-10-22
id,2020-05-21,NA,16,2021-10-22
id,2020-05-22,NA,16,2021-10-22
id,2020-05-23,NA,16,2021-10-22
id,2020-05-24,NA,16,2021-10-22
id,2020-05-25,NA,16,2021-10-22
id,2020-05-26,NA,16,2021-10-22
id,2020-05-27,NA,16,2021-10-22
id,2020-05-28,NA,16,2021-10-22
id,2020-05-29,NA,16,2021-10-22
id,2020-05-30,NA,16,2021-10-22
id,2020-05-31,NA,16,2021-10-22
id,2020-06-01,NA,16,2021-10-22
id,2020-06-02,NA,16,2021-10-22
id,2020-06-03,NA,16,2021-10-22
id,2020-06-04,NA,16,2021-10-22
id,2020-06-05,NA,16,2021-10-22
id,2020-06-06,NA,16,2021-10-22
id,2020-06-07,NA,16,2021-10-22
id,2020-06-08,NA,16,2021-10-22
id,2020-06-09,NA,16,2021-10-22
id,2020-06-10,NA,16,2021-10-22
id,2020-06-11,NA,16,2021-10-22
id,2020-06-12,NA,16,2021-10-22
id,2020-06-13,NA,16,2021-10-22
id,2020-06-14,NA,16,2021-10-22
id,2020-06-15,NA,16,2021-10-22
id,2020-06-16,NA,16,2021-10-22
id,2020-06-17,NA,16,2021-10-22
id,2020-06-18,NA,16,2021-10-22
id,2020-06-19,NA,16,2021-10-22
id,2020-06-20,NA,16,2021-10-22
id,2020-06-21,NA,16,2021-10-22
id,2020-06-22,NA,16,2021-10-22
id,2020-06-23,NA,16,2021-10-22
id,2020-06-24,NA,16,2021-10-22
id,2020-06-25,NA,16,2021-10-22
id,2020-06-26,NA,16,2021-10-22
id,2020-06-27,NA,16,2021-10-22
id,2020-06-28,NA,16,2021-10-22
id,2020-06-29,NA,16,2021-10-22
id,2020-06-30,NA,16,2021-10-22
id,2020-07-01,NA,16,2021-10-22
id,2020-07-02,NA,16,2021-10-22
id,2020-07-03,NA,16,2021-10-22
id,2020-07-04,NA,16,2021-10-22
id,2020-07-05,NA,16,2021-10-22
id,2020-07-06,NA,16,2021-10-22
id,2020-07-07,NA,16,2021-10-22
id,2020-07-08,NA,16,2021-10-22
id,2020-07-09,NA,16,2021-10-22
id,2020-07-10,NA,16,2021-10-22
id,2020-07-11,NA,16,2021-10-22
id,2020-07-12,NA,16,2021-10-22
id,2020-07-13,NA,16,2021-10-22
id,2020-07-14,10,16,2021-10-22
id,2020-07-15,19,16,2021-10-22
id,2020-07-16,18,16,2021-10-22
id,2020-07-17,12,16,2021-10-22
id,2020-07-18,16,16,2021-10-22
id,2020-07-19,19,16,2021-10-22
id,2020-07-20,22,16,2021-10-22
id,2020-07-21,23,16,2021-10-22
id,2020-07-22,24,16,2021-10-22
id,2020-07-23,16,16,2021-10-22
id,2020-07-24,17,16,2021-10-22
id,2020-07-25,20,16,2021-10-22
id,2020-07-26,20,16,2021-10-22
id,2020-07-27,23,16,2021-10-22
id,2020-07-28,26,16,2021-10-22
id,2020-07-29,25,16,2021-10-22
id,2020-07-30,18,16,2021-10-22
id,2020-07-31,13,16,2021-10-22
id,2020-08-01,21,16,2021-10-22
id,2020-08-02,14,16,2021-10-22
id,2020-08-03,27,16,2021-10-22
id,2020-08-04,22,16,2021-10-22
id,2020-08-05,21,16,2021-10-22
id,2020-08-06,23,16,2021-10-22
id,2020-08-07,17,16,2021-10-22
id,2020-08-08,13,16,2021-10-22
id,2020-08-09,8,16,2021-10-22
id,2020-08-10,23,16,2021-10-22
id,2020-08-11,24,16,2021-10-22
id,2020-08-12,20,16,2021-10-22
id,2020-08-13,20,16,2021-10-22
id,2020-08-14,18,16,2021-10-22
id,2020-08-15,14,16,2021-10-22
id,2020-08-16,27,16,2021-10-22
id,2020-08-17,25,16,2021-10-22
id,2020-08-18,19,16,2021-10-22
id,2020-08-19,29,16,2021-10-22
id,2020-08-20,17,16,2021-10-22
id,2020-08-21,18,16,2021-10-22
id,2020-08-22,13,16,2021-10-22
id,2020-08-23,12,16,2021-10-22
id,2020-08-24,13,16,2021-10-22
id,2020-08-25,22,16,2021-10-22
id,2020-08-26,15,16,2021-10-22
id,2020-08-27,15,16,2021-10-22
id,2020-08-28,17,16,2021-10-22
id,2020-08-29,10,16,2021-10-22
id,2020-08-30,16,16,2021-10-22
id,2020-08-31,11,16,2021-10-22
id,2020-09-01,19,16,2021-10-22
id,2020-09-02,13,16,2021-10-22
id,2020-09-03,17,16,2021-10-22
id,2020-09-04,20,16,2021-10-22
id,2020-09-05,17,16,2021-10-22
id,2020-09-06,14,16,2021-10-22
id,2020-09-07,16,16,2021-10-22
id,2020-09-08,8,16,2021-10-22
id,2020-09-09,17,16,2021-10-22
id,2020-09-10,17,16,2021-10-22
id,2020-09-11,14,16,2021-10-22
id,2020-09-12,14,16,2021-10-22
id,2020-09-13,14,16,2021-10-22
id,2020-09-14,5,16,2021-10-22
id,2020-09-15,11,16,2021-10-22
id,2020-09-16,12,16,2021-10-22
id,2020-09-17,17,16,2021-10-22
id,2020-09-18,11,16,2021-10-22
id,2020-09-19,14,16,2021-10-22
id,2020-09-20,12,16,2021-10-22
id,2020-09-21,19,16,2021-10-22
id,2020-09-22,24,16,2021-10-22
id,2020-09-23,29,16,2021-10-22
id,2020-09-24,22,16,2021-10-22
id,2020-09-25,21,16,2021-10-22
id,2020-09-26,22,16,2021-10-22
id,2020-09-27,18,16,2021-10-22
id,2020-09-28,26,16,2021-10-22
id,2020-09-29,18,16,2021-10-22
id,2020-09-30,16,16,2021-10-22
id,2020-10-01,22,16,2021-10-22
id,2020-10-02,30,16,2021-10-22
id,2020-10-03,20,16,2021-10-22
id,2020-10-04,15,16,2021-10-22
id,2020-10-05,22,16,2021-10-22
id,2020-10-06,25,16,2021-10-22
id,2020-10-07,20,16,2021-10-22
id,2020-10-08,21,16,2021-10-22
id,2020-10-09,30,16,2021-10-22
id,2020-10-10,23,16,2021-10-22
id,2020-10-11,22,16,2021-10-22
id,2020-10-12,39,16,2021-10-22
id,2020-10-13,23,16,2021-10-22
id,2020-10-14,22,16,2021-10-22
id,2020-10-15,26,16,2021-10-22
id,2020-10-16,36,16,2021-10-22
id,2020-10-17,25,16,2021-10-22
id,2020-10-18,32,16,2021-10-22
id,2020-10-19,36,16,2021-10-22
id,2020-10-20,47,16,2021-10-22
id,2020-10-21,32,16,2021-10-22
id,2020-10-22,46,16,2021-10-22
id,2020-10-23,30,16,2021-10-22
id,2020-10-24,30,16,2021-10-22
id,2020-10-25,39,16,2021-10-22
id,2020-10-26,38,16,2021-10-22
id,2020-10-27,40,16,2021-10-22
id,2020-10-28,43,16,2021-10-22
id,2020-10-29,48,16,2021-10-22
id,2020-10-30,49,16,2021-10-22
id,2020-10-31,39,16,2021-10-22
id,2020-11-01,46,16,2021-10-22
id,2020-11-02,46,16,2021-10-22
id,2020-11-03,37,16,2021-10-22
id,2020-11-04,48,16,2021-10-22
id,2020-11-05,45,16,2021-10-22
id,2020-11-06,52,16,2021-10-22
id,2020-11-07,54,16,2021-10-22
id,2020-11-08,39,16,2021-10-22
id,2020-11-09,56,16,2021-10-22
id,2020-11-10,61,16,2021-10-22
id,2020-11-11,62,16,2021-10-22
id,2020-11-12,44,16,2021-10-22
id,2020-11-13,53,16,2021-10-22
id,2020-11-14,51,16,2021-10-22
id,2020-11-15,44,16,2021-10-22
id,2020-11-16,51,16,2021-10-22
id,2020-11-17,62,16,2021-10-22
id,2020-11-18,65,16,2021-10-22
id,2020-11-19,67,16,2021-10-22
id,2020-11-20,41,16,2021-10-22
id,2020-11-21,58,16,2021-10-22
id,2020-11-22,60,16,2021-10-22
id,2020-11-23,62,16,2021-10-22
id,2020-11-24,67,16,2021-10-22
id,2020-11-25,67,16,2021-10-22
id,2020-11-26,55,16,2021-10-22
id,2020-11-27,69,16,2021-10-22
id,2020-11-28,65,16,2021-10-22
id,2020-11-29,68,16,2021-10-22
id,2020-11-30,80,16,2021-10-22
id,2020-12-01,47,16,2021-10-22
id,2020-12-02,58,16,2021-10-22
id,2020-12-03,58,16,2021-10-22
id,2020-12-04,64,16,2021-10-22
id,2020-12-05,62,16,2021-10-22
id,2020-12-06,56,16,2021-10-22
id,2020-12-07,61,16,2021-10-22
id,2020-12-08,60,16,2021-10-22
id,2020-12-09,52,16,2021-10-22
id,2020-12-10,64,16,2021-10-22
id,2020-12-11,69,16,2021-10-22
id,2020-12-12,47,16,2021-10-22
id,2020-12-13,48,16,2021-10-22
id,2020-12-14,63,16,2021-10-22
id,2020-12-15,59,16,2021-10-22
id,2020-12-16,66,16,2021-10-22
id,2020-12-17,61,16,2021-10-22
id,2020-12-18,57,16,2021-10-22
id,2020-12-19,42,16,2021-10-22
id,2020-12-20,42,16,2021-10-22
id,2020-12-21,56,16,2021-10-22
id,2020-12-22,38,16,2021-10-22
id,2020-12-23,46,16,2021-10-22
id,2020-12-24,37,16,2021-10-22
id,2020-12-25,44,16,2021-10-22
id,2020-12-26,49,16,2021-10-22
id,2020-12-27,48,16,2021-10-22
id,2020-12-28,40,16,2021-10-22
id,2020-12-29,47,16,2021-10-22
id,2020-12-30,48,16,2021-10-22
id,2020-12-31,53,16,2021-10-22
id,2021-01-01,54,16,2021-10-22
id,2021-01-02,45,16,2021-10-22
id,2021-01-03,46,16,2021-10-22
id,2021-01-04,52,16,2021-10-22
id,2021-01-05,54,16,2021-10-22
id,2021-01-06,48,16,2021-10-22
id,2021-01-07,40,16,2021-10-22
id,2021-01-08,42,16,2021-10-22
id,2021-01-09,42,16,2021-10-22
id,2021-01-10,30,16,2021-10-22
id,2021-01-11,41,16,2021-10-22
id,2021-01-12,39,16,2021-10-22
id,2021-01-13,32,16,2021-10-22
id,2021-01-14,47,16,2021-10-22
id,2021-01-15,25,16,2021-10-22
id,2021-01-16,19,16,2021-10-22
id,2021-01-17,30,16,2021-10-22
id,2021-01-18,27,16,2021-10-22
id,2021-01-19,19,16,2021-10-22
id,2021-01-20,34,16,2021-10-22
id,2021-01-21,25,16,2021-10-22
id,2021-01-22,23,16,2021-10-22
id,2021-01-23,18,16,2021-10-22
id,2021-01-24,29,16,2021-10-22
id,2021-01-25,30,16,2021-10-22
id,2021-01-26,24,16,2021-10-22
id,2021-01-27,28,16,2021-10-22
id,2021-01-28,26,16,2021-10-22
id,2021-01-29,18,16,2021-10-22
id,2021-01-30,16,16,2021-10-22
id,2021-01-31,16,16,2021-10-22
id,2021-02-01,28,16,2021-10-22
id,2021-02-02,20,16,2021-10-22
id,2021-02-03,18,16,2021-10-22
id,2021-02-04,32,16,2021-10-22
id,2021-02-05,23,16,2021-10-22
id,2021-02-06,24,16,2021-10-22
id,2021-02-07,21,16,2021-10-22
id,2021-02-08,25,16,2021-10-22
id,2021-02-09,21,16,2021-10-22
id,2021-02-10,25,16,2021-10-22
id,2021-02-11,19,16,2021-10-22
id,2021-02-12,31,16,2021-10-22
id,2021-02-13,18,16,2021-10-22
id,2021-02-14,13,16,2021-10-22
id,2021-02-15,20,16,2021-10-22
id,2021-02-16,14,16,2021-10-22
id,2021-02-17,9,16,2021-10-22
id,2021-02-18,16,16,2021-10-22
id,2021-02-19,23,16,2021-10-22
id,2021-02-20,24,16,2021-10-22
id,2021-02-21,17,16,2021-10-22
id,2021-02-22,29,16,2021-10-22
id,2021-02-23,14,16,2021-10-22
id,2021-02-24,7,16,2021-10-22
id,2021-02-25,16,16,2021-10-22
id,2021-02-26,22,16,2021-10-22
id,2021-02-27,15,16,2021-10-22
id,2021-02-28,16,16,2021-10-22
id,2021-03-01,19,16,2021-10-22
id,2021-03-02,18,16,2021-10-22
id,2021-03-03,16,16,2021-10-22
id,2021-03-04,17,16,2021-10-22
id,2021-03-05,8,16,2021-10-22
id,2021-03-06,8,16,2021-10-22
id,2021-03-07,15,16,2021-10-22
id,2021-03-08,22,16,2021-10-22
id,2021-03-09,20,16,2021-10-22
id,2021-03-10,18,16,2021-10-22
id,2021-03-11,18,16,2021-10-22
id,2021-03-12,15,16,2021-10-22
id,2021-03-13,16,16,2021-10-22
id,2021-03-14,21,16,2021-10-22
id,2021-03-15,32,16,2021-10-22
id,2021-03-16,20,16,2021-10-22
id,2021-03-17,16,16,2021-10-22
id,2021-03-18,16,16,2021-10-22
id,2021-03-19,12,16,2021-10-22
id,2021-03-20,13,16,2021-10-22
id,2021-03-21,9,16,2021-10-22
id,2021-03-22,18,16,2021-10-22
id,2021-03-23,24,16,2021-10-22
id,2021-03-24,27,16,2021-10-22
id,2021-03-25,26,16,2021-10-22
id,2021-03-26,25,16,2021-10-22
id,2021-03-27,17,16,2021-10-22
id,2021-03-28,14,16,2021-10-22
id,2021-03-29,12,16,2021-10-22
id,2021-03-30,17,16,2021-10-22
id,2021-03-31,20,16,2021-10-22
id,2021-04-01,10,16,2021-10-22
id,2021-04-02,25,16,2021-10-22
id,2021-04-03,14,16,2021-10-22
id,2021-04-04,19,16,2021-10-22
id,2021-04-05,21,16,2021-10-22
id,2021-04-06,16,16,2021-10-22
id,2021-04-07,26,16,2021-10-22
id,2021-04-08,9,16,2021-10-22
id,2021-04-09,19,16,2021-10-22
id,2021-04-10,18,16,2021-10-22
id,2021-04-11,14,16,2021-10-22
id,2021-04-12,19,16,2021-10-22
id,2021-04-13,13,16,2021-10-22
id,2021-04-14,20,16,2021-10-22
id,2021-04-15,10,16,2021-10-22
id,2021-04-16,16,16,2021-10-22
id,2021-04-17,14,16,2021-10-22
id,2021-04-18,13,16,2021-10-22
id,2021-04-19,14,16,2021-10-22
id,2021-04-20,16,16,2021-10-22
id,2021-04-21,21,16,2021-10-22
id,2021-04-22,16,16,2021-10-22
id,2021-04-23,12,16,2021-10-22
id,2021-04-24,14,16,2021-10-22
id,2021-04-25,14,16,2021-10-22
id,2021-04-26,21,16,2021-10-22
id,2021-04-27,18,16,2021-10-22
id,2021-04-28,13,16,2021-10-22
id,2021-04-29,16,16,2021-10-22
id,2021-04-30,13,16,2021-10-22
id,2021-05-01,10,16,2021-10-22
id,2021-05-02,13,16,2021-10-22
id,2021-05-03,19,16,2021-10-22
id,2021-05-04,13,16,2021-10-22
id,2021-05-05,12,16,2021-10-22
id,2021-05-06,11,16,2021-10-22
id,2021-05-07,13,16,2021-10-22
id,2021-05-08,12,16,2021-10-22
id,2021-05-09,12,16,2021-10-22
id,2021-05-10,13,16,2021-10-22
id,2021-05-11,13,16,2021-10-22
id,2021-05-12,14,16,2021-10-22
id,2021-05-13,7,16,2021-10-22
id,2021-05-14,18,16,2021-10-22
id,2021-05-15,15,16,2021-10-22
id,2021-05-16,13,16,2021-10-22
id,2021-05-17,21,16,2021-10-22
id,2021-05-18,7,16,2021-10-22
id,2021-05-19,15,16,2021-10-22
id,2021-05-20,11,16,2021-10-22
id,2021-05-21,17,16,2021-10-22
id,2021-05-22,17,16,2021-10-22
id,2021-05-23,9,16,2021-10-22
id,2021-05-24,17,16,2021-10-22
id,2021-05-25,10,16,2021-10-22
id,2021-05-26,12,16,2021-10-22
id,2021-05-27,10,16,2021-10-22
id,2021-05-28,18,16,2021-10-22
id,2021-05-29,13,16,2021-10-22
id,2021-05-30,8,16,2021-10-22
id,2021-05-31,10,16,2021-10-22
id,2021-06-01,5,16,2021-10-22
id,2021-06-02,12,16,2021-10-22
id,2021-06-03,16,16,2021-10-22
id,2021-06-04,14,16,2021-10-22
id,2021-06-05,11,16,2021-10-22
id,2021-06-06,8,16,2021-10-22
id,2021-06-07,15,16,2021-10-22
id,2021-06-08,8,16,2021-10-22
id,2021-06-09,10,16,2021-10-22
id,2021-06-10,9,16,2021-10-22
id,2021-06-11,14,16,2021-10-22
id,2021-06-12,14,16,2021-10-22
id,2021-06-13,9,16,2021-10-22
id,2021-06-14,9,16,2021-10-22
id,2021-06-15,7,16,2021-10-22
id,2021-06-16,10,16,2021-10-22
id,2021-06-17,11,16,2021-10-22
id,2021-06-18,10,16,2021-10-22
id,2021-06-19,10,16,2021-10-22
id,2021-06-20,7,16,2021-10-22
id,2021-06-21,15,16,2021-10-22
id,2021-06-22,12,16,2021-10-22
id,2021-06-23,18,16,2021-10-22
id,2021-06-24,11,16,2021-10-22
id,2021-06-25,9,16,2021-10-22
id,2021-06-26,11,16,2021-10-22
id,2021-06-27,6,16,2021-10-22
id,2021-06-28,10,16,2021-10-22
id,2021-06-29,8,16,2021-10-22
id,2021-06-30,12,16,2021-10-22
id,2021-07-01,3,16,2021-10-22
id,2021-07-02,6,16,2021-10-22
id,2021-07-03,8,16,2021-10-22
id,2021-07-04,5,16,2021-10-22
id,2021-07-05,7,16,2021-10-22
id,2021-07-06,3,16,2021-10-22
id,2021-07-07,12,16,2021-10-22
id,2021-07-08,14,16,2021-10-22
id,2021-07-09,13,16,2021-10-22
id,2021-07-10,12,16,2021-10-22
id,2021-07-11,10,16,2021-10-22
id,2021-07-12,14,16,2021-10-22
id,2021-07-13,17,16,2021-10-22
id,2021-07-14,17,16,2021-10-22
id,2021-07-15,8,16,2021-10-22
id,2021-07-16,12,16,2021-10-22
id,2021-07-17,13,16,2021-10-22
id,2021-07-18,14,16,2021-10-22
id,2021-07-19,15,16,2021-10-22
id,2021-07-20,17,16,2021-10-22
id,2021-07-21,20,16,2021-10-22
id,2021-07-22,19,16,2021-10-22
id,2021-07-23,11,16,2021-10-22
id,2021-07-24,22,16,2021-10-22
id,2021-07-25,17,16,2021-10-22
id,2021-07-26,34,16,2021-10-22
id,2021-07-27,19,16,2021-10-22
id,2021-07-28,26,16,2021-10-22
id,2021-07-29,23,16,2021-10-22
id,2021-07-30,26,16,2021-10-22
id,2021-07-31,24,16,2021-10-22
id,2021-08-01,26,16,2021-10-22
id,2021-08-02,16,16,2021-10-22
id,2021-08-03,35,16,2021-10-22
id,2021-08-04,30,16,2021-10-22
id,2021-08-05,34,16,2021-10-22
id,2021-08-06,35,16,2021-10-22
id,2021-08-07,40,16,2021-10-22
id,2021-08-08,29,16,2021-10-22
id,2021-08-09,46,16,2021-10-22
id,2021-08-10,49,16,2021-10-22
id,2021-08-11,45,16,2021-10-22
id,2021-08-12,44,16,2021-10-22
id,2021-08-13,39,16,2021-10-22
id,2021-08-14,48,16,2021-10-22
id,2021-08-15,58,16,2021-10-22
id,2021-08-16,61,16,2021-10-22
id,2021-08-17,54,16,2021-10-22
id,2021-08-18,34,16,2021-10-22
id,2021-08-19,49,16,2021-10-22
id,2021-08-20,41,16,2021-10-22
id,2021-08-21,43,16,2021-10-22
id,2021-08-22,55,16,2021-10-22
id,2021-08-23,67,16,2021-10-22
id,2021-08-24,53,16,2021-10-22
id,2021-08-25,53,16,2021-10-22
id,2021-08-26,81,16,2021-10-22
id,2021-08-27,74,16,2021-10-22
id,2021-08-28,59,16,2021-10-22
id,2021-08-29,63,16,2021-10-22
id,2021-08-30,78,16,2021-10-22
id,2021-08-31,67,16,2021-10-22
id,2021-09-01,60,16,2021-10-22
id,2021-09-02,69,16,2021-10-22
id,2021-09-03,79,16,2021-10-22
id,2021-09-04,68,16,2021-10-22
id,2021-09-05,60,16,2021-10-22
id,2021-09-06,71,16,2021-10-22
id,2021-09-07,82,16,2021-10-22
id,2021-09-08,87,16,2021-10-22
id,2021-09-09,100,16,2021-10-22
id,2021-09-10,80,16,2021-10-22
id,2021-09-11,80,16,2021-10-22
id,2021-09-12,79,16,2021-10-22
id,2021-09-13,82,16,2021-10-22
id,2021-09-14,78,16,2021-10-22
id,2021-09-15,100,16,2021-10-22
id,2021-09-16,96,16,2021-10-22
id,2021-09-17,102,16,2021-10-22
id,2021-09-18,78,16,2021-10-22
id,2021-09-19,97,16,2021-10-22
id,2021-09-20,102,16,2021-10-22
id,2021-09-21,97,16,2021-10-22
id,2021-09-22,94,16,2021-10-22
id,2021-09-23,107,16,2021-10-22
id,2021-09-24,52,16,2021-10-22
id,2021-09-25,74,16,2021-10-22
id,2021-09-26,77,16,2021-10-22
id,2021-09-27,98,16,2021-10-22
id,2021-09-28,74,16,2021-10-22
id,2021-09-29,81,16,2021-10-22
id,2021-09-30,84,16,2021-10-22
id,2021-10-01,72,16,2021-10-22
id,2021-10-02,66,16,2021-10-22
id,2021-10-03,59,16,2021-10-22
id,2021-10-04,98,16,2021-10-22
id,2021-10-05,73,16,2021-10-22
id,2021-10-06,69,16,2021-10-22
id,2021-10-07,69,16,2021-10-22
id,2021-10-08,79,16,2021-10-22
id,2021-10-09,60,16,2021-10-22
id,2021-10-10,78,16,2021-10-22
id,2021-10-11,64,16,2021-10-22
id,2021-10-12,54,16,2021-10-22
id,2021-10-13,63,16,2021-10-22
id,2021-10-14,57,16,2021-10-22
id,2021-10-15,70,16,2021-10-22
id,2021-10-16,48,16,2021-10-22
id,2021-10-17,60,16,2021-10-22
id,2021-10-18,59,16,2021-10-22
id,2021-10-19,69,16,2021-10-22
id,2021-10-20,70,16,2021-10-22
id,2021-10-21,69,16,2021-10-22
il,2020-02-17,NA,17,2021-10-22
il,2020-02-18,NA,17,2021-10-22
il,2020-02-19,NA,17,2021-10-22
il,2020-02-20,NA,17,2021-10-22
il,2020-02-21,NA,17,2021-10-22
il,2020-02-22,NA,17,2021-10-22
il,2020-02-23,NA,17,2021-10-22
il,2020-02-24,NA,17,2021-10-22
il,2020-02-25,NA,17,2021-10-22
il,2020-02-26,NA,17,2021-10-22
il,2020-02-27,NA,17,2021-10-22
il,2020-02-28,NA,17,2021-10-22
il,2020-02-29,NA,17,2021-10-22
il,2020-03-01,NA,17,2021-10-22
il,2020-03-02,NA,17,2021-10-22
il,2020-03-03,NA,17,2021-10-22
il,2020-03-04,NA,17,2021-10-22
il,2020-03-05,NA,17,2021-10-22
il,2020-03-06,NA,17,2021-10-22
il,2020-03-07,NA,17,2021-10-22
il,2020-03-08,NA,17,2021-10-22
il,2020-03-09,NA,17,2021-10-22
il,2020-03-10,NA,17,2021-10-22
il,2020-03-11,NA,17,2021-10-22
il,2020-03-12,NA,17,2021-10-22
il,2020-03-13,NA,17,2021-10-22
il,2020-03-14,NA,17,2021-10-22
il,2020-03-15,NA,17,2021-10-22
il,2020-03-16,NA,17,2021-10-22
il,2020-03-17,NA,17,2021-10-22
il,2020-03-18,NA,17,2021-10-22
il,2020-03-19,NA,17,2021-10-22
il,2020-03-20,NA,17,2021-10-22
il,2020-03-21,NA,17,2021-10-22
il,2020-03-22,NA,17,2021-10-22
il,2020-03-23,NA,17,2021-10-22
il,2020-03-24,NA,17,2021-10-22
il,2020-03-25,NA,17,2021-10-22
il,2020-03-26,NA,17,2021-10-22
il,2020-03-27,NA,17,2021-10-22
il,2020-03-28,NA,17,2021-10-22
il,2020-03-29,NA,17,2021-10-22
il,2020-03-30,NA,17,2021-10-22
il,2020-03-31,NA,17,2021-10-22
il,2020-04-01,NA,17,2021-10-22
il,2020-04-02,NA,17,2021-10-22
il,2020-04-03,NA,17,2021-10-22
il,2020-04-04,NA,17,2021-10-22
il,2020-04-05,NA,17,2021-10-22
il,2020-04-06,NA,17,2021-10-22
il,2020-04-07,NA,17,2021-10-22
il,2020-04-08,NA,17,2021-10-22
il,2020-04-09,NA,17,2021-10-22
il,2020-04-10,NA,17,2021-10-22
il,2020-04-11,NA,17,2021-10-22
il,2020-04-12,NA,17,2021-10-22
il,2020-04-13,NA,17,2021-10-22
il,2020-04-14,NA,17,2021-10-22
il,2020-04-15,NA,17,2021-10-22
il,2020-04-16,NA,17,2021-10-22
il,2020-04-17,NA,17,2021-10-22
il,2020-04-18,NA,17,2021-10-22
il,2020-04-19,NA,17,2021-10-22
il,2020-04-20,NA,17,2021-10-22
il,2020-04-21,NA,17,2021-10-22
il,2020-04-22,NA,17,2021-10-22
il,2020-04-23,NA,17,2021-10-22
il,2020-04-24,NA,17,2021-10-22
il,2020-04-25,NA,17,2021-10-22
il,2020-04-26,NA,17,2021-10-22
il,2020-04-27,NA,17,2021-10-22
il,2020-04-28,NA,17,2021-10-22
il,2020-04-29,NA,17,2021-10-22
il,2020-04-30,NA,17,2021-10-22
il,2020-05-01,NA,17,2021-10-22
il,2020-05-02,NA,17,2021-10-22
il,2020-05-03,NA,17,2021-10-22
il,2020-05-04,NA,17,2021-10-22
il,2020-05-05,NA,17,2021-10-22
il,2020-05-06,NA,17,2021-10-22
il,2020-05-07,NA,17,2021-10-22
il,2020-05-08,NA,17,2021-10-22
il,2020-05-09,NA,17,2021-10-22
il,2020-05-10,NA,17,2021-10-22
il,2020-05-11,NA,17,2021-10-22
il,2020-05-12,NA,17,2021-10-22
il,2020-05-13,NA,17,2021-10-22
il,2020-05-14,NA,17,2021-10-22
il,2020-05-15,NA,17,2021-10-22
il,2020-05-16,NA,17,2021-10-22
il,2020-05-17,NA,17,2021-10-22
il,2020-05-18,NA,17,2021-10-22
il,2020-05-19,NA,17,2021-10-22
il,2020-05-20,NA,17,2021-10-22
il,2020-05-21,NA,17,2021-10-22
il,2020-05-22,NA,17,2021-10-22
il,2020-05-23,NA,17,2021-10-22
il,2020-05-24,NA,17,2021-10-22
il,2020-05-25,NA,17,2021-10-22
il,2020-05-26,NA,17,2021-10-22
il,2020-05-27,NA,17,2021-10-22
il,2020-05-28,NA,17,2021-10-22
il,2020-05-29,NA,17,2021-10-22
il,2020-05-30,NA,17,2021-10-22
il,2020-05-31,NA,17,2021-10-22
il,2020-06-01,NA,17,2021-10-22
il,2020-06-02,NA,17,2021-10-22
il,2020-06-03,NA,17,2021-10-22
il,2020-06-04,NA,17,2021-10-22
il,2020-06-05,NA,17,2021-10-22
il,2020-06-06,NA,17,2021-10-22
il,2020-06-07,NA,17,2021-10-22
il,2020-06-08,NA,17,2021-10-22
il,2020-06-09,NA,17,2021-10-22
il,2020-06-10,NA,17,2021-10-22
il,2020-06-11,NA,17,2021-10-22
il,2020-06-12,NA,17,2021-10-22
il,2020-06-13,NA,17,2021-10-22
il,2020-06-14,NA,17,2021-10-22
il,2020-06-15,NA,17,2021-10-22
il,2020-06-16,NA,17,2021-10-22
il,2020-06-17,NA,17,2021-10-22
il,2020-06-18,NA,17,2021-10-22
il,2020-06-19,NA,17,2021-10-22
il,2020-06-20,NA,17,2021-10-22
il,2020-06-21,NA,17,2021-10-22
il,2020-06-22,NA,17,2021-10-22
il,2020-06-23,NA,17,2021-10-22
il,2020-06-24,NA,17,2021-10-22
il,2020-06-25,NA,17,2021-10-22
il,2020-06-26,NA,17,2021-10-22
il,2020-06-27,NA,17,2021-10-22
il,2020-06-28,NA,17,2021-10-22
il,2020-06-29,NA,17,2021-10-22
il,2020-06-30,NA,17,2021-10-22
il,2020-07-01,NA,17,2021-10-22
il,2020-07-02,NA,17,2021-10-22
il,2020-07-03,NA,17,2021-10-22
il,2020-07-04,NA,17,2021-10-22
il,2020-07-05,NA,17,2021-10-22
il,2020-07-06,NA,17,2021-10-22
il,2020-07-07,NA,17,2021-10-22
il,2020-07-08,NA,17,2021-10-22
il,2020-07-09,NA,17,2021-10-22
il,2020-07-10,NA,17,2021-10-22
il,2020-07-11,NA,17,2021-10-22
il,2020-07-12,NA,17,2021-10-22
il,2020-07-13,NA,17,2021-10-22
il,2020-07-14,68,17,2021-10-22
il,2020-07-15,69,17,2021-10-22
il,2020-07-16,104,17,2021-10-22
il,2020-07-17,96,17,2021-10-22
il,2020-07-18,83,17,2021-10-22
il,2020-07-19,95,17,2021-10-22
il,2020-07-20,84,17,2021-10-22
il,2020-07-21,81,17,2021-10-22
il,2020-07-22,89,17,2021-10-22
il,2020-07-23,90,17,2021-10-22
il,2020-07-24,97,17,2021-10-22
il,2020-07-25,82,17,2021-10-22
il,2020-07-26,89,17,2021-10-22
il,2020-07-27,92,17,2021-10-22
il,2020-07-28,93,17,2021-10-22
il,2020-07-29,110,17,2021-10-22
il,2020-07-30,105,17,2021-10-22
il,2020-07-31,105,17,2021-10-22
il,2020-08-01,93,17,2021-10-22
il,2020-08-02,89,17,2021-10-22
il,2020-08-03,109,17,2021-10-22
il,2020-08-04,107,17,2021-10-22
il,2020-08-05,104,17,2021-10-22
il,2020-08-06,92,17,2021-10-22
il,2020-08-07,89,17,2021-10-22
il,2020-08-08,91,17,2021-10-22
il,2020-08-09,91,17,2021-10-22
il,2020-08-10,98,17,2021-10-22
il,2020-08-11,84,17,2021-10-22
il,2020-08-12,91,17,2021-10-22
il,2020-08-13,124,17,2021-10-22
il,2020-08-14,121,17,2021-10-22
il,2020-08-15,111,17,2021-10-22
il,2020-08-16,100,17,2021-10-22
il,2020-08-17,122,17,2021-10-22
il,2020-08-18,123,17,2021-10-22
il,2020-08-19,111,17,2021-10-22
il,2020-08-20,112,17,2021-10-22
il,2020-08-21,113,17,2021-10-22
il,2020-08-22,90,17,2021-10-22
il,2020-08-23,102,17,2021-10-22
il,2020-08-24,126,17,2021-10-22
il,2020-08-25,137,17,2021-10-22
il,2020-08-26,127,17,2021-10-22
il,2020-08-27,129,17,2021-10-22
il,2020-08-28,118,17,2021-10-22
il,2020-08-29,121,17,2021-10-22
il,2020-08-30,115,17,2021-10-22
il,2020-08-31,130,17,2021-10-22
il,2020-09-01,112,17,2021-10-22
il,2020-09-02,133,17,2021-10-22
il,2020-09-03,120,17,2021-10-22
il,2020-09-04,121,17,2021-10-22
il,2020-09-05,102,17,2021-10-22
il,2020-09-06,106,17,2021-10-22
il,2020-09-07,103,17,2021-10-22
il,2020-09-08,108,17,2021-10-22
il,2020-09-09,129,17,2021-10-22
il,2020-09-10,111,17,2021-10-22
il,2020-09-11,112,17,2021-10-22
il,2020-09-12,95,17,2021-10-22
il,2020-09-13,92,17,2021-10-22
il,2020-09-14,95,17,2021-10-22
il,2020-09-15,91,17,2021-10-22
il,2020-09-16,205,17,2021-10-22
il,2020-09-17,132,17,2021-10-22
il,2020-09-18,107,17,2021-10-22
il,2020-09-19,81,17,2021-10-22
il,2020-09-20,88,17,2021-10-22
il,2020-09-21,123,17,2021-10-22
il,2020-09-22,126,17,2021-10-22
il,2020-09-23,108,17,2021-10-22
il,2020-09-24,137,17,2021-10-22
il,2020-09-25,144,17,2021-10-22
il,2020-09-26,101,17,2021-10-22
il,2020-09-27,115,17,2021-10-22
il,2020-09-28,109,17,2021-10-22
il,2020-09-29,121,17,2021-10-22
il,2020-09-30,137,17,2021-10-22
il,2020-10-01,131,17,2021-10-22
il,2020-10-02,145,17,2021-10-22
il,2020-10-03,133,17,2021-10-22
il,2020-10-04,119,17,2021-10-22
il,2020-10-05,183,17,2021-10-22
il,2020-10-06,173,17,2021-10-22
il,2020-10-07,173,17,2021-10-22
il,2020-10-08,178,17,2021-10-22
il,2020-10-09,168,17,2021-10-22
il,2020-10-10,157,17,2021-10-22
il,2020-10-11,150,17,2021-10-22
il,2020-10-12,193,17,2021-10-22
il,2020-10-13,218,17,2021-10-22
il,2020-10-14,216,17,2021-10-22
il,2020-10-15,428,17,2021-10-22
il,2020-10-16,424,17,2021-10-22
il,2020-10-17,441,17,2021-10-22
il,2020-10-18,291,17,2021-10-22
il,2020-10-19,268,17,2021-10-22
il,2020-10-20,284,17,2021-10-22
il,2020-10-21,261,17,2021-10-22
il,2020-10-22,288,17,2021-10-22
il,2020-10-23,291,17,2021-10-22
il,2020-10-24,276,17,2021-10-22
il,2020-10-25,298,17,2021-10-22
il,2020-10-26,353,17,2021-10-22
il,2020-10-27,352,17,2021-10-22
il,2020-10-28,376,17,2021-10-22
il,2020-10-29,361,17,2021-10-22
il,2020-10-30,346,17,2021-10-22
il,2020-10-31,333,17,2021-10-22
il,2020-11-01,344,17,2021-10-22
il,2020-11-02,480,17,2021-10-22
il,2020-11-03,463,17,2021-10-22
il,2020-11-04,476,17,2021-10-22
il,2020-11-05,519,17,2021-10-22
il,2020-11-06,552,17,2021-10-22
il,2020-11-07,501,17,2021-10-22
il,2020-11-08,530,17,2021-10-22
il,2020-11-09,655,17,2021-10-22
il,2020-11-10,688,17,2021-10-22
il,2020-11-11,641,17,2021-10-22
il,2020-11-12,610,17,2021-10-22
il,2020-11-13,609,17,2021-10-22
il,2020-11-14,599,17,2021-10-22
il,2020-11-15,587,17,2021-10-22
il,2020-11-16,680,17,2021-10-22
il,2020-11-17,672,17,2021-10-22
il,2020-11-18,682,17,2021-10-22
il,2020-11-19,680,17,2021-10-22
il,2020-11-20,641,17,2021-10-22
il,2020-11-21,533,17,2021-10-22
il,2020-11-22,615,17,2021-10-22
il,2020-11-23,658,17,2021-10-22
il,2020-11-24,678,17,2021-10-22
il,2020-11-25,631,17,2021-10-22
il,2020-11-26,476,17,2021-10-22
il,2020-11-27,592,17,2021-10-22
il,2020-11-28,504,17,2021-10-22
il,2020-11-29,543,17,2021-10-22
il,2020-11-30,636,17,2021-10-22
il,2020-12-01,605,17,2021-10-22
il,2020-12-02,588,17,2021-10-22
il,2020-12-03,598,17,2021-10-22
il,2020-12-04,540,17,2021-10-22
il,2020-12-05,452,17,2021-10-22
il,2020-12-06,472,17,2021-10-22
il,2020-12-07,573,17,2021-10-22
il,2020-12-08,606,17,2021-10-22
il,2020-12-09,623,17,2021-10-22
il,2020-12-10,561,17,2021-10-22
il,2020-12-11,557,17,2021-10-22
il,2020-12-12,446,17,2021-10-22
il,2020-12-13,426,17,2021-10-22
il,2020-12-14,542,17,2021-10-22
il,2020-12-15,543,17,2021-10-22
il,2020-12-16,556,17,2021-10-22
il,2020-12-17,493,17,2021-10-22
il,2020-12-18,472,17,2021-10-22
il,2020-12-19,448,17,2021-10-22
il,2020-12-20,439,17,2021-10-22
il,2020-12-21,499,17,2021-10-22
il,2020-12-22,502,17,2021-10-22
il,2020-12-23,516,17,2021-10-22
il,2020-12-24,393,17,2021-10-22
il,2020-12-25,331,17,2021-10-22
il,2020-12-26,444,17,2021-10-22
il,2020-12-27,424,17,2021-10-22
il,2020-12-28,447,17,2021-10-22
il,2020-12-29,420,17,2021-10-22
il,2020-12-30,454,17,2021-10-22
il,2020-12-31,410,17,2021-10-22
il,2021-01-01,338,17,2021-10-22
il,2021-01-02,372,17,2021-10-22
il,2021-01-03,388,17,2021-10-22
il,2021-01-04,429,17,2021-10-22
il,2021-01-05,489,17,2021-10-22
il,2021-01-06,400,17,2021-10-22
il,2021-01-07,401,17,2021-10-22
il,2021-01-08,405,17,2021-10-22
il,2021-01-09,343,17,2021-10-22
il,2021-01-10,356,17,2021-10-22
il,2021-01-11,449,17,2021-10-22
il,2021-01-12,377,17,2021-10-22
il,2021-01-13,403,17,2021-10-22
il,2021-01-14,386,17,2021-10-22
il,2021-01-15,346,17,2021-10-22
il,2021-01-16,316,17,2021-10-22
il,2021-01-17,285,17,2021-10-22
il,2021-01-18,356,17,2021-10-22
il,2021-01-19,346,17,2021-10-22
il,2021-01-20,326,17,2021-10-22
il,2021-01-21,372,17,2021-10-22
il,2021-01-22,285,17,2021-10-22
il,2021-01-23,279,17,2021-10-22
il,2021-01-24,260,17,2021-10-22
il,2021-01-25,341,17,2021-10-22
il,2021-01-26,311,17,2021-10-22
il,2021-01-27,307,17,2021-10-22
il,2021-01-28,297,17,2021-10-22
il,2021-01-29,258,17,2021-10-22
il,2021-01-30,229,17,2021-10-22
il,2021-01-31,217,17,2021-10-22
il,2021-02-01,271,17,2021-10-22
il,2021-02-02,238,17,2021-10-22
il,2021-02-03,253,17,2021-10-22
il,2021-02-04,224,17,2021-10-22
il,2021-02-05,226,17,2021-10-22
il,2021-02-06,200,17,2021-10-22
il,2021-02-07,174,17,2021-10-22
il,2021-02-08,202,17,2021-10-22
il,2021-02-09,191,17,2021-10-22
il,2021-02-10,209,17,2021-10-22
il,2021-02-11,189,17,2021-10-22
il,2021-02-12,170,17,2021-10-22
il,2021-02-13,169,17,2021-10-22
il,2021-02-14,133,17,2021-10-22
il,2021-02-15,202,17,2021-10-22
il,2021-02-16,174,17,2021-10-22
il,2021-02-17,182,17,2021-10-22
il,2021-02-18,196,17,2021-10-22
il,2021-02-19,167,17,2021-10-22
il,2021-02-20,135,17,2021-10-22
il,2021-02-21,144,17,2021-10-22
il,2021-02-22,174,17,2021-10-22
il,2021-02-23,139,17,2021-10-22
il,2021-02-24,167,17,2021-10-22
il,2021-02-25,163,17,2021-10-22
il,2021-02-26,141,17,2021-10-22
il,2021-02-27,108,17,2021-10-22
il,2021-02-28,112,17,2021-10-22
il,2021-03-01,143,17,2021-10-22
il,2021-03-02,139,17,2021-10-22
il,2021-03-03,137,17,2021-10-22
il,2021-03-04,156,17,2021-10-22
il,2021-03-05,132,17,2021-10-22
il,2021-03-06,132,17,2021-10-22
il,2021-03-07,108,17,2021-10-22
il,2021-03-08,137,17,2021-10-22
il,2021-03-09,144,17,2021-10-22
il,2021-03-10,144,17,2021-10-22
il,2021-03-11,138,17,2021-10-22
il,2021-03-12,125,17,2021-10-22
il,2021-03-13,130,17,2021-10-22
il,2021-03-14,114,17,2021-10-22
il,2021-03-15,145,17,2021-10-22
il,2021-03-16,136,17,2021-10-22
il,2021-03-17,153,17,2021-10-22
il,2021-03-18,132,17,2021-10-22
il,2021-03-19,160,17,2021-10-22
il,2021-03-20,127,17,2021-10-22
il,2021-03-21,142,17,2021-10-22
il,2021-03-22,226,17,2021-10-22
il,2021-03-23,178,17,2021-10-22
il,2021-03-24,171,17,2021-10-22
il,2021-03-25,183,17,2021-10-22
il,2021-03-26,167,17,2021-10-22
il,2021-03-27,168,17,2021-10-22
il,2021-03-28,162,17,2021-10-22
il,2021-03-29,184,17,2021-10-22
il,2021-03-30,210,17,2021-10-22
il,2021-03-31,199,17,2021-10-22
il,2021-04-01,222,17,2021-10-22
il,2021-04-02,217,17,2021-10-22
il,2021-04-03,220,17,2021-10-22
il,2021-04-04,207,17,2021-10-22
il,2021-04-05,247,17,2021-10-22
il,2021-04-06,223,17,2021-10-22
il,2021-04-07,245,17,2021-10-22
il,2021-04-08,275,17,2021-10-22
il,2021-04-09,205,17,2021-10-22
il,2021-04-10,257,17,2021-10-22
il,2021-04-11,249,17,2021-10-22
il,2021-04-12,282,17,2021-10-22
il,2021-04-13,282,17,2021-10-22
il,2021-04-14,254,17,2021-10-22
il,2021-04-15,311,17,2021-10-22
il,2021-04-16,262,17,2021-10-22
il,2021-04-17,285,17,2021-10-22
il,2021-04-18,241,17,2021-10-22
il,2021-04-19,249,17,2021-10-22
il,2021-04-20,272,17,2021-10-22
il,2021-04-21,281,17,2021-10-22
il,2021-04-22,240,17,2021-10-22
il,2021-04-23,210,17,2021-10-22
il,2021-04-24,230,17,2021-10-22
il,2021-04-25,228,17,2021-10-22
il,2021-04-26,254,17,2021-10-22
il,2021-04-27,232,17,2021-10-22
il,2021-04-28,222,17,2021-10-22
il,2021-04-29,237,17,2021-10-22
il,2021-04-30,219,17,2021-10-22
il,2021-05-01,214,17,2021-10-22
il,2021-05-02,233,17,2021-10-22
il,2021-05-03,286,17,2021-10-22
il,2021-05-04,228,17,2021-10-22
il,2021-05-05,219,17,2021-10-22
il,2021-05-06,258,17,2021-10-22
il,2021-05-07,172,17,2021-10-22
il,2021-05-08,169,17,2021-10-22
il,2021-05-09,176,17,2021-10-22
il,2021-05-10,194,17,2021-10-22
il,2021-05-11,158,17,2021-10-22
il,2021-05-12,160,17,2021-10-22
il,2021-05-13,140,17,2021-10-22
il,2021-05-14,144,17,2021-10-22
il,2021-05-15,144,17,2021-10-22
il,2021-05-16,123,17,2021-10-22
il,2021-05-17,169,17,2021-10-22
il,2021-05-18,137,17,2021-10-22
il,2021-05-19,137,17,2021-10-22
il,2021-05-20,164,17,2021-10-22
il,2021-05-21,174,17,2021-10-22
il,2021-05-22,149,17,2021-10-22
il,2021-05-23,128,17,2021-10-22
il,2021-05-24,140,17,2021-10-22
il,2021-05-25,117,17,2021-10-22
il,2021-05-26,128,17,2021-10-22
il,2021-05-27,115,17,2021-10-22
il,2021-05-28,102,17,2021-10-22
il,2021-05-29,91,17,2021-10-22
il,2021-05-30,75,17,2021-10-22
il,2021-05-31,97,17,2021-10-22
il,2021-06-01,103,17,2021-10-22
il,2021-06-02,100,17,2021-10-22
il,2021-06-03,92,17,2021-10-22
il,2021-06-04,80,17,2021-10-22
il,2021-06-05,79,17,2021-10-22
il,2021-06-06,73,17,2021-10-22
il,2021-06-07,68,17,2021-10-22
il,2021-06-08,85,17,2021-10-22
il,2021-06-09,65,17,2021-10-22
il,2021-06-10,63,17,2021-10-22
il,2021-06-11,53,17,2021-10-22
il,2021-06-12,56,17,2021-10-22
il,2021-06-13,64,17,2021-10-22
il,2021-06-14,57,17,2021-10-22
il,2021-06-15,55,17,2021-10-22
il,2021-06-16,51,17,2021-10-22
il,2021-06-17,62,17,2021-10-22
il,2021-06-18,49,17,2021-10-22
il,2021-06-19,34,17,2021-10-22
il,2021-06-20,41,17,2021-10-22
il,2021-06-21,43,17,2021-10-22
il,2021-06-22,51,17,2021-10-22
il,2021-06-23,39,17,2021-10-22
il,2021-06-24,47,17,2021-10-22
il,2021-06-25,45,17,2021-10-22
il,2021-06-26,49,17,2021-10-22
il,2021-06-27,33,17,2021-10-22
il,2021-06-28,60,17,2021-10-22
il,2021-06-29,52,17,2021-10-22
il,2021-06-30,51,17,2021-10-22
il,2021-07-01,55,17,2021-10-22
il,2021-07-02,38,17,2021-10-22
il,2021-07-03,32,17,2021-10-22
il,2021-07-04,44,17,2021-10-22
il,2021-07-05,51,17,2021-10-22
il,2021-07-06,49,17,2021-10-22
il,2021-07-07,55,17,2021-10-22
il,2021-07-08,64,17,2021-10-22
il,2021-07-09,58,17,2021-10-22
il,2021-07-10,72,17,2021-10-22
il,2021-07-11,58,17,2021-10-22
il,2021-07-12,69,17,2021-10-22
il,2021-07-13,71,17,2021-10-22
il,2021-07-14,65,17,2021-10-22
il,2021-07-15,70,17,2021-10-22
il,2021-07-16,69,17,2021-10-22
il,2021-07-17,70,17,2021-10-22
il,2021-07-18,79,17,2021-10-22
il,2021-07-19,98,17,2021-10-22
il,2021-07-20,95,17,2021-10-22
il,2021-07-21,84,17,2021-10-22
il,2021-07-22,104,17,2021-10-22
il,2021-07-23,112,17,2021-10-22
il,2021-07-24,96,17,2021-10-22
il,2021-07-25,111,17,2021-10-22
il,2021-07-26,122,17,2021-10-22
il,2021-07-27,140,17,2021-10-22
il,2021-07-28,148,17,2021-10-22
il,2021-07-29,159,17,2021-10-22
il,2021-07-30,166,17,2021-10-22
il,2021-07-31,128,17,2021-10-22
il,2021-08-01,157,17,2021-10-22
il,2021-08-02,200,17,2021-10-22
il,2021-08-03,192,17,2021-10-22
il,2021-08-04,172,17,2021-10-22
il,2021-08-05,213,17,2021-10-22
il,2021-08-06,197,17,2021-10-22
il,2021-08-07,201,17,2021-10-22
il,2021-08-08,213,17,2021-10-22
il,2021-08-09,233,17,2021-10-22
il,2021-08-10,239,17,2021-10-22
il,2021-08-11,235,17,2021-10-22
il,2021-08-12,253,17,2021-10-22
il,2021-08-13,287,17,2021-10-22
il,2021-08-14,246,17,2021-10-22
il,2021-08-15,220,17,2021-10-22
il,2021-08-16,293,17,2021-10-22
il,2021-08-17,274,17,2021-10-22
il,2021-08-18,276,17,2021-10-22
il,2021-08-19,262,17,2021-10-22
il,2021-08-20,267,17,2021-10-22
il,2021-08-21,249,17,2021-10-22
il,2021-08-22,261,17,2021-10-22
il,2021-08-23,314,17,2021-10-22
il,2021-08-24,274,17,2021-10-22
il,2021-08-25,293,17,2021-10-22
il,2021-08-26,312,17,2021-10-22
il,2021-08-27,298,17,2021-10-22
il,2021-08-28,243,17,2021-10-22
il,2021-08-29,261,17,2021-10-22
il,2021-08-30,263,17,2021-10-22
il,2021-08-31,316,17,2021-10-22
il,2021-09-01,283,17,2021-10-22
il,2021-09-02,289,17,2021-10-22
il,2021-09-03,275,17,2021-10-22
il,2021-09-04,281,17,2021-10-22
il,2021-09-05,244,17,2021-10-22
il,2021-09-06,266,17,2021-10-22
il,2021-09-07,330,17,2021-10-22
il,2021-09-08,281,17,2021-10-22
il,2021-09-09,273,17,2021-10-22
il,2021-09-10,234,17,2021-10-22
il,2021-09-11,222,17,2021-10-22
il,2021-09-12,221,17,2021-10-22
il,2021-09-13,243,17,2021-10-22
il,2021-09-14,259,17,2021-10-22
il,2021-09-15,237,17,2021-10-22
il,2021-09-16,251,17,2021-10-22
il,2021-09-17,240,17,2021-10-22
il,2021-09-18,202,17,2021-10-22
il,2021-09-19,249,17,2021-10-22
il,2021-09-20,244,17,2021-10-22
il,2021-09-21,238,17,2021-10-22
il,2021-09-22,237,17,2021-10-22
il,2021-09-23,245,17,2021-10-22
il,2021-09-24,204,17,2021-10-22
il,2021-09-25,178,17,2021-10-22
il,2021-09-26,203,17,2021-10-22
il,2021-09-27,236,17,2021-10-22
il,2021-09-28,188,17,2021-10-22
il,2021-09-29,211,17,2021-10-22
il,2021-09-30,213,17,2021-10-22
il,2021-10-01,167,17,2021-10-22
il,2021-10-02,152,17,2021-10-22
il,2021-10-03,146,17,2021-10-22
il,2021-10-04,191,17,2021-10-22
il,2021-10-05,188,17,2021-10-22
il,2021-10-06,201,17,2021-10-22
il,2021-10-07,188,17,2021-10-22
il,2021-10-08,185,17,2021-10-22
il,2021-10-09,175,17,2021-10-22
il,2021-10-10,160,17,2021-10-22
il,2021-10-11,181,17,2021-10-22
il,2021-10-12,160,17,2021-10-22
il,2021-10-13,164,17,2021-10-22
il,2021-10-14,165,17,2021-10-22
il,2021-10-15,160,17,2021-10-22
il,2021-10-16,138,17,2021-10-22
il,2021-10-17,145,17,2021-10-22
il,2021-10-18,152,17,2021-10-22
il,2021-10-19,146,17,2021-10-22
il,2021-10-20,137,17,2021-10-22
il,2021-10-21,133,17,2021-10-22
in,2019-12-31,NA,18,2021-10-22
in,2020-01-01,NA,18,2021-10-22
in,2020-01-02,NA,18,2021-10-22
in,2020-01-03,NA,18,2021-10-22
in,2020-01-04,NA,18,2021-10-22
in,2020-01-05,NA,18,2021-10-22
in,2020-01-06,NA,18,2021-10-22
in,2020-01-07,NA,18,2021-10-22
in,2020-01-08,NA,18,2021-10-22
in,2020-01-09,NA,18,2021-10-22
in,2020-01-10,NA,18,2021-10-22
in,2020-01-11,NA,18,2021-10-22
in,2020-01-12,NA,18,2021-10-22
in,2020-01-13,NA,18,2021-10-22
in,2020-01-14,NA,18,2021-10-22
in,2020-01-15,NA,18,2021-10-22
in,2020-01-16,NA,18,2021-10-22
in,2020-01-17,NA,18,2021-10-22
in,2020-01-18,NA,18,2021-10-22
in,2020-01-19,NA,18,2021-10-22
in,2020-01-20,NA,18,2021-10-22
in,2020-01-21,NA,18,2021-10-22
in,2020-01-22,NA,18,2021-10-22
in,2020-01-23,NA,18,2021-10-22
in,2020-01-24,NA,18,2021-10-22
in,2020-01-25,NA,18,2021-10-22
in,2020-01-26,NA,18,2021-10-22
in,2020-01-27,NA,18,2021-10-22
in,2020-01-28,NA,18,2021-10-22
in,2020-01-29,NA,18,2021-10-22
in,2020-01-30,NA,18,2021-10-22
in,2020-01-31,NA,18,2021-10-22
in,2020-02-01,NA,18,2021-10-22
in,2020-02-02,NA,18,2021-10-22
in,2020-02-03,NA,18,2021-10-22
in,2020-02-04,NA,18,2021-10-22
in,2020-02-05,NA,18,2021-10-22
in,2020-02-06,NA,18,2021-10-22
in,2020-02-07,NA,18,2021-10-22
in,2020-02-08,NA,18,2021-10-22
in,2020-02-09,NA,18,2021-10-22
in,2020-02-10,NA,18,2021-10-22
in,2020-02-11,NA,18,2021-10-22
in,2020-02-12,NA,18,2021-10-22
in,2020-02-13,NA,18,2021-10-22
in,2020-02-14,NA,18,2021-10-22
in,2020-02-15,NA,18,2021-10-22
in,2020-02-16,NA,18,2021-10-22
in,2020-02-17,NA,18,2021-10-22
in,2020-02-18,NA,18,2021-10-22
in,2020-02-19,NA,18,2021-10-22
in,2020-02-20,NA,18,2021-10-22
in,2020-02-21,NA,18,2021-10-22
in,2020-02-22,NA,18,2021-10-22
in,2020-02-23,NA,18,2021-10-22
in,2020-02-24,NA,18,2021-10-22
in,2020-02-25,NA,18,2021-10-22
in,2020-02-26,NA,18,2021-10-22
in,2020-02-27,NA,18,2021-10-22
in,2020-02-28,NA,18,2021-10-22
in,2020-02-29,NA,18,2021-10-22
in,2020-03-01,NA,18,2021-10-22
in,2020-03-02,NA,18,2021-10-22
in,2020-03-03,NA,18,2021-10-22
in,2020-03-04,NA,18,2021-10-22
in,2020-03-05,NA,18,2021-10-22
in,2020-03-06,NA,18,2021-10-22
in,2020-03-07,NA,18,2021-10-22
in,2020-03-08,NA,18,2021-10-22
in,2020-03-09,NA,18,2021-10-22
in,2020-03-10,NA,18,2021-10-22
in,2020-03-11,NA,18,2021-10-22
in,2020-03-12,NA,18,2021-10-22
in,2020-03-13,NA,18,2021-10-22
in,2020-03-14,NA,18,2021-10-22
in,2020-03-15,NA,18,2021-10-22
in,2020-03-16,NA,18,2021-10-22
in,2020-03-17,NA,18,2021-10-22
in,2020-03-18,NA,18,2021-10-22
in,2020-03-19,NA,18,2021-10-22
in,2020-03-20,NA,18,2021-10-22
in,2020-03-21,NA,18,2021-10-22
in,2020-03-22,NA,18,2021-10-22
in,2020-03-23,NA,18,2021-10-22
in,2020-03-24,NA,18,2021-10-22
in,2020-03-25,NA,18,2021-10-22
in,2020-03-26,NA,18,2021-10-22
in,2020-03-27,NA,18,2021-10-22
in,2020-03-28,NA,18,2021-10-22
in,2020-03-29,NA,18,2021-10-22
in,2020-03-30,NA,18,2021-10-22
in,2020-03-31,NA,18,2021-10-22
in,2020-04-01,NA,18,2021-10-22
in,2020-04-02,NA,18,2021-10-22
in,2020-04-03,NA,18,2021-10-22
in,2020-04-04,NA,18,2021-10-22
in,2020-04-05,NA,18,2021-10-22
in,2020-04-06,NA,18,2021-10-22
in,2020-04-07,NA,18,2021-10-22
in,2020-04-08,NA,18,2021-10-22
in,2020-04-09,NA,18,2021-10-22
in,2020-04-10,NA,18,2021-10-22
in,2020-04-11,NA,18,2021-10-22
in,2020-04-12,NA,18,2021-10-22
in,2020-04-13,NA,18,2021-10-22
in,2020-04-14,NA,18,2021-10-22
in,2020-04-15,NA,18,2021-10-22
in,2020-04-16,NA,18,2021-10-22
in,2020-04-17,NA,18,2021-10-22
in,2020-04-18,NA,18,2021-10-22
in,2020-04-19,NA,18,2021-10-22
in,2020-04-20,NA,18,2021-10-22
in,2020-04-21,NA,18,2021-10-22
in,2020-04-22,NA,18,2021-10-22
in,2020-04-23,NA,18,2021-10-22
in,2020-04-24,NA,18,2021-10-22
in,2020-04-25,NA,18,2021-10-22
in,2020-04-26,NA,18,2021-10-22
in,2020-04-27,NA,18,2021-10-22
in,2020-04-28,NA,18,2021-10-22
in,2020-04-29,NA,18,2021-10-22
in,2020-04-30,NA,18,2021-10-22
in,2020-05-01,NA,18,2021-10-22
in,2020-05-02,NA,18,2021-10-22
in,2020-05-03,NA,18,2021-10-22
in,2020-05-04,NA,18,2021-10-22
in,2020-05-05,NA,18,2021-10-22
in,2020-05-06,NA,18,2021-10-22
in,2020-05-07,NA,18,2021-10-22
in,2020-05-08,NA,18,2021-10-22
in,2020-05-09,NA,18,2021-10-22
in,2020-05-10,NA,18,2021-10-22
in,2020-05-11,NA,18,2021-10-22
in,2020-05-12,NA,18,2021-10-22
in,2020-05-13,NA,18,2021-10-22
in,2020-05-14,NA,18,2021-10-22
in,2020-05-15,NA,18,2021-10-22
in,2020-05-16,NA,18,2021-10-22
in,2020-05-17,NA,18,2021-10-22
in,2020-05-18,NA,18,2021-10-22
in,2020-05-19,NA,18,2021-10-22
in,2020-05-20,NA,18,2021-10-22
in,2020-05-21,NA,18,2021-10-22
in,2020-05-22,NA,18,2021-10-22
in,2020-05-23,NA,18,2021-10-22
in,2020-05-24,NA,18,2021-10-22
in,2020-05-25,NA,18,2021-10-22
in,2020-05-26,NA,18,2021-10-22
in,2020-05-27,NA,18,2021-10-22
in,2020-05-28,NA,18,2021-10-22
in,2020-05-29,NA,18,2021-10-22
in,2020-05-30,NA,18,2021-10-22
in,2020-05-31,NA,18,2021-10-22
in,2020-06-01,NA,18,2021-10-22
in,2020-06-02,NA,18,2021-10-22
in,2020-06-03,NA,18,2021-10-22
in,2020-06-04,NA,18,2021-10-22
in,2020-06-05,NA,18,2021-10-22
in,2020-06-06,NA,18,2021-10-22
in,2020-06-07,NA,18,2021-10-22
in,2020-06-08,NA,18,2021-10-22
in,2020-06-09,NA,18,2021-10-22
in,2020-06-10,NA,18,2021-10-22
in,2020-06-11,NA,18,2021-10-22
in,2020-06-12,NA,18,2021-10-22
in,2020-06-13,NA,18,2021-10-22
in,2020-06-14,NA,18,2021-10-22
in,2020-06-15,NA,18,2021-10-22
in,2020-06-16,NA,18,2021-10-22
in,2020-06-17,NA,18,2021-10-22
in,2020-06-18,NA,18,2021-10-22
in,2020-06-19,NA,18,2021-10-22
in,2020-06-20,NA,18,2021-10-22
in,2020-06-21,NA,18,2021-10-22
in,2020-06-22,NA,18,2021-10-22
in,2020-06-23,NA,18,2021-10-22
in,2020-06-24,NA,18,2021-10-22
in,2020-06-25,NA,18,2021-10-22
in,2020-06-26,NA,18,2021-10-22
in,2020-06-27,NA,18,2021-10-22
in,2020-06-28,NA,18,2021-10-22
in,2020-06-29,NA,18,2021-10-22
in,2020-06-30,NA,18,2021-10-22
in,2020-07-01,NA,18,2021-10-22
in,2020-07-02,NA,18,2021-10-22
in,2020-07-03,NA,18,2021-10-22
in,2020-07-04,NA,18,2021-10-22
in,2020-07-05,NA,18,2021-10-22
in,2020-07-06,NA,18,2021-10-22
in,2020-07-07,NA,18,2021-10-22
in,2020-07-08,NA,18,2021-10-22
in,2020-07-09,NA,18,2021-10-22
in,2020-07-10,NA,18,2021-10-22
in,2020-07-11,NA,18,2021-10-22
in,2020-07-12,NA,18,2021-10-22
in,2020-07-13,NA,18,2021-10-22
in,2020-07-14,45,18,2021-10-22
in,2020-07-15,35,18,2021-10-22
in,2020-07-16,52,18,2021-10-22
in,2020-07-17,46,18,2021-10-22
in,2020-07-18,37,18,2021-10-22
in,2020-07-19,37,18,2021-10-22
in,2020-07-20,33,18,2021-10-22
in,2020-07-21,9,18,2021-10-22
in,2020-07-22,17,18,2021-10-22
in,2020-07-23,15,18,2021-10-22
in,2020-07-24,11,18,2021-10-22
in,2020-07-25,10,18,2021-10-22
in,2020-07-26,9,18,2021-10-22
in,2020-07-27,11,18,2021-10-22
in,2020-07-28,62,18,2021-10-22
in,2020-07-29,51,18,2021-10-22
in,2020-07-30,68,18,2021-10-22
in,2020-07-31,51,18,2021-10-22
in,2020-08-01,64,18,2021-10-22
in,2020-08-02,68,18,2021-10-22
in,2020-08-03,71,18,2021-10-22
in,2020-08-04,67,18,2021-10-22
in,2020-08-05,67,18,2021-10-22
in,2020-08-06,67,18,2021-10-22
in,2020-08-07,69,18,2021-10-22
in,2020-08-08,52,18,2021-10-22
in,2020-08-09,55,18,2021-10-22
in,2020-08-10,58,18,2021-10-22
in,2020-08-11,71,18,2021-10-22
in,2020-08-12,70,18,2021-10-22
in,2020-08-13,75,18,2021-10-22
in,2020-08-14,97,18,2021-10-22
in,2020-08-15,172,18,2021-10-22
in,2020-08-16,66,18,2021-10-22
in,2020-08-17,73,18,2021-10-22
in,2020-08-18,68,18,2021-10-22
in,2020-08-19,65,18,2021-10-22
in,2020-08-20,72,18,2021-10-22
in,2020-08-21,70,18,2021-10-22
in,2020-08-22,41,18,2021-10-22
in,2020-08-23,84,18,2021-10-22
in,2020-08-24,92,18,2021-10-22
in,2020-08-25,76,18,2021-10-22
in,2020-08-26,79,18,2021-10-22
in,2020-08-27,73,18,2021-10-22
in,2020-08-28,112,18,2021-10-22
in,2020-08-29,102,18,2021-10-22
in,2020-08-30,61,18,2021-10-22
in,2020-08-31,53,18,2021-10-22
in,2020-09-01,54,18,2021-10-22
in,2020-09-02,51,18,2021-10-22
in,2020-09-03,65,18,2021-10-22
in,2020-09-04,82,18,2021-10-22
in,2020-09-05,80,18,2021-10-22
in,2020-09-06,231,18,2021-10-22
in,2020-09-07,161,18,2021-10-22
in,2020-09-08,159,18,2021-10-22
in,2020-09-09,142,18,2021-10-22
in,2020-09-10,129,18,2021-10-22
in,2020-09-11,64,18,2021-10-22
in,2020-09-12,65,18,2021-10-22
in,2020-09-13,71,18,2021-10-22
in,2020-09-14,78,18,2021-10-22
in,2020-09-15,59,18,2021-10-22
in,2020-09-16,70,18,2021-10-22
in,2020-09-17,66,18,2021-10-22
in,2020-09-18,74,18,2021-10-22
in,2020-09-19,96,18,2021-10-22
in,2020-09-20,65,18,2021-10-22
in,2020-09-21,61,18,2021-10-22
in,2020-09-22,59,18,2021-10-22
in,2020-09-23,74,18,2021-10-22
in,2020-09-24,85,18,2021-10-22
in,2020-09-25,82,18,2021-10-22
in,2020-09-26,132,18,2021-10-22
in,2020-09-27,125,18,2021-10-22
in,2020-09-28,98,18,2021-10-22
in,2020-09-29,75,18,2021-10-22
in,2020-09-30,91,18,2021-10-22
in,2020-10-01,81,18,2021-10-22
in,2020-10-02,89,18,2021-10-22
in,2020-10-03,92,18,2021-10-22
in,2020-10-04,115,18,2021-10-22
in,2020-10-05,127,18,2021-10-22
in,2020-10-06,121,18,2021-10-22
in,2020-10-07,127,18,2021-10-22
in,2020-10-08,131,18,2021-10-22
in,2020-10-09,128,18,2021-10-22
in,2020-10-10,102,18,2021-10-22
in,2020-10-11,124,18,2021-10-22
in,2020-10-12,145,18,2021-10-22
in,2020-10-13,121,18,2021-10-22
in,2020-10-14,148,18,2021-10-22
in,2020-10-15,156,18,2021-10-22
in,2020-10-16,192,18,2021-10-22
in,2020-10-17,149,18,2021-10-22
in,2020-10-18,199,18,2021-10-22
in,2020-10-19,194,18,2021-10-22
in,2020-10-20,177,18,2021-10-22
in,2020-10-21,174,18,2021-10-22
in,2020-10-22,177,18,2021-10-22
in,2020-10-23,179,18,2021-10-22
in,2020-10-24,173,18,2021-10-22
in,2020-10-25,130,18,2021-10-22
in,2020-10-26,191,18,2021-10-22
in,2020-10-27,162,18,2021-10-22
in,2020-10-28,217,18,2021-10-22
in,2020-10-29,227,18,2021-10-22
in,2020-10-30,236,18,2021-10-22
in,2020-10-31,206,18,2021-10-22
in,2020-11-01,187,18,2021-10-22
in,2020-11-02,182,18,2021-10-22
in,2020-11-03,211,18,2021-10-22
in,2020-11-04,219,18,2021-10-22
in,2020-11-05,257,18,2021-10-22
in,2020-11-06,338,18,2021-10-22
in,2020-11-07,314,18,2021-10-22
in,2020-11-08,287,18,2021-10-22
in,2020-11-09,342,18,2021-10-22
in,2020-11-10,285,18,2021-10-22
in,2020-11-11,284,18,2021-10-22
in,2020-11-12,368,18,2021-10-22
in,2020-11-13,351,18,2021-10-22
in,2020-11-14,388,18,2021-10-22
in,2020-11-15,325,18,2021-10-22
in,2020-11-16,362,18,2021-10-22
in,2020-11-17,347,18,2021-10-22
in,2020-11-18,342,18,2021-10-22
in,2020-11-19,376,18,2021-10-22
in,2020-11-20,364,18,2021-10-22
in,2020-11-21,363,18,2021-10-22
in,2020-11-22,335,18,2021-10-22
in,2020-11-23,394,18,2021-10-22
in,2020-11-24,391,18,2021-10-22
in,2020-11-25,395,18,2021-10-22
in,2020-11-26,355,18,2021-10-22
in,2020-11-27,402,18,2021-10-22
in,2020-11-28,333,18,2021-10-22
in,2020-11-29,349,18,2021-10-22
in,2020-11-30,431,18,2021-10-22
in,2020-12-01,390,18,2021-10-22
in,2020-12-02,389,18,2021-10-22
in,2020-12-03,433,18,2021-10-22
in,2020-12-04,380,18,2021-10-22
in,2020-12-05,368,18,2021-10-22
in,2020-12-06,398,18,2021-10-22
in,2020-12-07,409,18,2021-10-22
in,2020-12-08,378,18,2021-10-22
in,2020-12-09,403,18,2021-10-22
in,2020-12-10,398,18,2021-10-22
in,2020-12-11,397,18,2021-10-22
in,2020-12-12,357,18,2021-10-22
in,2020-12-13,352,18,2021-10-22
in,2020-12-14,380,18,2021-10-22
in,2020-12-15,394,18,2021-10-22
in,2020-12-16,387,18,2021-10-22
in,2020-12-17,386,18,2021-10-22
in,2020-12-18,383,18,2021-10-22
in,2020-12-19,343,18,2021-10-22
in,2020-12-20,309,18,2021-10-22
in,2020-12-21,386,18,2021-10-22
in,2020-12-22,362,18,2021-10-22
in,2020-12-23,360,18,2021-10-22
in,2020-12-24,465,18,2021-10-22
in,2020-12-25,264,18,2021-10-22
in,2020-12-26,353,18,2021-10-22
in,2020-12-27,457,18,2021-10-22
in,2020-12-28,335,18,2021-10-22
in,2020-12-29,344,18,2021-10-22
in,2020-12-30,355,18,2021-10-22
in,2020-12-31,494,18,2021-10-22
in,2021-01-01,508,18,2021-10-22
in,2021-01-02,543,18,2021-10-22
in,2021-01-03,307,18,2021-10-22
in,2021-01-04,445,18,2021-10-22
in,2021-01-05,339,18,2021-10-22
in,2021-01-06,340,18,2021-10-22
in,2021-01-07,332,18,2021-10-22
in,2021-01-08,334,18,2021-10-22
in,2021-01-09,271,18,2021-10-22
in,2021-01-10,251,18,2021-10-22
in,2021-01-11,319,18,2021-10-22
in,2021-01-12,330,18,2021-10-22
in,2021-01-13,308,18,2021-10-22
in,2021-01-14,326,18,2021-10-22
in,2021-01-15,291,18,2021-10-22
in,2021-01-16,275,18,2021-10-22
in,2021-01-17,218,18,2021-10-22
in,2021-01-18,310,18,2021-10-22
in,2021-01-19,229,18,2021-10-22
in,2021-01-20,252,18,2021-10-22
in,2021-01-21,243,18,2021-10-22
in,2021-01-22,227,18,2021-10-22
in,2021-01-23,159,18,2021-10-22
in,2021-01-24,153,18,2021-10-22
in,2021-01-25,208,18,2021-10-22
in,2021-01-26,202,18,2021-10-22
in,2021-01-27,220,18,2021-10-22
in,2021-01-28,204,18,2021-10-22
in,2021-01-29,177,18,2021-10-22
in,2021-01-30,167,18,2021-10-22
in,2021-01-31,151,18,2021-10-22
in,2021-02-01,191,18,2021-10-22
in,2021-02-02,179,18,2021-10-22
in,2021-02-03,208,18,2021-10-22
in,2021-02-04,195,18,2021-10-22
in,2021-02-05,167,18,2021-10-22
in,2021-02-06,151,18,2021-10-22
in,2021-02-07,114,18,2021-10-22
in,2021-02-08,138,18,2021-10-22
in,2021-02-09,137,18,2021-10-22
in,2021-02-10,131,18,2021-10-22
in,2021-02-11,117,18,2021-10-22
in,2021-02-12,103,18,2021-10-22
in,2021-02-13,101,18,2021-10-22
in,2021-02-14,86,18,2021-10-22
in,2021-02-15,102,18,2021-10-22
in,2021-02-16,125,18,2021-10-22
in,2021-02-17,122,18,2021-10-22
in,2021-02-18,106,18,2021-10-22
in,2021-02-19,115,18,2021-10-22
in,2021-02-20,88,18,2021-10-22
in,2021-02-21,79,18,2021-10-22
in,2021-02-22,111,18,2021-10-22
in,2021-02-23,93,18,2021-10-22
in,2021-02-24,98,18,2021-10-22
in,2021-02-25,91,18,2021-10-22
in,2021-02-26,89,18,2021-10-22
in,2021-02-27,77,18,2021-10-22
in,2021-02-28,68,18,2021-10-22
in,2021-03-01,66,18,2021-10-22
in,2021-03-02,76,18,2021-10-22
in,2021-03-03,74,18,2021-10-22
in,2021-03-04,77,18,2021-10-22
in,2021-03-05,93,18,2021-10-22
in,2021-03-06,84,18,2021-10-22
in,2021-03-07,50,18,2021-10-22
in,2021-03-08,59,18,2021-10-22
in,2021-03-09,69,18,2021-10-22
in,2021-03-10,71,18,2021-10-22
in,2021-03-11,68,18,2021-10-22
in,2021-03-12,65,18,2021-10-22
in,2021-03-13,61,18,2021-10-22
in,2021-03-14,59,18,2021-10-22
in,2021-03-15,53,18,2021-10-22
in,2021-03-16,58,18,2021-10-22
in,2021-03-17,66,18,2021-10-22
in,2021-03-18,56,18,2021-10-22
in,2021-03-19,64,18,2021-10-22
in,2021-03-20,52,18,2021-10-22
in,2021-03-21,70,18,2021-10-22
in,2021-03-22,70,18,2021-10-22
in,2021-03-23,84,18,2021-10-22
in,2021-03-24,91,18,2021-10-22
in,2021-03-25,80,18,2021-10-22
in,2021-03-26,74,18,2021-10-22
in,2021-03-27,84,18,2021-10-22
in,2021-03-28,65,18,2021-10-22
in,2021-03-29,78,18,2021-10-22
in,2021-03-30,95,18,2021-10-22
in,2021-03-31,83,18,2021-10-22
in,2021-04-01,99,18,2021-10-22
in,2021-04-02,104,18,2021-10-22
in,2021-04-03,72,18,2021-10-22
in,2021-04-04,70,18,2021-10-22
in,2021-04-05,97,18,2021-10-22
in,2021-04-06,89,18,2021-10-22
in,2021-04-07,95,18,2021-10-22
in,2021-04-08,110,18,2021-10-22
in,2021-04-09,119,18,2021-10-22
in,2021-04-10,107,18,2021-10-22
in,2021-04-11,72,18,2021-10-22
in,2021-04-12,114,18,2021-10-22
in,2021-04-13,89,18,2021-10-22
in,2021-04-14,78,18,2021-10-22
in,2021-04-15,104,18,2021-10-22
in,2021-04-16,99,18,2021-10-22
in,2021-04-17,104,18,2021-10-22
in,2021-04-18,82,18,2021-10-22
in,2021-04-19,107,18,2021-10-22
in,2021-04-20,109,18,2021-10-22
in,2021-04-21,95,18,2021-10-22
in,2021-04-22,100,18,2021-10-22
in,2021-04-23,125,18,2021-10-22
in,2021-04-24,86,18,2021-10-22
in,2021-04-25,94,18,2021-10-22
in,2021-04-26,113,18,2021-10-22
in,2021-04-27,107,18,2021-10-22
in,2021-04-28,129,18,2021-10-22
in,2021-04-29,118,18,2021-10-22
in,2021-04-30,111,18,2021-10-22
in,2021-05-01,100,18,2021-10-22
in,2021-05-02,99,18,2021-10-22
in,2021-05-03,128,18,2021-10-22
in,2021-05-04,96,18,2021-10-22
in,2021-05-05,92,18,2021-10-22
in,2021-05-06,85,18,2021-10-22
in,2021-05-07,109,18,2021-10-22
in,2021-05-08,86,18,2021-10-22
in,2021-05-09,67,18,2021-10-22
in,2021-05-10,82,18,2021-10-22
in,2021-05-11,92,18,2021-10-22
in,2021-05-12,77,18,2021-10-22
in,2021-05-13,86,18,2021-10-22
in,2021-05-14,95,18,2021-10-22
in,2021-05-15,87,18,2021-10-22
in,2021-05-16,80,18,2021-10-22
in,2021-05-17,86,18,2021-10-22
in,2021-05-18,76,18,2021-10-22
in,2021-05-19,59,18,2021-10-22
in,2021-05-20,72,18,2021-10-22
in,2021-05-21,138,18,2021-10-22
in,2021-05-22,72,18,2021-10-22
in,2021-05-23,68,18,2021-10-22
in,2021-05-24,72,18,2021-10-22
in,2021-05-25,66,18,2021-10-22
in,2021-05-26,86,18,2021-10-22
in,2021-05-27,98,18,2021-10-22
in,2021-05-28,80,18,2021-10-22
in,2021-05-29,58,18,2021-10-22
in,2021-05-30,62,18,2021-10-22
in,2021-05-31,50,18,2021-10-22
in,2021-06-01,76,18,2021-10-22
in,2021-06-02,44,18,2021-10-22
in,2021-06-03,54,18,2021-10-22
in,2021-06-04,58,18,2021-10-22
in,2021-06-05,40,18,2021-10-22
in,2021-06-06,39,18,2021-10-22
in,2021-06-07,38,18,2021-10-22
in,2021-06-08,55,18,2021-10-22
in,2021-06-09,52,18,2021-10-22
in,2021-06-10,43,18,2021-10-22
in,2021-06-11,56,18,2021-10-22
in,2021-06-12,32,18,2021-10-22
in,2021-06-13,43,18,2021-10-22
in,2021-06-14,45,18,2021-10-22
in,2021-06-15,44,18,2021-10-22
in,2021-06-16,31,18,2021-10-22
in,2021-06-17,36,18,2021-10-22
in,2021-06-18,32,18,2021-10-22
in,2021-06-19,27,18,2021-10-22
in,2021-06-20,27,18,2021-10-22
in,2021-06-21,33,18,2021-10-22
in,2021-06-22,32,18,2021-10-22
in,2021-06-23,30,18,2021-10-22
in,2021-06-24,29,18,2021-10-22
in,2021-06-25,25,18,2021-10-22
in,2021-06-26,36,18,2021-10-22
in,2021-06-27,30,18,2021-10-22
in,2021-06-28,46,18,2021-10-22
in,2021-06-29,38,18,2021-10-22
in,2021-06-30,29,18,2021-10-22
in,2021-07-01,25,18,2021-10-22
in,2021-07-02,29,18,2021-10-22
in,2021-07-03,28,18,2021-10-22
in,2021-07-04,30,18,2021-10-22
in,2021-07-05,42,18,2021-10-22
in,2021-07-06,50,18,2021-10-22
in,2021-07-07,48,18,2021-10-22
in,2021-07-08,34,18,2021-10-22
in,2021-07-09,50,18,2021-10-22
in,2021-07-10,27,18,2021-10-22
in,2021-07-11,42,18,2021-10-22
in,2021-07-12,52,18,2021-10-22
in,2021-07-13,54,18,2021-10-22
in,2021-07-14,61,18,2021-10-22
in,2021-07-15,64,18,2021-10-22
in,2021-07-16,44,18,2021-10-22
in,2021-07-17,40,18,2021-10-22
in,2021-07-18,55,18,2021-10-22
in,2021-07-19,60,18,2021-10-22
in,2021-07-20,65,18,2021-10-22
in,2021-07-21,75,18,2021-10-22
in,2021-07-22,72,18,2021-10-22
in,2021-07-23,86,18,2021-10-22
in,2021-07-24,74,18,2021-10-22
in,2021-07-25,91,18,2021-10-22
in,2021-07-26,101,18,2021-10-22
in,2021-07-27,94,18,2021-10-22
in,2021-07-28,101,18,2021-10-22
in,2021-07-29,106,18,2021-10-22
in,2021-07-30,111,18,2021-10-22
in,2021-07-31,100,18,2021-10-22
in,2021-08-01,117,18,2021-10-22
in,2021-08-02,133,18,2021-10-22
in,2021-08-03,147,18,2021-10-22
in,2021-08-04,144,18,2021-10-22
in,2021-08-05,164,18,2021-10-22
in,2021-08-06,150,18,2021-10-22
in,2021-08-07,142,18,2021-10-22
in,2021-08-08,167,18,2021-10-22
in,2021-08-09,202,18,2021-10-22
in,2021-08-10,179,18,2021-10-22
in,2021-08-11,222,18,2021-10-22
in,2021-08-12,210,18,2021-10-22
in,2021-08-13,179,18,2021-10-22
in,2021-08-14,216,18,2021-10-22
in,2021-08-15,203,18,2021-10-22
in,2021-08-16,220,18,2021-10-22
in,2021-08-17,242,18,2021-10-22
in,2021-08-18,296,18,2021-10-22
in,2021-08-19,269,18,2021-10-22
in,2021-08-20,270,18,2021-10-22
in,2021-08-21,271,18,2021-10-22
in,2021-08-22,257,18,2021-10-22
in,2021-08-23,292,18,2021-10-22
in,2021-08-24,294,18,2021-10-22
in,2021-08-25,344,18,2021-10-22
in,2021-08-26,294,18,2021-10-22
in,2021-08-27,305,18,2021-10-22
in,2021-08-28,292,18,2021-10-22
in,2021-08-29,254,18,2021-10-22
in,2021-08-30,339,18,2021-10-22
in,2021-08-31,300,18,2021-10-22
in,2021-09-01,338,18,2021-10-22
in,2021-09-02,314,18,2021-10-22
in,2021-09-03,313,18,2021-10-22
in,2021-09-04,292,18,2021-10-22
in,2021-09-05,265,18,2021-10-22
in,2021-09-06,279,18,2021-10-22
in,2021-09-07,354,18,2021-10-22
in,2021-09-08,342,18,2021-10-22
in,2021-09-09,355,18,2021-10-22
in,2021-09-10,311,18,2021-10-22
in,2021-09-11,274,18,2021-10-22
in,2021-09-12,249,18,2021-10-22
in,2021-09-13,320,18,2021-10-22
in,2021-09-14,310,18,2021-10-22
in,2021-09-15,336,18,2021-10-22
in,2021-09-16,315,18,2021-10-22
in,2021-09-17,284,18,2021-10-22
in,2021-09-18,213,18,2021-10-22
in,2021-09-19,216,18,2021-10-22
in,2021-09-20,294,18,2021-10-22
in,2021-09-21,298,18,2021-10-22
in,2021-09-22,224,18,2021-10-22
in,2021-09-23,242,18,2021-10-22
in,2021-09-24,201,18,2021-10-22
in,2021-09-25,198,18,2021-10-22
in,2021-09-26,183,18,2021-10-22
in,2021-09-27,232,18,2021-10-22
in,2021-09-28,234,18,2021-10-22
in,2021-09-29,216,18,2021-10-22
in,2021-09-30,218,18,2021-10-22
in,2021-10-01,182,18,2021-10-22
in,2021-10-02,169,18,2021-10-22
in,2021-10-03,158,18,2021-10-22
in,2021-10-04,201,18,2021-10-22
in,2021-10-05,191,18,2021-10-22
in,2021-10-06,204,18,2021-10-22
in,2021-10-07,186,18,2021-10-22
in,2021-10-08,194,18,2021-10-22
in,2021-10-09,134,18,2021-10-22
in,2021-10-10,160,18,2021-10-22
in,2021-10-11,191,18,2021-10-22
in,2021-10-12,176,18,2021-10-22
in,2021-10-13,147,18,2021-10-22
in,2021-10-14,177,18,2021-10-22
in,2021-10-15,173,18,2021-10-22
in,2021-10-16,145,18,2021-10-22
in,2021-10-17,139,18,2021-10-22
in,2021-10-18,157,18,2021-10-22
in,2021-10-19,149,18,2021-10-22
in,2021-10-20,163,18,2021-10-22
in,2021-10-21,163,18,2021-10-22
ia,2020-02-29,NA,19,2021-10-22
ia,2020-03-01,NA,19,2021-10-22
ia,2020-03-02,NA,19,2021-10-22
ia,2020-03-03,NA,19,2021-10-22
ia,2020-03-04,NA,19,2021-10-22
ia,2020-03-05,NA,19,2021-10-22
ia,2020-03-06,NA,19,2021-10-22
ia,2020-03-07,NA,19,2021-10-22
ia,2020-03-08,NA,19,2021-10-22
ia,2020-03-09,NA,19,2021-10-22
ia,2020-03-10,NA,19,2021-10-22
ia,2020-03-11,NA,19,2021-10-22
ia,2020-03-12,NA,19,2021-10-22
ia,2020-03-13,NA,19,2021-10-22
ia,2020-03-14,NA,19,2021-10-22
ia,2020-03-15,NA,19,2021-10-22
ia,2020-03-16,NA,19,2021-10-22
ia,2020-03-17,NA,19,2021-10-22
ia,2020-03-18,NA,19,2021-10-22
ia,2020-03-19,NA,19,2021-10-22
ia,2020-03-20,NA,19,2021-10-22
ia,2020-03-21,NA,19,2021-10-22
ia,2020-03-22,NA,19,2021-10-22
ia,2020-03-23,NA,19,2021-10-22
ia,2020-03-24,NA,19,2021-10-22
ia,2020-03-25,NA,19,2021-10-22
ia,2020-03-26,NA,19,2021-10-22
ia,2020-03-27,NA,19,2021-10-22
ia,2020-03-28,NA,19,2021-10-22
ia,2020-03-29,NA,19,2021-10-22
ia,2020-03-30,NA,19,2021-10-22
ia,2020-03-31,NA,19,2021-10-22
ia,2020-04-01,NA,19,2021-10-22
ia,2020-04-02,NA,19,2021-10-22
ia,2020-04-03,NA,19,2021-10-22
ia,2020-04-04,NA,19,2021-10-22
ia,2020-04-05,NA,19,2021-10-22
ia,2020-04-06,NA,19,2021-10-22
ia,2020-04-07,NA,19,2021-10-22
ia,2020-04-08,NA,19,2021-10-22
ia,2020-04-09,NA,19,2021-10-22
ia,2020-04-10,NA,19,2021-10-22
ia,2020-04-11,NA,19,2021-10-22
ia,2020-04-12,NA,19,2021-10-22
ia,2020-04-13,NA,19,2021-10-22
ia,2020-04-14,NA,19,2021-10-22
ia,2020-04-15,NA,19,2021-10-22
ia,2020-04-16,NA,19,2021-10-22
ia,2020-04-17,NA,19,2021-10-22
ia,2020-04-18,NA,19,2021-10-22
ia,2020-04-19,NA,19,2021-10-22
ia,2020-04-20,NA,19,2021-10-22
ia,2020-04-21,NA,19,2021-10-22
ia,2020-04-22,NA,19,2021-10-22
ia,2020-04-23,NA,19,2021-10-22
ia,2020-04-24,NA,19,2021-10-22
ia,2020-04-25,NA,19,2021-10-22
ia,2020-04-26,NA,19,2021-10-22
ia,2020-04-27,NA,19,2021-10-22
ia,2020-04-28,NA,19,2021-10-22
ia,2020-04-29,NA,19,2021-10-22
ia,2020-04-30,NA,19,2021-10-22
ia,2020-05-01,NA,19,2021-10-22
ia,2020-05-02,NA,19,2021-10-22
ia,2020-05-03,NA,19,2021-10-22
ia,2020-05-04,NA,19,2021-10-22
ia,2020-05-05,NA,19,2021-10-22
ia,2020-05-06,NA,19,2021-10-22
ia,2020-05-07,NA,19,2021-10-22
ia,2020-05-08,NA,19,2021-10-22
ia,2020-05-09,NA,19,2021-10-22
ia,2020-05-10,NA,19,2021-10-22
ia,2020-05-11,NA,19,2021-10-22
ia,2020-05-12,NA,19,2021-10-22
ia,2020-05-13,NA,19,2021-10-22
ia,2020-05-14,NA,19,2021-10-22
ia,2020-05-15,NA,19,2021-10-22
ia,2020-05-16,NA,19,2021-10-22
ia,2020-05-17,NA,19,2021-10-22
ia,2020-05-18,NA,19,2021-10-22
ia,2020-05-19,NA,19,2021-10-22
ia,2020-05-20,NA,19,2021-10-22
ia,2020-05-21,NA,19,2021-10-22
ia,2020-05-22,NA,19,2021-10-22
ia,2020-05-23,NA,19,2021-10-22
ia,2020-05-24,NA,19,2021-10-22
ia,2020-05-25,NA,19,2021-10-22
ia,2020-05-26,NA,19,2021-10-22
ia,2020-05-27,NA,19,2021-10-22
ia,2020-05-28,NA,19,2021-10-22
ia,2020-05-29,NA,19,2021-10-22
ia,2020-05-30,NA,19,2021-10-22
ia,2020-05-31,NA,19,2021-10-22
ia,2020-06-01,NA,19,2021-10-22
ia,2020-06-02,NA,19,2021-10-22
ia,2020-06-03,NA,19,2021-10-22
ia,2020-06-04,NA,19,2021-10-22
ia,2020-06-05,NA,19,2021-10-22
ia,2020-06-06,NA,19,2021-10-22
ia,2020-06-07,NA,19,2021-10-22
ia,2020-06-08,NA,19,2021-10-22
ia,2020-06-09,NA,19,2021-10-22
ia,2020-06-10,NA,19,2021-10-22
ia,2020-06-11,NA,19,2021-10-22
ia,2020-06-12,NA,19,2021-10-22
ia,2020-06-13,NA,19,2021-10-22
ia,2020-06-14,NA,19,2021-10-22
ia,2020-06-15,NA,19,2021-10-22
ia,2020-06-16,NA,19,2021-10-22
ia,2020-06-17,NA,19,2021-10-22
ia,2020-06-18,NA,19,2021-10-22
ia,2020-06-19,NA,19,2021-10-22
ia,2020-06-20,NA,19,2021-10-22
ia,2020-06-21,NA,19,2021-10-22
ia,2020-06-22,NA,19,2021-10-22
ia,2020-06-23,NA,19,2021-10-22
ia,2020-06-24,NA,19,2021-10-22
ia,2020-06-25,NA,19,2021-10-22
ia,2020-06-26,NA,19,2021-10-22
ia,2020-06-27,NA,19,2021-10-22
ia,2020-06-28,NA,19,2021-10-22
ia,2020-06-29,NA,19,2021-10-22
ia,2020-06-30,NA,19,2021-10-22
ia,2020-07-01,NA,19,2021-10-22
ia,2020-07-02,NA,19,2021-10-22
ia,2020-07-03,NA,19,2021-10-22
ia,2020-07-04,NA,19,2021-10-22
ia,2020-07-05,NA,19,2021-10-22
ia,2020-07-06,NA,19,2021-10-22
ia,2020-07-07,NA,19,2021-10-22
ia,2020-07-08,NA,19,2021-10-22
ia,2020-07-09,NA,19,2021-10-22
ia,2020-07-10,NA,19,2021-10-22
ia,2020-07-11,NA,19,2021-10-22
ia,2020-07-12,NA,19,2021-10-22
ia,2020-07-13,NA,19,2021-10-22
ia,2020-07-14,29,19,2021-10-22
ia,2020-07-15,28,19,2021-10-22
ia,2020-07-16,20,19,2021-10-22
ia,2020-07-17,20,19,2021-10-22
ia,2020-07-18,20,19,2021-10-22
ia,2020-07-19,23,19,2021-10-22
ia,2020-07-20,29,19,2021-10-22
ia,2020-07-21,33,19,2021-10-22
ia,2020-07-22,116,19,2021-10-22
ia,2020-07-23,78,19,2021-10-22
ia,2020-07-24,60,19,2021-10-22
ia,2020-07-25,36,19,2021-10-22
ia,2020-07-26,34,19,2021-10-22
ia,2020-07-27,23,19,2021-10-22
ia,2020-07-28,34,19,2021-10-22
ia,2020-07-29,34,19,2021-10-22
ia,2020-07-30,35,19,2021-10-22
ia,2020-07-31,35,19,2021-10-22
ia,2020-08-01,31,19,2021-10-22
ia,2020-08-02,32,19,2021-10-22
ia,2020-08-03,45,19,2021-10-22
ia,2020-08-04,33,19,2021-10-22
ia,2020-08-05,32,19,2021-10-22
ia,2020-08-06,43,19,2021-10-22
ia,2020-08-07,57,19,2021-10-22
ia,2020-08-08,38,19,2021-10-22
ia,2020-08-09,43,19,2021-10-22
ia,2020-08-10,64,19,2021-10-22
ia,2020-08-11,46,19,2021-10-22
ia,2020-08-12,41,19,2021-10-22
ia,2020-08-13,37,19,2021-10-22
ia,2020-08-14,50,19,2021-10-22
ia,2020-08-15,36,19,2021-10-22
ia,2020-08-16,35,19,2021-10-22
ia,2020-08-17,45,19,2021-10-22
ia,2020-08-18,44,19,2021-10-22
ia,2020-08-19,55,19,2021-10-22
ia,2020-08-20,34,19,2021-10-22
ia,2020-08-21,55,19,2021-10-22
ia,2020-08-22,60,19,2021-10-22
ia,2020-08-23,43,19,2021-10-22
ia,2020-08-24,49,19,2021-10-22
ia,2020-08-25,41,19,2021-10-22
ia,2020-08-26,42,19,2021-10-22
ia,2020-08-27,49,19,2021-10-22
ia,2020-08-28,55,19,2021-10-22
ia,2020-08-29,35,19,2021-10-22
ia,2020-08-30,52,19,2021-10-22
ia,2020-08-31,64,19,2021-10-22
ia,2020-09-01,52,19,2021-10-22
ia,2020-09-02,46,19,2021-10-22
ia,2020-09-03,41,19,2021-10-22
ia,2020-09-04,53,19,2021-10-22
ia,2020-09-05,39,19,2021-10-22
ia,2020-09-06,50,19,2021-10-22
ia,2020-09-07,42,19,2021-10-22
ia,2020-09-08,50,19,2021-10-22
ia,2020-09-09,29,19,2021-10-22
ia,2020-09-10,53,19,2021-10-22
ia,2020-09-11,40,19,2021-10-22
ia,2020-09-12,37,19,2021-10-22
ia,2020-09-13,43,19,2021-10-22
ia,2020-09-14,47,19,2021-10-22
ia,2020-09-15,35,19,2021-10-22
ia,2020-09-16,57,19,2021-10-22
ia,2020-09-17,47,19,2021-10-22
ia,2020-09-18,50,19,2021-10-22
ia,2020-09-19,38,19,2021-10-22
ia,2020-09-20,43,19,2021-10-22
ia,2020-09-21,61,19,2021-10-22
ia,2020-09-22,57,19,2021-10-22
ia,2020-09-23,74,19,2021-10-22
ia,2020-09-24,59,19,2021-10-22
ia,2020-09-25,59,19,2021-10-22
ia,2020-09-26,51,19,2021-10-22
ia,2020-09-27,64,19,2021-10-22
ia,2020-09-28,63,19,2021-10-22
ia,2020-09-29,58,19,2021-10-22
ia,2020-09-30,68,19,2021-10-22
ia,2020-10-01,59,19,2021-10-22
ia,2020-10-02,66,19,2021-10-22
ia,2020-10-03,57,19,2021-10-22
ia,2020-10-04,60,19,2021-10-22
ia,2020-10-05,97,19,2021-10-22
ia,2020-10-06,64,19,2021-10-22
ia,2020-10-07,80,19,2021-10-22
ia,2020-10-08,64,19,2021-10-22
ia,2020-10-09,65,19,2021-10-22
ia,2020-10-10,59,19,2021-10-22
ia,2020-10-11,76,19,2021-10-22
ia,2020-10-12,83,19,2021-10-22
ia,2020-10-13,70,19,2021-10-22
ia,2020-10-14,68,19,2021-10-22
ia,2020-10-15,56,19,2021-10-22
ia,2020-10-16,86,19,2021-10-22
ia,2020-10-17,68,19,2021-10-22
ia,2020-10-18,71,19,2021-10-22
ia,2020-10-19,90,19,2021-10-22
ia,2020-10-20,90,19,2021-10-22
ia,2020-10-21,87,19,2021-10-22
ia,2020-10-22,104,19,2021-10-22
ia,2020-10-23,86,19,2021-10-22
ia,2020-10-24,77,19,2021-10-22
ia,2020-10-25,79,19,2021-10-22
ia,2020-10-26,113,19,2021-10-22
ia,2020-10-27,112,19,2021-10-22
ia,2020-10-28,95,19,2021-10-22
ia,2020-10-29,103,19,2021-10-22
ia,2020-10-30,132,19,2021-10-22
ia,2020-10-31,115,19,2021-10-22
ia,2020-11-01,93,19,2021-10-22
ia,2020-11-02,166,19,2021-10-22
ia,2020-11-03,159,19,2021-10-22
ia,2020-11-04,171,19,2021-10-22
ia,2020-11-05,179,19,2021-10-22
ia,2020-11-06,192,19,2021-10-22
ia,2020-11-07,154,19,2021-10-22
ia,2020-11-08,171,19,2021-10-22
ia,2020-11-09,235,19,2021-10-22
ia,2020-11-10,218,19,2021-10-22
ia,2020-11-11,217,19,2021-10-22
ia,2020-11-12,223,19,2021-10-22
ia,2020-11-13,234,19,2021-10-22
ia,2020-11-14,258,19,2021-10-22
ia,2020-11-15,215,19,2021-10-22
ia,2020-11-16,239,19,2021-10-22
ia,2020-11-17,239,19,2021-10-22
ia,2020-11-18,220,19,2021-10-22
ia,2020-11-19,202,19,2021-10-22
ia,2020-11-20,190,19,2021-10-22
ia,2020-11-21,140,19,2021-10-22
ia,2020-11-22,170,19,2021-10-22
ia,2020-11-23,196,19,2021-10-22
ia,2020-11-24,196,19,2021-10-22
ia,2020-11-25,180,19,2021-10-22
ia,2020-11-26,136,19,2021-10-22
ia,2020-11-27,136,19,2021-10-22
ia,2020-11-28,144,19,2021-10-22
ia,2020-11-29,132,19,2021-10-22
ia,2020-11-30,185,19,2021-10-22
ia,2020-12-01,145,19,2021-10-22
ia,2020-12-02,121,19,2021-10-22
ia,2020-12-03,132,19,2021-10-22
ia,2020-12-04,147,19,2021-10-22
ia,2020-12-05,95,19,2021-10-22
ia,2020-12-06,112,19,2021-10-22
ia,2020-12-07,142,19,2021-10-22
ia,2020-12-08,122,19,2021-10-22
ia,2020-12-09,128,19,2021-10-22
ia,2020-12-10,126,19,2021-10-22
ia,2020-12-11,96,19,2021-10-22
ia,2020-12-12,71,19,2021-10-22
ia,2020-12-13,85,19,2021-10-22
ia,2020-12-14,106,19,2021-10-22
ia,2020-12-15,99,19,2021-10-22
ia,2020-12-16,95,19,2021-10-22
ia,2020-12-17,92,19,2021-10-22
ia,2020-12-18,93,19,2021-10-22
ia,2020-12-19,70,19,2021-10-22
ia,2020-12-20,71,19,2021-10-22
ia,2020-12-21,112,19,2021-10-22
ia,2020-12-22,101,19,2021-10-22
ia,2020-12-23,103,19,2021-10-22
ia,2020-12-24,70,19,2021-10-22
ia,2020-12-25,70,19,2021-10-22
ia,2020-12-26,75,19,2021-10-22
ia,2020-12-27,86,19,2021-10-22
ia,2020-12-28,98,19,2021-10-22
ia,2020-12-29,76,19,2021-10-22
ia,2020-12-30,81,19,2021-10-22
ia,2020-12-31,89,19,2021-10-22
ia,2021-01-01,68,19,2021-10-22
ia,2021-01-02,64,19,2021-10-22
ia,2021-01-03,74,19,2021-10-22
ia,2021-01-04,121,19,2021-10-22
ia,2021-01-05,97,19,2021-10-22
ia,2021-01-06,87,19,2021-10-22
ia,2021-01-07,77,19,2021-10-22
ia,2021-01-08,73,19,2021-10-22
ia,2021-01-09,73,19,2021-10-22
ia,2021-01-10,61,19,2021-10-22
ia,2021-01-11,82,19,2021-10-22
ia,2021-01-12,86,19,2021-10-22
ia,2021-01-13,88,19,2021-10-22
ia,2021-01-14,81,19,2021-10-22
ia,2021-01-15,61,19,2021-10-22
ia,2021-01-16,55,19,2021-10-22
ia,2021-01-17,55,19,2021-10-22
ia,2021-01-18,85,19,2021-10-22
ia,2021-01-19,76,19,2021-10-22
ia,2021-01-20,66,19,2021-10-22
ia,2021-01-21,65,19,2021-10-22
ia,2021-01-22,49,19,2021-10-22
ia,2021-01-23,38,19,2021-10-22
ia,2021-01-24,48,19,2021-10-22
ia,2021-01-25,75,19,2021-10-22
ia,2021-01-26,50,19,2021-10-22
ia,2021-01-27,58,19,2021-10-22
ia,2021-01-28,48,19,2021-10-22
ia,2021-01-29,54,19,2021-10-22
ia,2021-01-30,42,19,2021-10-22
ia,2021-01-31,48,19,2021-10-22
ia,2021-02-01,57,19,2021-10-22
ia,2021-02-02,53,19,2021-10-22
ia,2021-02-03,52,19,2021-10-22
ia,2021-02-04,47,19,2021-10-22
ia,2021-02-05,66,19,2021-10-22
ia,2021-02-06,33,19,2021-10-22
ia,2021-02-07,38,19,2021-10-22
ia,2021-02-08,48,19,2021-10-22
ia,2021-02-09,30,19,2021-10-22
ia,2021-02-10,41,19,2021-10-22
ia,2021-02-11,36,19,2021-10-22
ia,2021-02-12,52,19,2021-10-22
ia,2021-02-13,35,19,2021-10-22
ia,2021-02-14,39,19,2021-10-22
ia,2021-02-15,43,19,2021-10-22
ia,2021-02-16,50,19,2021-10-22
ia,2021-02-17,45,19,2021-10-22
ia,2021-02-18,34,19,2021-10-22
ia,2021-02-19,37,19,2021-10-22
ia,2021-02-20,22,19,2021-10-22
ia,2021-02-21,31,19,2021-10-22
ia,2021-02-22,52,19,2021-10-22
ia,2021-02-23,44,19,2021-10-22
ia,2021-02-24,26,19,2021-10-22
ia,2021-02-25,35,19,2021-10-22
ia,2021-02-26,39,19,2021-10-22
ia,2021-02-27,31,19,2021-10-22
ia,2021-02-28,34,19,2021-10-22
ia,2021-03-01,28,19,2021-10-22
ia,2021-03-02,30,19,2021-10-22
ia,2021-03-03,34,19,2021-10-22
ia,2021-03-04,33,19,2021-10-22
ia,2021-03-05,31,19,2021-10-22
ia,2021-03-06,29,19,2021-10-22
ia,2021-03-07,27,19,2021-10-22
ia,2021-03-08,31,19,2021-10-22
ia,2021-03-09,28,19,2021-10-22
ia,2021-03-10,41,19,2021-10-22
ia,2021-03-11,39,19,2021-10-22
ia,2021-03-12,30,19,2021-10-22
ia,2021-03-13,25,19,2021-10-22
ia,2021-03-14,33,19,2021-10-22
ia,2021-03-15,35,19,2021-10-22
ia,2021-03-16,26,19,2021-10-22
ia,2021-03-17,44,19,2021-10-22
ia,2021-03-18,27,19,2021-10-22
ia,2021-03-19,39,19,2021-10-22
ia,2021-03-20,23,19,2021-10-22
ia,2021-03-21,27,19,2021-10-22
ia,2021-03-22,34,19,2021-10-22
ia,2021-03-23,45,19,2021-10-22
ia,2021-03-24,38,19,2021-10-22
ia,2021-03-25,33,19,2021-10-22
ia,2021-03-26,35,19,2021-10-22
ia,2021-03-27,38,19,2021-10-22
ia,2021-03-28,28,19,2021-10-22
ia,2021-03-29,39,19,2021-10-22
ia,2021-03-30,35,19,2021-10-22
ia,2021-03-31,40,19,2021-10-22
ia,2021-04-01,32,19,2021-10-22
ia,2021-04-02,32,19,2021-10-22
ia,2021-04-03,30,19,2021-10-22
ia,2021-04-04,27,19,2021-10-22
ia,2021-04-05,53,19,2021-10-22
ia,2021-04-06,38,19,2021-10-22
ia,2021-04-07,54,19,2021-10-22
ia,2021-04-08,47,19,2021-10-22
ia,2021-04-09,38,19,2021-10-22
ia,2021-04-10,29,19,2021-10-22
ia,2021-04-11,31,19,2021-10-22
ia,2021-04-12,46,19,2021-10-22
ia,2021-04-13,37,19,2021-10-22
ia,2021-04-14,42,19,2021-10-22
ia,2021-04-15,57,19,2021-10-22
ia,2021-04-16,29,19,2021-10-22
ia,2021-04-17,26,19,2021-10-22
ia,2021-04-18,32,19,2021-10-22
ia,2021-04-19,38,19,2021-10-22
ia,2021-04-20,51,19,2021-10-22
ia,2021-04-21,37,19,2021-10-22
ia,2021-04-22,31,19,2021-10-22
ia,2021-04-23,27,19,2021-10-22
ia,2021-04-24,17,19,2021-10-22
ia,2021-04-25,18,19,2021-10-22
ia,2021-04-26,39,19,2021-10-22
ia,2021-04-27,37,19,2021-10-22
ia,2021-04-28,34,19,2021-10-22
ia,2021-04-29,31,19,2021-10-22
ia,2021-04-30,26,19,2021-10-22
ia,2021-05-01,30,19,2021-10-22
ia,2021-05-02,33,19,2021-10-22
ia,2021-05-03,36,19,2021-10-22
ia,2021-05-04,34,19,2021-10-22
ia,2021-05-05,43,19,2021-10-22
ia,2021-05-06,27,19,2021-10-22
ia,2021-05-07,21,19,2021-10-22
ia,2021-05-08,21,19,2021-10-22
ia,2021-05-09,20,19,2021-10-22
ia,2021-05-10,34,19,2021-10-22
ia,2021-05-11,32,19,2021-10-22
ia,2021-05-12,22,19,2021-10-22
ia,2021-05-13,23,19,2021-10-22
ia,2021-05-14,30,19,2021-10-22
ia,2021-05-15,14,19,2021-10-22
ia,2021-05-16,21,19,2021-10-22
ia,2021-05-17,35,19,2021-10-22
ia,2021-05-18,25,19,2021-10-22
ia,2021-05-19,17,19,2021-10-22
ia,2021-05-20,22,19,2021-10-22
ia,2021-05-21,20,19,2021-10-22
ia,2021-05-22,14,19,2021-10-22
ia,2021-05-23,18,19,2021-10-22
ia,2021-05-24,25,19,2021-10-22
ia,2021-05-25,23,19,2021-10-22
ia,2021-05-26,19,19,2021-10-22
ia,2021-05-27,22,19,2021-10-22
ia,2021-05-28,16,19,2021-10-22
ia,2021-05-29,12,19,2021-10-22
ia,2021-05-30,13,19,2021-10-22
ia,2021-05-31,9,19,2021-10-22
ia,2021-06-01,12,19,2021-10-22
ia,2021-06-02,20,19,2021-10-22
ia,2021-06-03,15,19,2021-10-22
ia,2021-06-04,10,19,2021-10-22
ia,2021-06-05,14,19,2021-10-22
ia,2021-06-06,11,19,2021-10-22
ia,2021-06-07,16,19,2021-10-22
ia,2021-06-08,13,19,2021-10-22
ia,2021-06-09,12,19,2021-10-22
ia,2021-06-10,19,19,2021-10-22
ia,2021-06-11,14,19,2021-10-22
ia,2021-06-12,15,19,2021-10-22
ia,2021-06-13,21,19,2021-10-22
ia,2021-06-14,12,19,2021-10-22
ia,2021-06-15,10,19,2021-10-22
ia,2021-06-16,14,19,2021-10-22
ia,2021-06-17,13,19,2021-10-22
ia,2021-06-18,14,19,2021-10-22
ia,2021-06-19,6,19,2021-10-22
ia,2021-06-20,10,19,2021-10-22
ia,2021-06-21,17,19,2021-10-22
ia,2021-06-22,7,19,2021-10-22
ia,2021-06-23,2,19,2021-10-22
ia,2021-06-24,18,19,2021-10-22
ia,2021-06-25,19,19,2021-10-22
ia,2021-06-26,15,19,2021-10-22
ia,2021-06-27,12,19,2021-10-22
ia,2021-06-28,16,19,2021-10-22
ia,2021-06-29,13,19,2021-10-22
ia,2021-06-30,8,19,2021-10-22
ia,2021-07-01,13,19,2021-10-22
ia,2021-07-02,10,19,2021-10-22
ia,2021-07-03,13,19,2021-10-22
ia,2021-07-04,8,19,2021-10-22
ia,2021-07-05,12,19,2021-10-22
ia,2021-07-06,16,19,2021-10-22
ia,2021-07-07,12,19,2021-10-22
ia,2021-07-08,15,19,2021-10-22
ia,2021-07-09,19,19,2021-10-22
ia,2021-07-10,8,19,2021-10-22
ia,2021-07-11,9,19,2021-10-22
ia,2021-07-12,15,19,2021-10-22
ia,2021-07-13,17,19,2021-10-22
ia,2021-07-14,14,19,2021-10-22
ia,2021-07-15,23,19,2021-10-22
ia,2021-07-16,14,19,2021-10-22
ia,2021-07-17,14,19,2021-10-22
ia,2021-07-18,18,19,2021-10-22
ia,2021-07-19,26,19,2021-10-22
ia,2021-07-20,23,19,2021-10-22
ia,2021-07-21,25,19,2021-10-22
ia,2021-07-22,24,19,2021-10-22
ia,2021-07-23,26,19,2021-10-22
ia,2021-07-24,20,19,2021-10-22
ia,2021-07-25,17,19,2021-10-22
ia,2021-07-26,33,19,2021-10-22
ia,2021-07-27,30,19,2021-10-22
ia,2021-07-28,27,19,2021-10-22
ia,2021-07-29,33,19,2021-10-22
ia,2021-07-30,31,19,2021-10-22
ia,2021-07-31,40,19,2021-10-22
ia,2021-08-01,33,19,2021-10-22
ia,2021-08-02,44,19,2021-10-22
ia,2021-08-03,46,19,2021-10-22
ia,2021-08-04,60,19,2021-10-22
ia,2021-08-05,46,19,2021-10-22
ia,2021-08-06,51,19,2021-10-22
ia,2021-08-07,45,19,2021-10-22
ia,2021-08-08,43,19,2021-10-22
ia,2021-08-09,66,19,2021-10-22
ia,2021-08-10,62,19,2021-10-22
ia,2021-08-11,53,19,2021-10-22
ia,2021-08-12,58,19,2021-10-22
ia,2021-08-13,66,19,2021-10-22
ia,2021-08-14,60,19,2021-10-22
ia,2021-08-15,62,19,2021-10-22
ia,2021-08-16,63,19,2021-10-22
ia,2021-08-17,61,19,2021-10-22
ia,2021-08-18,79,19,2021-10-22
ia,2021-08-19,98,19,2021-10-22
ia,2021-08-20,65,19,2021-10-22
ia,2021-08-21,68,19,2021-10-22
ia,2021-08-22,78,19,2021-10-22
ia,2021-08-23,78,19,2021-10-22
ia,2021-08-24,88,19,2021-10-22
ia,2021-08-25,95,19,2021-10-22
ia,2021-08-26,75,19,2021-10-22
ia,2021-08-27,90,19,2021-10-22
ia,2021-08-28,81,19,2021-10-22
ia,2021-08-29,79,19,2021-10-22
ia,2021-08-30,79,19,2021-10-22
ia,2021-08-31,77,19,2021-10-22
ia,2021-09-01,97,19,2021-10-22
ia,2021-09-02,74,19,2021-10-22
ia,2021-09-03,81,19,2021-10-22
ia,2021-09-04,63,19,2021-10-22
ia,2021-09-05,81,19,2021-10-22
ia,2021-09-06,85,19,2021-10-22
ia,2021-09-07,83,19,2021-10-22
ia,2021-09-08,77,19,2021-10-22
ia,2021-09-09,76,19,2021-10-22
ia,2021-09-10,72,19,2021-10-22
ia,2021-09-11,60,19,2021-10-22
ia,2021-09-12,69,19,2021-10-22
ia,2021-09-13,93,19,2021-10-22
ia,2021-09-14,83,19,2021-10-22
ia,2021-09-15,94,19,2021-10-22
ia,2021-09-16,74,19,2021-10-22
ia,2021-09-17,85,19,2021-10-22
ia,2021-09-18,73,19,2021-10-22
ia,2021-09-19,122,19,2021-10-22
ia,2021-09-20,97,19,2021-10-22
ia,2021-09-21,87,19,2021-10-22
ia,2021-09-22,107,19,2021-10-22
ia,2021-09-23,111,19,2021-10-22
ia,2021-09-24,98,19,2021-10-22
ia,2021-09-25,79,19,2021-10-22
ia,2021-09-26,83,19,2021-10-22
ia,2021-09-27,91,19,2021-10-22
ia,2021-09-28,91,19,2021-10-22
ia,2021-09-29,102,19,2021-10-22
ia,2021-09-30,106,19,2021-10-22
ia,2021-10-01,101,19,2021-10-22
ia,2021-10-02,79,19,2021-10-22
ia,2021-10-03,87,19,2021-10-22
ia,2021-10-04,89,19,2021-10-22
ia,2021-10-05,91,19,2021-10-22
ia,2021-10-06,87,19,2021-10-22
ia,2021-10-07,90,19,2021-10-22
ia,2021-10-08,88,19,2021-10-22
ia,2021-10-09,58,19,2021-10-22
ia,2021-10-10,77,19,2021-10-22
ia,2021-10-11,89,19,2021-10-22
ia,2021-10-12,82,19,2021-10-22
ia,2021-10-13,72,19,2021-10-22
ia,2021-10-14,91,19,2021-10-22
ia,2021-10-15,83,19,2021-10-22
ia,2021-10-16,53,19,2021-10-22
ia,2021-10-17,64,19,2021-10-22
ia,2021-10-18,59,19,2021-10-22
ia,2021-10-19,63,19,2021-10-22
ia,2021-10-20,80,19,2021-10-22
ia,2021-10-21,80,19,2021-10-22
ks,2020-01-31,NA,20,2021-10-22
ks,2020-02-01,NA,20,2021-10-22
ks,2020-02-02,NA,20,2021-10-22
ks,2020-02-03,NA,20,2021-10-22
ks,2020-02-04,NA,20,2021-10-22
ks,2020-02-05,NA,20,2021-10-22
ks,2020-02-06,NA,20,2021-10-22
ks,2020-02-07,NA,20,2021-10-22
ks,2020-02-08,NA,20,2021-10-22
ks,2020-02-09,NA,20,2021-10-22
ks,2020-02-10,NA,20,2021-10-22
ks,2020-02-11,NA,20,2021-10-22
ks,2020-02-12,NA,20,2021-10-22
ks,2020-02-13,NA,20,2021-10-22
ks,2020-02-14,NA,20,2021-10-22
ks,2020-02-15,NA,20,2021-10-22
ks,2020-02-16,NA,20,2021-10-22
ks,2020-02-17,NA,20,2021-10-22
ks,2020-02-18,NA,20,2021-10-22
ks,2020-02-19,NA,20,2021-10-22
ks,2020-02-20,NA,20,2021-10-22
ks,2020-02-21,NA,20,2021-10-22
ks,2020-02-22,NA,20,2021-10-22
ks,2020-02-23,NA,20,2021-10-22
ks,2020-02-24,NA,20,2021-10-22
ks,2020-02-25,NA,20,2021-10-22
ks,2020-02-26,NA,20,2021-10-22
ks,2020-02-27,NA,20,2021-10-22
ks,2020-02-28,NA,20,2021-10-22
ks,2020-02-29,NA,20,2021-10-22
ks,2020-03-01,NA,20,2021-10-22
ks,2020-03-02,NA,20,2021-10-22
ks,2020-03-03,NA,20,2021-10-22
ks,2020-03-04,NA,20,2021-10-22
ks,2020-03-05,NA,20,2021-10-22
ks,2020-03-06,NA,20,2021-10-22
ks,2020-03-07,NA,20,2021-10-22
ks,2020-03-08,NA,20,2021-10-22
ks,2020-03-09,NA,20,2021-10-22
ks,2020-03-10,NA,20,2021-10-22
ks,2020-03-11,NA,20,2021-10-22
ks,2020-03-12,NA,20,2021-10-22
ks,2020-03-13,NA,20,2021-10-22
ks,2020-03-14,NA,20,2021-10-22
ks,2020-03-15,NA,20,2021-10-22
ks,2020-03-16,NA,20,2021-10-22
ks,2020-03-17,NA,20,2021-10-22
ks,2020-03-18,NA,20,2021-10-22
ks,2020-03-19,NA,20,2021-10-22
ks,2020-03-20,NA,20,2021-10-22
ks,2020-03-21,NA,20,2021-10-22
ks,2020-03-22,NA,20,2021-10-22
ks,2020-03-23,NA,20,2021-10-22
ks,2020-03-24,NA,20,2021-10-22
ks,2020-03-25,NA,20,2021-10-22
ks,2020-03-26,NA,20,2021-10-22
ks,2020-03-27,NA,20,2021-10-22
ks,2020-03-28,NA,20,2021-10-22
ks,2020-03-29,NA,20,2021-10-22
ks,2020-03-30,NA,20,2021-10-22
ks,2020-03-31,NA,20,2021-10-22
ks,2020-04-01,NA,20,2021-10-22
ks,2020-04-02,NA,20,2021-10-22
ks,2020-04-03,NA,20,2021-10-22
ks,2020-04-04,NA,20,2021-10-22
ks,2020-04-05,NA,20,2021-10-22
ks,2020-04-06,NA,20,2021-10-22
ks,2020-04-07,NA,20,2021-10-22
ks,2020-04-08,NA,20,2021-10-22
ks,2020-04-09,NA,20,2021-10-22
ks,2020-04-10,NA,20,2021-10-22
ks,2020-04-11,NA,20,2021-10-22
ks,2020-04-12,NA,20,2021-10-22
ks,2020-04-13,NA,20,2021-10-22
ks,2020-04-14,NA,20,2021-10-22
ks,2020-04-15,NA,20,2021-10-22
ks,2020-04-16,NA,20,2021-10-22
ks,2020-04-17,NA,20,2021-10-22
ks,2020-04-18,NA,20,2021-10-22
ks,2020-04-19,NA,20,2021-10-22
ks,2020-04-20,NA,20,2021-10-22
ks,2020-04-21,NA,20,2021-10-22
ks,2020-04-22,NA,20,2021-10-22
ks,2020-04-23,NA,20,2021-10-22
ks,2020-04-24,NA,20,2021-10-22
ks,2020-04-25,NA,20,2021-10-22
ks,2020-04-26,NA,20,2021-10-22
ks,2020-04-27,NA,20,2021-10-22
ks,2020-04-28,NA,20,2021-10-22
ks,2020-04-29,NA,20,2021-10-22
ks,2020-04-30,NA,20,2021-10-22
ks,2020-05-01,NA,20,2021-10-22
ks,2020-05-02,NA,20,2021-10-22
ks,2020-05-03,NA,20,2021-10-22
ks,2020-05-04,NA,20,2021-10-22
ks,2020-05-05,NA,20,2021-10-22
ks,2020-05-06,NA,20,2021-10-22
ks,2020-05-07,NA,20,2021-10-22
ks,2020-05-08,NA,20,2021-10-22
ks,2020-05-09,NA,20,2021-10-22
ks,2020-05-10,NA,20,2021-10-22
ks,2020-05-11,NA,20,2021-10-22
ks,2020-05-12,NA,20,2021-10-22
ks,2020-05-13,NA,20,2021-10-22
ks,2020-05-14,NA,20,2021-10-22
ks,2020-05-15,NA,20,2021-10-22
ks,2020-05-16,NA,20,2021-10-22
ks,2020-05-17,NA,20,2021-10-22
ks,2020-05-18,NA,20,2021-10-22
ks,2020-05-19,NA,20,2021-10-22
ks,2020-05-20,NA,20,2021-10-22
ks,2020-05-21,NA,20,2021-10-22
ks,2020-05-22,NA,20,2021-10-22
ks,2020-05-23,NA,20,2021-10-22
ks,2020-05-24,NA,20,2021-10-22
ks,2020-05-25,NA,20,2021-10-22
ks,2020-05-26,NA,20,2021-10-22
ks,2020-05-27,NA,20,2021-10-22
ks,2020-05-28,NA,20,2021-10-22
ks,2020-05-29,NA,20,2021-10-22
ks,2020-05-30,NA,20,2021-10-22
ks,2020-05-31,NA,20,2021-10-22
ks,2020-06-01,NA,20,2021-10-22
ks,2020-06-02,NA,20,2021-10-22
ks,2020-06-03,NA,20,2021-10-22
ks,2020-06-04,NA,20,2021-10-22
ks,2020-06-05,NA,20,2021-10-22
ks,2020-06-06,NA,20,2021-10-22
ks,2020-06-07,NA,20,2021-10-22
ks,2020-06-08,NA,20,2021-10-22
ks,2020-06-09,NA,20,2021-10-22
ks,2020-06-10,NA,20,2021-10-22
ks,2020-06-11,NA,20,2021-10-22
ks,2020-06-12,NA,20,2021-10-22
ks,2020-06-13,NA,20,2021-10-22
ks,2020-06-14,NA,20,2021-10-22
ks,2020-06-15,NA,20,2021-10-22
ks,2020-06-16,NA,20,2021-10-22
ks,2020-06-17,NA,20,2021-10-22
ks,2020-06-18,NA,20,2021-10-22
ks,2020-06-19,NA,20,2021-10-22
ks,2020-06-20,NA,20,2021-10-22
ks,2020-06-21,NA,20,2021-10-22
ks,2020-06-22,NA,20,2021-10-22
ks,2020-06-23,NA,20,2021-10-22
ks,2020-06-24,NA,20,2021-10-22
ks,2020-06-25,NA,20,2021-10-22
ks,2020-06-26,NA,20,2021-10-22
ks,2020-06-27,NA,20,2021-10-22
ks,2020-06-28,NA,20,2021-10-22
ks,2020-06-29,NA,20,2021-10-22
ks,2020-06-30,NA,20,2021-10-22
ks,2020-07-01,NA,20,2021-10-22
ks,2020-07-02,NA,20,2021-10-22
ks,2020-07-03,NA,20,2021-10-22
ks,2020-07-04,NA,20,2021-10-22
ks,2020-07-05,NA,20,2021-10-22
ks,2020-07-06,NA,20,2021-10-22
ks,2020-07-07,NA,20,2021-10-22
ks,2020-07-08,NA,20,2021-10-22
ks,2020-07-09,NA,20,2021-10-22
ks,2020-07-10,NA,20,2021-10-22
ks,2020-07-11,NA,20,2021-10-22
ks,2020-07-12,NA,20,2021-10-22
ks,2020-07-13,NA,20,2021-10-22
ks,2020-07-14,33,20,2021-10-22
ks,2020-07-15,35,20,2021-10-22
ks,2020-07-16,51,20,2021-10-22
ks,2020-07-17,44,20,2021-10-22
ks,2020-07-18,47,20,2021-10-22
ks,2020-07-19,30,20,2021-10-22
ks,2020-07-20,30,20,2021-10-22
ks,2020-07-21,31,20,2021-10-22
ks,2020-07-22,24,20,2021-10-22
ks,2020-07-23,34,20,2021-10-22
ks,2020-07-24,33,20,2021-10-22
ks,2020-07-25,24,20,2021-10-22
ks,2020-07-26,27,20,2021-10-22
ks,2020-07-27,34,20,2021-10-22
ks,2020-07-28,30,20,2021-10-22
ks,2020-07-29,36,20,2021-10-22
ks,2020-07-30,30,20,2021-10-22
ks,2020-07-31,38,20,2021-10-22
ks,2020-08-01,23,20,2021-10-22
ks,2020-08-02,34,20,2021-10-22
ks,2020-08-03,26,20,2021-10-22
ks,2020-08-04,29,20,2021-10-22
ks,2020-08-05,28,20,2021-10-22
ks,2020-08-06,19,20,2021-10-22
ks,2020-08-07,27,20,2021-10-22
ks,2020-08-08,18,20,2021-10-22
ks,2020-08-09,27,20,2021-10-22
ks,2020-08-10,23,20,2021-10-22
ks,2020-08-11,28,20,2021-10-22
ks,2020-08-12,29,20,2021-10-22
ks,2020-08-13,32,20,2021-10-22
ks,2020-08-14,38,20,2021-10-22
ks,2020-08-15,36,20,2021-10-22
ks,2020-08-16,40,20,2021-10-22
ks,2020-08-17,33,20,2021-10-22
ks,2020-08-18,25,20,2021-10-22
ks,2020-08-19,26,20,2021-10-22
ks,2020-08-20,30,20,2021-10-22
ks,2020-08-21,32,20,2021-10-22
ks,2020-08-22,35,20,2021-10-22
ks,2020-08-23,36,20,2021-10-22
ks,2020-08-24,44,20,2021-10-22
ks,2020-08-25,35,20,2021-10-22
ks,2020-08-26,30,20,2021-10-22
ks,2020-08-27,27,20,2021-10-22
ks,2020-08-28,51,20,2021-10-22
ks,2020-08-29,29,20,2021-10-22
ks,2020-08-30,43,20,2021-10-22
ks,2020-08-31,39,20,2021-10-22
ks,2020-09-01,43,20,2021-10-22
ks,2020-09-02,34,20,2021-10-22
ks,2020-09-03,51,20,2021-10-22
ks,2020-09-04,48,20,2021-10-22
ks,2020-09-05,28,20,2021-10-22
ks,2020-09-06,40,20,2021-10-22
ks,2020-09-07,30,20,2021-10-22
ks,2020-09-08,43,20,2021-10-22
ks,2020-09-09,32,20,2021-10-22
ks,2020-09-10,51,20,2021-10-22
ks,2020-09-11,53,20,2021-10-22
ks,2020-09-12,41,20,2021-10-22
ks,2020-09-13,30,20,2021-10-22
ks,2020-09-14,43,20,2021-10-22
ks,2020-09-15,45,20,2021-10-22
ks,2020-09-16,48,20,2021-10-22
ks,2020-09-17,48,20,2021-10-22
ks,2020-09-18,29,20,2021-10-22
ks,2020-09-19,27,20,2021-10-22
ks,2020-09-20,43,20,2021-10-22
ks,2020-09-21,40,20,2021-10-22
ks,2020-09-22,48,20,2021-10-22
ks,2020-09-23,37,20,2021-10-22
ks,2020-09-24,39,20,2021-10-22
ks,2020-09-25,59,20,2021-10-22
ks,2020-09-26,46,20,2021-10-22
ks,2020-09-27,35,20,2021-10-22
ks,2020-09-28,44,20,2021-10-22
ks,2020-09-29,55,20,2021-10-22
ks,2020-09-30,54,20,2021-10-22
ks,2020-10-01,34,20,2021-10-22
ks,2020-10-02,56,20,2021-10-22
ks,2020-10-03,42,20,2021-10-22
ks,2020-10-04,55,20,2021-10-22
ks,2020-10-05,81,20,2021-10-22
ks,2020-10-06,83,20,2021-10-22
ks,2020-10-07,71,20,2021-10-22
ks,2020-10-08,75,20,2021-10-22
ks,2020-10-09,83,20,2021-10-22
ks,2020-10-10,59,20,2021-10-22
ks,2020-10-11,89,20,2021-10-22
ks,2020-10-12,67,20,2021-10-22
ks,2020-10-13,77,20,2021-10-22
ks,2020-10-14,93,20,2021-10-22
ks,2020-10-15,65,20,2021-10-22
ks,2020-10-16,89,20,2021-10-22
ks,2020-10-17,48,20,2021-10-22
ks,2020-10-18,54,20,2021-10-22
ks,2020-10-19,79,20,2021-10-22
ks,2020-10-20,94,20,2021-10-22
ks,2020-10-21,88,20,2021-10-22
ks,2020-10-22,89,20,2021-10-22
ks,2020-10-23,85,20,2021-10-22
ks,2020-10-24,84,20,2021-10-22
ks,2020-10-25,75,20,2021-10-22
ks,2020-10-26,91,20,2021-10-22
ks,2020-10-27,101,20,2021-10-22
ks,2020-10-28,94,20,2021-10-22
ks,2020-10-29,113,20,2021-10-22
ks,2020-10-30,99,20,2021-10-22
ks,2020-10-31,70,20,2021-10-22
ks,2020-11-01,103,20,2021-10-22
ks,2020-11-02,127,20,2021-10-22
ks,2020-11-03,143,20,2021-10-22
ks,2020-11-04,143,20,2021-10-22
ks,2020-11-05,140,20,2021-10-22
ks,2020-11-06,157,20,2021-10-22
ks,2020-11-07,141,20,2021-10-22
ks,2020-11-08,131,20,2021-10-22
ks,2020-11-09,169,20,2021-10-22
ks,2020-11-10,191,20,2021-10-22
ks,2020-11-11,182,20,2021-10-22
ks,2020-11-12,150,20,2021-10-22
ks,2020-11-13,151,20,2021-10-22
ks,2020-11-14,182,20,2021-10-22
ks,2020-11-15,149,20,2021-10-22
ks,2020-11-16,185,20,2021-10-22
ks,2020-11-17,183,20,2021-10-22
ks,2020-11-18,160,20,2021-10-22
ks,2020-11-19,190,20,2021-10-22
ks,2020-11-20,208,20,2021-10-22
ks,2020-11-21,163,20,2021-10-22
ks,2020-11-22,160,20,2021-10-22
ks,2020-11-23,185,20,2021-10-22
ks,2020-11-24,176,20,2021-10-22
ks,2020-11-25,192,20,2021-10-22
ks,2020-11-26,155,20,2021-10-22
ks,2020-11-27,168,20,2021-10-22
ks,2020-11-28,165,20,2021-10-22
ks,2020-11-29,150,20,2021-10-22
ks,2020-11-30,199,20,2021-10-22
ks,2020-12-01,176,20,2021-10-22
ks,2020-12-02,164,20,2021-10-22
ks,2020-12-03,152,20,2021-10-22
ks,2020-12-04,184,20,2021-10-22
ks,2020-12-05,146,20,2021-10-22
ks,2020-12-06,137,20,2021-10-22
ks,2020-12-07,176,20,2021-10-22
ks,2020-12-08,167,20,2021-10-22
ks,2020-12-09,181,20,2021-10-22
ks,2020-12-10,184,20,2021-10-22
ks,2020-12-11,189,20,2021-10-22
ks,2020-12-12,118,20,2021-10-22
ks,2020-12-13,135,20,2021-10-22
ks,2020-12-14,171,20,2021-10-22
ks,2020-12-15,184,20,2021-10-22
ks,2020-12-16,156,20,2021-10-22
ks,2020-12-17,167,20,2021-10-22
ks,2020-12-18,173,20,2021-10-22
ks,2020-12-19,139,20,2021-10-22
ks,2020-12-20,134,20,2021-10-22
ks,2020-12-21,190,20,2021-10-22
ks,2020-12-22,153,20,2021-10-22
ks,2020-12-23,138,20,2021-10-22
ks,2020-12-24,109,20,2021-10-22
ks,2020-12-25,113,20,2021-10-22
ks,2020-12-26,162,20,2021-10-22
ks,2020-12-27,109,20,2021-10-22
ks,2020-12-28,149,20,2021-10-22
ks,2020-12-29,159,20,2021-10-22
ks,2020-12-30,150,20,2021-10-22
ks,2020-12-31,136,20,2021-10-22
ks,2021-01-01,124,20,2021-10-22
ks,2021-01-02,116,20,2021-10-22
ks,2021-01-03,113,20,2021-10-22
ks,2021-01-04,143,20,2021-10-22
ks,2021-01-05,146,20,2021-10-22
ks,2021-01-06,163,20,2021-10-22
ks,2021-01-07,145,20,2021-10-22
ks,2021-01-08,143,20,2021-10-22
ks,2021-01-09,116,20,2021-10-22
ks,2021-01-10,132,20,2021-10-22
ks,2021-01-11,140,20,2021-10-22
ks,2021-01-12,147,20,2021-10-22
ks,2021-01-13,149,20,2021-10-22
ks,2021-01-14,148,20,2021-10-22
ks,2021-01-15,134,20,2021-10-22
ks,2021-01-16,117,20,2021-10-22
ks,2021-01-17,91,20,2021-10-22
ks,2021-01-18,119,20,2021-10-22
ks,2021-01-19,110,20,2021-10-22
ks,2021-01-20,114,20,2021-10-22
ks,2021-01-21,126,20,2021-10-22
ks,2021-01-22,115,20,2021-10-22
ks,2021-01-23,95,20,2021-10-22
ks,2021-01-24,78,20,2021-10-22
ks,2021-01-25,84,20,2021-10-22
ks,2021-01-26,101,20,2021-10-22
ks,2021-01-27,86,20,2021-10-22
ks,2021-01-28,75,20,2021-10-22
ks,2021-01-29,80,20,2021-10-22
ks,2021-01-30,62,20,2021-10-22
ks,2021-01-31,56,20,2021-10-22
ks,2021-02-01,78,20,2021-10-22
ks,2021-02-02,82,20,2021-10-22
ks,2021-02-03,88,20,2021-10-22
ks,2021-02-04,82,20,2021-10-22
ks,2021-02-05,57,20,2021-10-22
ks,2021-02-06,60,20,2021-10-22
ks,2021-02-07,31,20,2021-10-22
ks,2021-02-08,69,20,2021-10-22
ks,2021-02-09,55,20,2021-10-22
ks,2021-02-10,67,20,2021-10-22
ks,2021-02-11,59,20,2021-10-22
ks,2021-02-12,63,20,2021-10-22
ks,2021-02-13,35,20,2021-10-22
ks,2021-02-14,36,20,2021-10-22
ks,2021-02-15,48,20,2021-10-22
ks,2021-02-16,58,20,2021-10-22
ks,2021-02-17,60,20,2021-10-22
ks,2021-02-18,48,20,2021-10-22
ks,2021-02-19,53,20,2021-10-22
ks,2021-02-20,43,20,2021-10-22
ks,2021-02-21,42,20,2021-10-22
ks,2021-02-22,59,20,2021-10-22
ks,2021-02-23,44,20,2021-10-22
ks,2021-02-24,44,20,2021-10-22
ks,2021-02-25,43,20,2021-10-22
ks,2021-02-26,34,20,2021-10-22
ks,2021-02-27,33,20,2021-10-22
ks,2021-02-28,26,20,2021-10-22
ks,2021-03-01,31,20,2021-10-22
ks,2021-03-02,23,20,2021-10-22
ks,2021-03-03,27,20,2021-10-22
ks,2021-03-04,48,20,2021-10-22
ks,2021-03-05,26,20,2021-10-22
ks,2021-03-06,26,20,2021-10-22
ks,2021-03-07,27,20,2021-10-22
ks,2021-03-08,20,20,2021-10-22
ks,2021-03-09,26,20,2021-10-22
ks,2021-03-10,30,20,2021-10-22
ks,2021-03-11,31,20,2021-10-22
ks,2021-03-12,28,20,2021-10-22
ks,2021-03-13,12,20,2021-10-22
ks,2021-03-14,18,20,2021-10-22
ks,2021-03-15,33,20,2021-10-22
ks,2021-03-16,35,20,2021-10-22
ks,2021-03-17,21,20,2021-10-22
ks,2021-03-18,18,20,2021-10-22
ks,2021-03-19,29,20,2021-10-22
ks,2021-03-20,17,20,2021-10-22
ks,2021-03-21,19,20,2021-10-22
ks,2021-03-22,25,20,2021-10-22
ks,2021-03-23,35,20,2021-10-22
ks,2021-03-24,26,20,2021-10-22
ks,2021-03-25,17,20,2021-10-22
ks,2021-03-26,19,20,2021-10-22
ks,2021-03-27,23,20,2021-10-22
ks,2021-03-28,16,20,2021-10-22
ks,2021-03-29,23,20,2021-10-22
ks,2021-03-30,25,20,2021-10-22
ks,2021-03-31,18,20,2021-10-22
ks,2021-04-01,19,20,2021-10-22
ks,2021-04-02,29,20,2021-10-22
ks,2021-04-03,24,20,2021-10-22
ks,2021-04-04,15,20,2021-10-22
ks,2021-04-05,29,20,2021-10-22
ks,2021-04-06,26,20,2021-10-22
ks,2021-04-07,24,20,2021-10-22
ks,2021-04-08,18,20,2021-10-22
ks,2021-04-09,16,20,2021-10-22
ks,2021-04-10,18,20,2021-10-22
ks,2021-04-11,26,20,2021-10-22
ks,2021-04-12,16,20,2021-10-22
ks,2021-04-13,21,20,2021-10-22
ks,2021-04-14,28,20,2021-10-22
ks,2021-04-15,34,20,2021-10-22
ks,2021-04-16,22,20,2021-10-22
ks,2021-04-17,23,20,2021-10-22
ks,2021-04-18,19,20,2021-10-22
ks,2021-04-19,27,20,2021-10-22
ks,2021-04-20,26,20,2021-10-22
ks,2021-04-21,22,20,2021-10-22
ks,2021-04-22,29,20,2021-10-22
ks,2021-04-23,26,20,2021-10-22
ks,2021-04-24,22,20,2021-10-22
ks,2021-04-25,18,20,2021-10-22
ks,2021-04-26,28,20,2021-10-22
ks,2021-04-27,35,20,2021-10-22
ks,2021-04-28,38,20,2021-10-22
ks,2021-04-29,38,20,2021-10-22
ks,2021-04-30,29,20,2021-10-22
ks,2021-05-01,18,20,2021-10-22
ks,2021-05-02,29,20,2021-10-22
ks,2021-05-03,20,20,2021-10-22
ks,2021-05-04,20,20,2021-10-22
ks,2021-05-05,22,20,2021-10-22
ks,2021-05-06,34,20,2021-10-22
ks,2021-05-07,37,20,2021-10-22
ks,2021-05-08,29,20,2021-10-22
ks,2021-05-09,17,20,2021-10-22
ks,2021-05-10,19,20,2021-10-22
ks,2021-05-11,18,20,2021-10-22
ks,2021-05-12,19,20,2021-10-22
ks,2021-05-13,21,20,2021-10-22
ks,2021-05-14,12,20,2021-10-22
ks,2021-05-15,30,20,2021-10-22
ks,2021-05-16,13,20,2021-10-22
ks,2021-05-17,19,20,2021-10-22
ks,2021-05-18,20,20,2021-10-22
ks,2021-05-19,21,20,2021-10-22
ks,2021-05-20,29,20,2021-10-22
ks,2021-05-21,28,20,2021-10-22
ks,2021-05-22,29,20,2021-10-22
ks,2021-05-23,19,20,2021-10-22
ks,2021-05-24,22,20,2021-10-22
ks,2021-05-25,24,20,2021-10-22
ks,2021-05-26,30,20,2021-10-22
ks,2021-05-27,13,20,2021-10-22
ks,2021-05-28,15,20,2021-10-22
ks,2021-05-29,17,20,2021-10-22
ks,2021-05-30,13,20,2021-10-22
ks,2021-05-31,8,20,2021-10-22
ks,2021-06-01,19,20,2021-10-22
ks,2021-06-02,24,20,2021-10-22
ks,2021-06-03,13,20,2021-10-22
ks,2021-06-04,14,20,2021-10-22
ks,2021-06-05,12,20,2021-10-22
ks,2021-06-06,8,20,2021-10-22
ks,2021-06-07,14,20,2021-10-22
ks,2021-06-08,17,20,2021-10-22
ks,2021-06-09,18,20,2021-10-22
ks,2021-06-10,16,20,2021-10-22
ks,2021-06-11,22,20,2021-10-22
ks,2021-06-12,17,20,2021-10-22
ks,2021-06-13,14,20,2021-10-22
ks,2021-06-14,16,20,2021-10-22
ks,2021-06-15,18,20,2021-10-22
ks,2021-06-16,20,20,2021-10-22
ks,2021-06-17,24,20,2021-10-22
ks,2021-06-18,30,20,2021-10-22
ks,2021-06-19,13,20,2021-10-22
ks,2021-06-20,17,20,2021-10-22
ks,2021-06-21,22,20,2021-10-22
ks,2021-06-22,18,20,2021-10-22
ks,2021-06-23,10,20,2021-10-22
ks,2021-06-24,22,20,2021-10-22
ks,2021-06-25,18,20,2021-10-22
ks,2021-06-26,16,20,2021-10-22
ks,2021-06-27,11,20,2021-10-22
ks,2021-06-28,23,20,2021-10-22
ks,2021-06-29,14,20,2021-10-22
ks,2021-06-30,14,20,2021-10-22
ks,2021-07-01,16,20,2021-10-22
ks,2021-07-02,19,20,2021-10-22
ks,2021-07-03,19,20,2021-10-22
ks,2021-07-04,20,20,2021-10-22
ks,2021-07-05,15,20,2021-10-22
ks,2021-07-06,27,20,2021-10-22
ks,2021-07-07,27,20,2021-10-22
ks,2021-07-08,27,20,2021-10-22
ks,2021-07-09,30,20,2021-10-22
ks,2021-07-10,27,20,2021-10-22
ks,2021-07-11,35,20,2021-10-22
ks,2021-07-12,47,20,2021-10-22
ks,2021-07-13,31,20,2021-10-22
ks,2021-07-14,57,20,2021-10-22
ks,2021-07-15,42,20,2021-10-22
ks,2021-07-16,60,20,2021-10-22
ks,2021-07-17,42,20,2021-10-22
ks,2021-07-18,48,20,2021-10-22
ks,2021-07-19,47,20,2021-10-22
ks,2021-07-20,48,20,2021-10-22
ks,2021-07-21,48,20,2021-10-22
ks,2021-07-22,57,20,2021-10-22
ks,2021-07-23,73,20,2021-10-22
ks,2021-07-24,50,20,2021-10-22
ks,2021-07-25,56,20,2021-10-22
ks,2021-07-26,68,20,2021-10-22
ks,2021-07-27,71,20,2021-10-22
ks,2021-07-28,82,20,2021-10-22
ks,2021-07-29,73,20,2021-10-22
ks,2021-07-30,68,20,2021-10-22
ks,2021-07-31,57,20,2021-10-22
ks,2021-08-01,85,20,2021-10-22
ks,2021-08-02,77,20,2021-10-22
ks,2021-08-03,73,20,2021-10-22
ks,2021-08-04,76,20,2021-10-22
ks,2021-08-05,91,20,2021-10-22
ks,2021-08-06,114,20,2021-10-22
ks,2021-08-07,77,20,2021-10-22
ks,2021-08-08,93,20,2021-10-22
ks,2021-08-09,102,20,2021-10-22
ks,2021-08-10,93,20,2021-10-22
ks,2021-08-11,113,20,2021-10-22
ks,2021-08-12,93,20,2021-10-22
ks,2021-08-13,94,20,2021-10-22
ks,2021-08-14,80,20,2021-10-22
ks,2021-08-15,91,20,2021-10-22
ks,2021-08-16,104,20,2021-10-22
ks,2021-08-17,129,20,2021-10-22
ks,2021-08-18,91,20,2021-10-22
ks,2021-08-19,114,20,2021-10-22
ks,2021-08-20,109,20,2021-10-22
ks,2021-08-21,84,20,2021-10-22
ks,2021-08-22,78,20,2021-10-22
ks,2021-08-23,110,20,2021-10-22
ks,2021-08-24,117,20,2021-10-22
ks,2021-08-25,114,20,2021-10-22
ks,2021-08-26,96,20,2021-10-22
ks,2021-08-27,98,20,2021-10-22
ks,2021-08-28,83,20,2021-10-22
ks,2021-08-29,104,20,2021-10-22
ks,2021-08-30,103,20,2021-10-22
ks,2021-08-31,101,20,2021-10-22
ks,2021-09-01,105,20,2021-10-22
ks,2021-09-02,111,20,2021-10-22
ks,2021-09-03,87,20,2021-10-22
ks,2021-09-04,96,20,2021-10-22
ks,2021-09-05,85,20,2021-10-22
ks,2021-09-06,112,20,2021-10-22
ks,2021-09-07,116,20,2021-10-22
ks,2021-09-08,101,20,2021-10-22
ks,2021-09-09,114,20,2021-10-22
ks,2021-09-10,106,20,2021-10-22
ks,2021-09-11,95,20,2021-10-22
ks,2021-09-12,95,20,2021-10-22
ks,2021-09-13,103,20,2021-10-22
ks,2021-09-14,95,20,2021-10-22
ks,2021-09-15,89,20,2021-10-22
ks,2021-09-16,83,20,2021-10-22
ks,2021-09-17,93,20,2021-10-22
ks,2021-09-18,73,20,2021-10-22
ks,2021-09-19,77,20,2021-10-22
ks,2021-09-20,96,20,2021-10-22
ks,2021-09-21,101,20,2021-10-22
ks,2021-09-22,77,20,2021-10-22
ks,2021-09-23,84,20,2021-10-22
ks,2021-09-24,96,20,2021-10-22
ks,2021-09-25,61,20,2021-10-22
ks,2021-09-26,77,20,2021-10-22
ks,2021-09-27,76,20,2021-10-22
ks,2021-09-28,78,20,2021-10-22
ks,2021-09-29,86,20,2021-10-22
ks,2021-09-30,86,20,2021-10-22
ks,2021-10-01,67,20,2021-10-22
ks,2021-10-02,52,20,2021-10-22
ks,2021-10-03,67,20,2021-10-22
ks,2021-10-04,71,20,2021-10-22
ks,2021-10-05,70,20,2021-10-22
ks,2021-10-06,57,20,2021-10-22
ks,2021-10-07,70,20,2021-10-22
ks,2021-10-08,65,20,2021-10-22
ks,2021-10-09,58,20,2021-10-22
ks,2021-10-10,58,20,2021-10-22
ks,2021-10-11,80,20,2021-10-22
ks,2021-10-12,70,20,2021-10-22
ks,2021-10-13,55,20,2021-10-22
ks,2021-10-14,81,20,2021-10-22
ks,2021-10-15,56,20,2021-10-22
ks,2021-10-16,74,20,2021-10-22
ks,2021-10-17,55,20,2021-10-22
ks,2021-10-18,67,20,2021-10-22
ks,2021-10-19,57,20,2021-10-22
ks,2021-10-20,70,20,2021-10-22
ks,2021-10-21,69,20,2021-10-22
ky,2020-02-29,NA,21,2021-10-22
ky,2020-03-01,NA,21,2021-10-22
ky,2020-03-02,NA,21,2021-10-22
ky,2020-03-03,NA,21,2021-10-22
ky,2020-03-04,NA,21,2021-10-22
ky,2020-03-05,NA,21,2021-10-22
ky,2020-03-06,NA,21,2021-10-22
ky,2020-03-07,NA,21,2021-10-22
ky,2020-03-08,NA,21,2021-10-22
ky,2020-03-09,NA,21,2021-10-22
ky,2020-03-10,NA,21,2021-10-22
ky,2020-03-11,NA,21,2021-10-22
ky,2020-03-12,NA,21,2021-10-22
ky,2020-03-13,NA,21,2021-10-22
ky,2020-03-14,NA,21,2021-10-22
ky,2020-03-15,NA,21,2021-10-22
ky,2020-03-16,NA,21,2021-10-22
ky,2020-03-17,NA,21,2021-10-22
ky,2020-03-18,NA,21,2021-10-22
ky,2020-03-19,NA,21,2021-10-22
ky,2020-03-20,NA,21,2021-10-22
ky,2020-03-21,NA,21,2021-10-22
ky,2020-03-22,NA,21,2021-10-22
ky,2020-03-23,NA,21,2021-10-22
ky,2020-03-24,NA,21,2021-10-22
ky,2020-03-25,NA,21,2021-10-22
ky,2020-03-26,NA,21,2021-10-22
ky,2020-03-27,NA,21,2021-10-22
ky,2020-03-28,NA,21,2021-10-22
ky,2020-03-29,NA,21,2021-10-22
ky,2020-03-30,NA,21,2021-10-22
ky,2020-03-31,NA,21,2021-10-22
ky,2020-04-01,NA,21,2021-10-22
ky,2020-04-02,NA,21,2021-10-22
ky,2020-04-03,NA,21,2021-10-22
ky,2020-04-04,NA,21,2021-10-22
ky,2020-04-05,NA,21,2021-10-22
ky,2020-04-06,NA,21,2021-10-22
ky,2020-04-07,NA,21,2021-10-22
ky,2020-04-08,NA,21,2021-10-22
ky,2020-04-09,NA,21,2021-10-22
ky,2020-04-10,NA,21,2021-10-22
ky,2020-04-11,NA,21,2021-10-22
ky,2020-04-12,NA,21,2021-10-22
ky,2020-04-13,NA,21,2021-10-22
ky,2020-04-14,NA,21,2021-10-22
ky,2020-04-15,NA,21,2021-10-22
ky,2020-04-16,NA,21,2021-10-22
ky,2020-04-17,NA,21,2021-10-22
ky,2020-04-18,NA,21,2021-10-22
ky,2020-04-19,NA,21,2021-10-22
ky,2020-04-20,NA,21,2021-10-22
ky,2020-04-21,NA,21,2021-10-22
ky,2020-04-22,NA,21,2021-10-22
ky,2020-04-23,NA,21,2021-10-22
ky,2020-04-24,NA,21,2021-10-22
ky,2020-04-25,NA,21,2021-10-22
ky,2020-04-26,NA,21,2021-10-22
ky,2020-04-27,NA,21,2021-10-22
ky,2020-04-28,NA,21,2021-10-22
ky,2020-04-29,NA,21,2021-10-22
ky,2020-04-30,NA,21,2021-10-22
ky,2020-05-01,NA,21,2021-10-22
ky,2020-05-02,NA,21,2021-10-22
ky,2020-05-03,NA,21,2021-10-22
ky,2020-05-04,NA,21,2021-10-22
ky,2020-05-05,NA,21,2021-10-22
ky,2020-05-06,NA,21,2021-10-22
ky,2020-05-07,NA,21,2021-10-22
ky,2020-05-08,NA,21,2021-10-22
ky,2020-05-09,NA,21,2021-10-22
ky,2020-05-10,NA,21,2021-10-22
ky,2020-05-11,NA,21,2021-10-22
ky,2020-05-12,NA,21,2021-10-22
ky,2020-05-13,NA,21,2021-10-22
ky,2020-05-14,NA,21,2021-10-22
ky,2020-05-15,NA,21,2021-10-22
ky,2020-05-16,NA,21,2021-10-22
ky,2020-05-17,NA,21,2021-10-22
ky,2020-05-18,NA,21,2021-10-22
ky,2020-05-19,NA,21,2021-10-22
ky,2020-05-20,NA,21,2021-10-22
ky,2020-05-21,NA,21,2021-10-22
ky,2020-05-22,NA,21,2021-10-22
ky,2020-05-23,NA,21,2021-10-22
ky,2020-05-24,NA,21,2021-10-22
ky,2020-05-25,NA,21,2021-10-22
ky,2020-05-26,NA,21,2021-10-22
ky,2020-05-27,NA,21,2021-10-22
ky,2020-05-28,NA,21,2021-10-22
ky,2020-05-29,NA,21,2021-10-22
ky,2020-05-30,NA,21,2021-10-22
ky,2020-05-31,NA,21,2021-10-22
ky,2020-06-01,NA,21,2021-10-22
ky,2020-06-02,NA,21,2021-10-22
ky,2020-06-03,NA,21,2021-10-22
ky,2020-06-04,NA,21,2021-10-22
ky,2020-06-05,NA,21,2021-10-22
ky,2020-06-06,NA,21,2021-10-22
ky,2020-06-07,NA,21,2021-10-22
ky,2020-06-08,NA,21,2021-10-22
ky,2020-06-09,NA,21,2021-10-22
ky,2020-06-10,NA,21,2021-10-22
ky,2020-06-11,NA,21,2021-10-22
ky,2020-06-12,NA,21,2021-10-22
ky,2020-06-13,NA,21,2021-10-22
ky,2020-06-14,NA,21,2021-10-22
ky,2020-06-15,NA,21,2021-10-22
ky,2020-06-16,NA,21,2021-10-22
ky,2020-06-17,NA,21,2021-10-22
ky,2020-06-18,NA,21,2021-10-22
ky,2020-06-19,NA,21,2021-10-22
ky,2020-06-20,NA,21,2021-10-22
ky,2020-06-21,NA,21,2021-10-22
ky,2020-06-22,NA,21,2021-10-22
ky,2020-06-23,NA,21,2021-10-22
ky,2020-06-24,NA,21,2021-10-22
ky,2020-06-25,NA,21,2021-10-22
ky,2020-06-26,NA,21,2021-10-22
ky,2020-06-27,NA,21,2021-10-22
ky,2020-06-28,NA,21,2021-10-22
ky,2020-06-29,NA,21,2021-10-22
ky,2020-06-30,NA,21,2021-10-22
ky,2020-07-01,NA,21,2021-10-22
ky,2020-07-02,NA,21,2021-10-22
ky,2020-07-03,NA,21,2021-10-22
ky,2020-07-04,NA,21,2021-10-22
ky,2020-07-05,NA,21,2021-10-22
ky,2020-07-06,NA,21,2021-10-22
ky,2020-07-07,NA,21,2021-10-22
ky,2020-07-08,NA,21,2021-10-22
ky,2020-07-09,NA,21,2021-10-22
ky,2020-07-10,NA,21,2021-10-22
ky,2020-07-11,NA,21,2021-10-22
ky,2020-07-12,NA,21,2021-10-22
ky,2020-07-13,NA,21,2021-10-22
ky,2020-07-14,33,21,2021-10-22
ky,2020-07-15,46,21,2021-10-22
ky,2020-07-16,38,21,2021-10-22
ky,2020-07-17,40,21,2021-10-22
ky,2020-07-18,38,21,2021-10-22
ky,2020-07-19,40,21,2021-10-22
ky,2020-07-20,64,21,2021-10-22
ky,2020-07-21,43,21,2021-10-22
ky,2020-07-22,50,21,2021-10-22
ky,2020-07-23,37,21,2021-10-22
ky,2020-07-24,33,21,2021-10-22
ky,2020-07-25,119,21,2021-10-22
ky,2020-07-26,113,21,2021-10-22
ky,2020-07-27,500,21,2021-10-22
ky,2020-07-28,131,21,2021-10-22
ky,2020-07-29,162,21,2021-10-22
ky,2020-07-30,143,21,2021-10-22
ky,2020-07-31,156,21,2021-10-22
ky,2020-08-01,136,21,2021-10-22
ky,2020-08-02,135,21,2021-10-22
ky,2020-08-03,242,21,2021-10-22
ky,2020-08-04,169,21,2021-10-22
ky,2020-08-05,206,21,2021-10-22
ky,2020-08-06,195,21,2021-10-22
ky,2020-08-07,134,21,2021-10-22
ky,2020-08-08,173,21,2021-10-22
ky,2020-08-09,222,21,2021-10-22
ky,2020-08-10,276,21,2021-10-22
ky,2020-08-11,239,21,2021-10-22
ky,2020-08-12,299,21,2021-10-22
ky,2020-08-13,262,21,2021-10-22
ky,2020-08-14,185,21,2021-10-22
ky,2020-08-15,158,21,2021-10-22
ky,2020-08-16,135,21,2021-10-22
ky,2020-08-17,379,21,2021-10-22
ky,2020-08-18,129,21,2021-10-22
ky,2020-08-19,296,21,2021-10-22
ky,2020-08-20,144,21,2021-10-22
ky,2020-08-21,111,21,2021-10-22
ky,2020-08-22,114,21,2021-10-22
ky,2020-08-23,151,21,2021-10-22
ky,2020-08-24,287,21,2021-10-22
ky,2020-08-25,381,21,2021-10-22
ky,2020-08-26,305,21,2021-10-22
ky,2020-08-27,325,21,2021-10-22
ky,2020-08-28,269,21,2021-10-22
ky,2020-08-29,110,21,2021-10-22
ky,2020-08-30,134,21,2021-10-22
ky,2020-08-31,347,21,2021-10-22
ky,2020-09-01,349,21,2021-10-22
ky,2020-09-02,170,21,2021-10-22
ky,2020-09-03,394,21,2021-10-22
ky,2020-09-04,146,21,2021-10-22
ky,2020-09-05,156,21,2021-10-22
ky,2020-09-06,141,21,2021-10-22
ky,2020-09-07,399,21,2021-10-22
ky,2020-09-08,466,21,2021-10-22
ky,2020-09-09,439,21,2021-10-22
ky,2020-09-10,468,21,2021-10-22
ky,2020-09-11,147,21,2021-10-22
ky,2020-09-12,164,21,2021-10-22
ky,2020-09-13,145,21,2021-10-22
ky,2020-09-14,446,21,2021-10-22
ky,2020-09-15,150,21,2021-10-22
ky,2020-09-16,123,21,2021-10-22
ky,2020-09-17,118,21,2021-10-22
ky,2020-09-18,128,21,2021-10-22
ky,2020-09-19,106,21,2021-10-22
ky,2020-09-20,250,21,2021-10-22
ky,2020-09-21,137,21,2021-10-22
ky,2020-09-22,285,21,2021-10-22
ky,2020-09-23,133,21,2021-10-22
ky,2020-09-24,125,21,2021-10-22
ky,2020-09-25,119,21,2021-10-22
ky,2020-09-26,108,21,2021-10-22
ky,2020-09-27,120,21,2021-10-22
ky,2020-09-28,167,21,2021-10-22
ky,2020-09-29,152,21,2021-10-22
ky,2020-09-30,147,21,2021-10-22
ky,2020-10-01,149,21,2021-10-22
ky,2020-10-02,143,21,2021-10-22
ky,2020-10-03,110,21,2021-10-22
ky,2020-10-04,601,21,2021-10-22
ky,2020-10-05,621,21,2021-10-22
ky,2020-10-06,191,21,2021-10-22
ky,2020-10-07,171,21,2021-10-22
ky,2020-10-08,147,21,2021-10-22
ky,2020-10-09,128,21,2021-10-22
ky,2020-10-10,136,21,2021-10-22
ky,2020-10-11,150,21,2021-10-22
ky,2020-10-12,163,21,2021-10-22
ky,2020-10-13,153,21,2021-10-22
ky,2020-10-14,202,21,2021-10-22
ky,2020-10-15,154,21,2021-10-22
ky,2020-10-16,144,21,2021-10-22
ky,2020-10-17,153,21,2021-10-22
ky,2020-10-18,168,21,2021-10-22
ky,2020-10-19,200,21,2021-10-22
ky,2020-10-20,165,21,2021-10-22
ky,2020-10-21,214,21,2021-10-22
ky,2020-10-22,221,21,2021-10-22
ky,2020-10-23,268,21,2021-10-22
ky,2020-10-24,186,21,2021-10-22
ky,2020-10-25,196,21,2021-10-22
ky,2020-10-26,225,21,2021-10-22
ky,2020-10-27,243,21,2021-10-22
ky,2020-10-28,281,21,2021-10-22
ky,2020-10-29,278,21,2021-10-22
ky,2020-10-30,256,21,2021-10-22
ky,2020-10-31,241,21,2021-10-22
ky,2020-11-01,274,21,2021-10-22
ky,2020-11-02,356,21,2021-10-22
ky,2020-11-03,268,21,2021-10-22
ky,2020-11-04,315,21,2021-10-22
ky,2020-11-05,284,21,2021-10-22
ky,2020-11-06,280,21,2021-10-22
ky,2020-11-07,276,21,2021-10-22
ky,2020-11-08,254,21,2021-10-22
ky,2020-11-09,300,21,2021-10-22
ky,2020-11-10,334,21,2021-10-22
ky,2020-11-11,364,21,2021-10-22
ky,2020-11-12,368,21,2021-10-22
ky,2020-11-13,374,21,2021-10-22
ky,2020-11-14,354,21,2021-10-22
ky,2020-11-15,357,21,2021-10-22
ky,2020-11-16,365,21,2021-10-22
ky,2020-11-17,374,21,2021-10-22
ky,2020-11-18,339,21,2021-10-22
ky,2020-11-19,394,21,2021-10-22
ky,2020-11-20,359,21,2021-10-22
ky,2020-11-21,328,21,2021-10-22
ky,2020-11-22,373,21,2021-10-22
ky,2020-11-23,404,21,2021-10-22
ky,2020-11-24,463,21,2021-10-22
ky,2020-11-25,396,21,2021-10-22
ky,2020-11-26,387,21,2021-10-22
ky,2020-11-27,316,21,2021-10-22
ky,2020-11-28,418,21,2021-10-22
ky,2020-11-29,390,21,2021-10-22
ky,2020-11-30,381,21,2021-10-22
ky,2020-12-01,431,21,2021-10-22
ky,2020-12-02,468,21,2021-10-22
ky,2020-12-03,431,21,2021-10-22
ky,2020-12-04,449,21,2021-10-22
ky,2020-12-05,393,21,2021-10-22
ky,2020-12-06,373,21,2021-10-22
ky,2020-12-07,402,21,2021-10-22
ky,2020-12-08,437,21,2021-10-22
ky,2020-12-09,463,21,2021-10-22
ky,2020-12-10,473,21,2021-10-22
ky,2020-12-11,389,21,2021-10-22
ky,2020-12-12,419,21,2021-10-22
ky,2020-12-13,522,21,2021-10-22
ky,2020-12-14,480,21,2021-10-22
ky,2020-12-15,391,21,2021-10-22
ky,2020-12-16,401,21,2021-10-22
ky,2020-12-17,386,21,2021-10-22
ky,2020-12-18,384,21,2021-10-22
ky,2020-12-19,389,21,2021-10-22
ky,2020-12-20,404,21,2021-10-22
ky,2020-12-21,392,21,2021-10-22
ky,2020-12-22,415,21,2021-10-22
ky,2020-12-23,434,21,2021-10-22
ky,2020-12-24,408,21,2021-10-22
ky,2020-12-25,394,21,2021-10-22
ky,2020-12-26,437,21,2021-10-22
ky,2020-12-27,455,21,2021-10-22
ky,2020-12-28,444,21,2021-10-22
ky,2020-12-29,431,21,2021-10-22
ky,2020-12-30,472,21,2021-10-22
ky,2020-12-31,461,21,2021-10-22
ky,2021-01-01,400,21,2021-10-22
ky,2021-01-02,417,21,2021-10-22
ky,2021-01-03,421,21,2021-10-22
ky,2021-01-04,445,21,2021-10-22
ky,2021-01-05,424,21,2021-10-22
ky,2021-01-06,428,21,2021-10-22
ky,2021-01-07,470,21,2021-10-22
ky,2021-01-08,466,21,2021-10-22
ky,2021-01-09,374,21,2021-10-22
ky,2021-01-10,444,21,2021-10-22
ky,2021-01-11,458,21,2021-10-22
ky,2021-01-12,456,21,2021-10-22
ky,2021-01-13,483,21,2021-10-22
ky,2021-01-14,484,21,2021-10-22
ky,2021-01-15,465,21,2021-10-22
ky,2021-01-16,418,21,2021-10-22
ky,2021-01-17,377,21,2021-10-22
ky,2021-01-18,404,21,2021-10-22
ky,2021-01-19,405,21,2021-10-22
ky,2021-01-20,381,21,2021-10-22
ky,2021-01-21,417,21,2021-10-22
ky,2021-01-22,388,21,2021-10-22
ky,2021-01-23,362,21,2021-10-22
ky,2021-01-24,390,21,2021-10-22
ky,2021-01-25,413,21,2021-10-22
ky,2021-01-26,397,21,2021-10-22
ky,2021-01-27,354,21,2021-10-22
ky,2021-01-28,339,21,2021-10-22
ky,2021-01-29,336,21,2021-10-22
ky,2021-01-30,288,21,2021-10-22
ky,2021-01-31,293,21,2021-10-22
ky,2021-02-01,304,21,2021-10-22
ky,2021-02-02,310,21,2021-10-22
ky,2021-02-03,359,21,2021-10-22
ky,2021-02-04,352,21,2021-10-22
ky,2021-02-05,324,21,2021-10-22
ky,2021-02-06,273,21,2021-10-22
ky,2021-02-07,284,21,2021-10-22
ky,2021-02-08,293,21,2021-10-22
ky,2021-02-09,280,21,2021-10-22
ky,2021-02-10,269,21,2021-10-22
ky,2021-02-11,263,21,2021-10-22
ky,2021-02-12,222,21,2021-10-22
ky,2021-02-13,207,21,2021-10-22
ky,2021-02-14,205,21,2021-10-22
ky,2021-02-15,220,21,2021-10-22
ky,2021-02-16,239,21,2021-10-22
ky,2021-02-17,243,21,2021-10-22
ky,2021-02-18,240,21,2021-10-22
ky,2021-02-19,238,21,2021-10-22
ky,2021-02-20,235,21,2021-10-22
ky,2021-02-21,230,21,2021-10-22
ky,2021-02-22,229,21,2021-10-22
ky,2021-02-23,213,21,2021-10-22
ky,2021-02-24,221,21,2021-10-22
ky,2021-02-25,181,21,2021-10-22
ky,2021-02-26,155,21,2021-10-22
ky,2021-02-27,151,21,2021-10-22
ky,2021-02-28,156,21,2021-10-22
ky,2021-03-01,181,21,2021-10-22
ky,2021-03-02,181,21,2021-10-22
ky,2021-03-03,207,21,2021-10-22
ky,2021-03-04,182,21,2021-10-22
ky,2021-03-05,165,21,2021-10-22
ky,2021-03-06,159,21,2021-10-22
ky,2021-03-07,151,21,2021-10-22
ky,2021-03-08,150,21,2021-10-22
ky,2021-03-09,161,21,2021-10-22
ky,2021-03-10,156,21,2021-10-22
ky,2021-03-11,155,21,2021-10-22
ky,2021-03-12,133,21,2021-10-22
ky,2021-03-13,114,21,2021-10-22
ky,2021-03-14,130,21,2021-10-22
ky,2021-03-15,119,21,2021-10-22
ky,2021-03-16,138,21,2021-10-22
ky,2021-03-17,124,21,2021-10-22
ky,2021-03-18,125,21,2021-10-22
ky,2021-03-19,124,21,2021-10-22
ky,2021-03-20,100,21,2021-10-22
ky,2021-03-21,96,21,2021-10-22
ky,2021-03-22,110,21,2021-10-22
ky,2021-03-23,101,21,2021-10-22
ky,2021-03-24,136,21,2021-10-22
ky,2021-03-25,114,21,2021-10-22
ky,2021-03-26,86,21,2021-10-22
ky,2021-03-27,93,21,2021-10-22
ky,2021-03-28,96,21,2021-10-22
ky,2021-03-29,130,21,2021-10-22
ky,2021-03-30,115,21,2021-10-22
ky,2021-03-31,99,21,2021-10-22
ky,2021-04-01,103,21,2021-10-22
ky,2021-04-02,133,21,2021-10-22
ky,2021-04-03,138,21,2021-10-22
ky,2021-04-04,112,21,2021-10-22
ky,2021-04-05,119,21,2021-10-22
ky,2021-04-06,143,21,2021-10-22
ky,2021-04-07,148,21,2021-10-22
ky,2021-04-08,112,21,2021-10-22
ky,2021-04-09,108,21,2021-10-22
ky,2021-04-10,111,21,2021-10-22
ky,2021-04-11,110,21,2021-10-22
ky,2021-04-12,128,21,2021-10-22
ky,2021-04-13,125,21,2021-10-22
ky,2021-04-14,133,21,2021-10-22
ky,2021-04-15,132,21,2021-10-22
ky,2021-04-16,135,21,2021-10-22
ky,2021-04-17,122,21,2021-10-22
ky,2021-04-18,114,21,2021-10-22
ky,2021-04-19,146,21,2021-10-22
ky,2021-04-20,132,21,2021-10-22
ky,2021-04-21,109,21,2021-10-22
ky,2021-04-22,98,21,2021-10-22
ky,2021-04-23,108,21,2021-10-22
ky,2021-04-24,112,21,2021-10-22
ky,2021-04-25,112,21,2021-10-22
ky,2021-04-26,127,21,2021-10-22
ky,2021-04-27,119,21,2021-10-22
ky,2021-04-28,126,21,2021-10-22
ky,2021-04-29,132,21,2021-10-22
ky,2021-04-30,115,21,2021-10-22
ky,2021-05-01,109,21,2021-10-22
ky,2021-05-02,125,21,2021-10-22
ky,2021-05-03,119,21,2021-10-22
ky,2021-05-04,119,21,2021-10-22
ky,2021-05-05,126,21,2021-10-22
ky,2021-05-06,123,21,2021-10-22
ky,2021-05-07,119,21,2021-10-22
ky,2021-05-08,106,21,2021-10-22
ky,2021-05-09,103,21,2021-10-22
ky,2021-05-10,119,21,2021-10-22
ky,2021-05-11,120,21,2021-10-22
ky,2021-05-12,125,21,2021-10-22
ky,2021-05-13,116,21,2021-10-22
ky,2021-05-14,133,21,2021-10-22
ky,2021-05-15,111,21,2021-10-22
ky,2021-05-16,113,21,2021-10-22
ky,2021-05-17,110,21,2021-10-22
ky,2021-05-18,97,21,2021-10-22
ky,2021-05-19,107,21,2021-10-22
ky,2021-05-20,97,21,2021-10-22
ky,2021-05-21,99,21,2021-10-22
ky,2021-05-22,100,21,2021-10-22
ky,2021-05-23,114,21,2021-10-22
ky,2021-05-24,101,21,2021-10-22
ky,2021-05-25,91,21,2021-10-22
ky,2021-05-26,99,21,2021-10-22
ky,2021-05-27,102,21,2021-10-22
ky,2021-05-28,102,21,2021-10-22
ky,2021-05-29,100,21,2021-10-22
ky,2021-05-30,96,21,2021-10-22
ky,2021-05-31,80,21,2021-10-22
ky,2021-06-01,104,21,2021-10-22
ky,2021-06-02,109,21,2021-10-22
ky,2021-06-03,96,21,2021-10-22
ky,2021-06-04,94,21,2021-10-22
ky,2021-06-05,104,21,2021-10-22
ky,2021-06-06,101,21,2021-10-22
ky,2021-06-07,114,21,2021-10-22
ky,2021-06-08,104,21,2021-10-22
ky,2021-06-09,124,21,2021-10-22
ky,2021-06-10,93,21,2021-10-22
ky,2021-06-11,90,21,2021-10-22
ky,2021-06-12,93,21,2021-10-22
ky,2021-06-13,100,21,2021-10-22
ky,2021-06-14,82,21,2021-10-22
ky,2021-06-15,91,21,2021-10-22
ky,2021-06-16,85,21,2021-10-22
ky,2021-06-17,179,21,2021-10-22
ky,2021-06-18,79,21,2021-10-22
ky,2021-06-19,72,21,2021-10-22
ky,2021-06-20,82,21,2021-10-22
ky,2021-06-21,87,21,2021-10-22
ky,2021-06-22,78,21,2021-10-22
ky,2021-06-23,83,21,2021-10-22
ky,2021-06-24,72,21,2021-10-22
ky,2021-06-25,80,21,2021-10-22
ky,2021-06-26,74,21,2021-10-22
ky,2021-06-27,85,21,2021-10-22
ky,2021-06-28,80,21,2021-10-22
ky,2021-06-29,78,21,2021-10-22
ky,2021-06-30,73,21,2021-10-22
ky,2021-07-01,60,21,2021-10-22
ky,2021-07-02,80,21,2021-10-22
ky,2021-07-03,69,21,2021-10-22
ky,2021-07-04,69,21,2021-10-22
ky,2021-07-05,70,21,2021-10-22
ky,2021-07-06,78,21,2021-10-22
ky,2021-07-07,77,21,2021-10-22
ky,2021-07-08,73,21,2021-10-22
ky,2021-07-09,85,21,2021-10-22
ky,2021-07-10,78,21,2021-10-22
ky,2021-07-11,86,21,2021-10-22
ky,2021-07-12,94,21,2021-10-22
ky,2021-07-13,89,21,2021-10-22
ky,2021-07-14,98,21,2021-10-22
ky,2021-07-15,112,21,2021-10-22
ky,2021-07-16,102,21,2021-10-22
ky,2021-07-17,91,21,2021-10-22
ky,2021-07-18,66,21,2021-10-22
ky,2021-07-19,110,21,2021-10-22
ky,2021-07-20,89,21,2021-10-22
ky,2021-07-21,88,21,2021-10-22
ky,2021-07-22,119,21,2021-10-22
ky,2021-07-23,135,21,2021-10-22
ky,2021-07-24,122,21,2021-10-22
ky,2021-07-25,135,21,2021-10-22
ky,2021-07-26,153,21,2021-10-22
ky,2021-07-27,175,21,2021-10-22
ky,2021-07-28,156,21,2021-10-22
ky,2021-07-29,183,21,2021-10-22
ky,2021-07-30,215,21,2021-10-22
ky,2021-07-31,186,21,2021-10-22
ky,2021-08-01,203,21,2021-10-22
ky,2021-08-02,234,21,2021-10-22
ky,2021-08-03,270,21,2021-10-22
ky,2021-08-04,292,21,2021-10-22
ky,2021-08-05,262,21,2021-10-22
ky,2021-08-06,275,21,2021-10-22
ky,2021-08-07,252,21,2021-10-22
ky,2021-08-08,307,21,2021-10-22
ky,2021-08-09,360,21,2021-10-22
ky,2021-08-10,355,21,2021-10-22
ky,2021-08-11,360,21,2021-10-22
ky,2021-08-12,360,21,2021-10-22
ky,2021-08-13,337,21,2021-10-22
ky,2021-08-14,332,21,2021-10-22
ky,2021-08-15,420,21,2021-10-22
ky,2021-08-16,435,21,2021-10-22
ky,2021-08-17,453,21,2021-10-22
ky,2021-08-18,448,21,2021-10-22
ky,2021-08-19,450,21,2021-10-22
ky,2021-08-20,443,21,2021-10-22
ky,2021-08-21,436,21,2021-10-22
ky,2021-08-22,447,21,2021-10-22
ky,2021-08-23,524,21,2021-10-22
ky,2021-08-24,538,21,2021-10-22
ky,2021-08-25,511,21,2021-10-22
ky,2021-08-26,507,21,2021-10-22
ky,2021-08-27,462,21,2021-10-22
ky,2021-08-28,504,21,2021-10-22
ky,2021-08-29,521,21,2021-10-22
ky,2021-08-30,557,21,2021-10-22
ky,2021-08-31,619,21,2021-10-22
ky,2021-09-01,601,21,2021-10-22
ky,2021-09-02,545,21,2021-10-22
ky,2021-09-03,583,21,2021-10-22
ky,2021-09-04,550,21,2021-10-22
ky,2021-09-05,583,21,2021-10-22
ky,2021-09-06,592,21,2021-10-22
ky,2021-09-07,655,21,2021-10-22
ky,2021-09-08,612,21,2021-10-22
ky,2021-09-09,587,21,2021-10-22
ky,2021-09-10,638,21,2021-10-22
ky,2021-09-11,565,21,2021-10-22
ky,2021-09-12,585,21,2021-10-22
ky,2021-09-13,608,21,2021-10-22
ky,2021-09-14,467,21,2021-10-22
ky,2021-09-15,446,21,2021-10-22
ky,2021-09-16,460,21,2021-10-22
ky,2021-09-17,326,21,2021-10-22
ky,2021-09-18,324,21,2021-10-22
ky,2021-09-19,308,21,2021-10-22
ky,2021-09-20,335,21,2021-10-22
ky,2021-09-21,351,21,2021-10-22
ky,2021-09-22,297,21,2021-10-22
ky,2021-09-23,240,21,2021-10-22
ky,2021-09-24,159,21,2021-10-22
ky,2021-09-25,143,21,2021-10-22
ky,2021-09-26,238,21,2021-10-22
ky,2021-09-27,307,21,2021-10-22
ky,2021-09-28,262,21,2021-10-22
ky,2021-09-29,227,21,2021-10-22
ky,2021-09-30,214,21,2021-10-22
ky,2021-10-01,194,21,2021-10-22
ky,2021-10-02,176,21,2021-10-22
ky,2021-10-03,211,21,2021-10-22
ky,2021-10-04,205,21,2021-10-22
ky,2021-10-05,223,21,2021-10-22
ky,2021-10-06,196,21,2021-10-22
ky,2021-10-07,177,21,2021-10-22
ky,2021-10-08,114,21,2021-10-22
ky,2021-10-09,122,21,2021-10-22
ky,2021-10-10,90,21,2021-10-22
ky,2021-10-11,135,21,2021-10-22
ky,2021-10-12,194,21,2021-10-22
ky,2021-10-13,164,21,2021-10-22
ky,2021-10-14,165,21,2021-10-22
ky,2021-10-15,174,21,2021-10-22
ky,2021-10-16,121,21,2021-10-22
ky,2021-10-17,152,21,2021-10-22
ky,2021-10-18,153,21,2021-10-22
ky,2021-10-19,154,21,2021-10-22
ky,2021-10-20,140,21,2021-10-22
ky,2021-10-21,140,21,2021-10-22
la,2019-12-31,NA,22,2021-10-22
la,2020-01-01,NA,22,2021-10-22
la,2020-01-02,NA,22,2021-10-22
la,2020-01-03,NA,22,2021-10-22
la,2020-01-04,NA,22,2021-10-22
la,2020-02-29,NA,22,2021-10-22
la,2020-03-01,NA,22,2021-10-22
la,2020-03-02,NA,22,2021-10-22
la,2020-03-03,NA,22,2021-10-22
la,2020-03-04,NA,22,2021-10-22
la,2020-03-05,NA,22,2021-10-22
la,2020-03-06,NA,22,2021-10-22
la,2020-03-07,NA,22,2021-10-22
la,2020-03-08,NA,22,2021-10-22
la,2020-03-09,NA,22,2021-10-22
la,2020-03-10,NA,22,2021-10-22
la,2020-03-11,NA,22,2021-10-22
la,2020-03-12,NA,22,2021-10-22
la,2020-03-13,NA,22,2021-10-22
la,2020-03-14,NA,22,2021-10-22
la,2020-03-15,NA,22,2021-10-22
la,2020-03-16,NA,22,2021-10-22
la,2020-03-17,NA,22,2021-10-22
la,2020-03-18,NA,22,2021-10-22
la,2020-03-19,NA,22,2021-10-22
la,2020-03-20,NA,22,2021-10-22
la,2020-03-21,NA,22,2021-10-22
la,2020-03-22,NA,22,2021-10-22
la,2020-03-23,NA,22,2021-10-22
la,2020-03-24,NA,22,2021-10-22
la,2020-03-25,NA,22,2021-10-22
la,2020-03-26,NA,22,2021-10-22
la,2020-03-27,NA,22,2021-10-22
la,2020-03-28,NA,22,2021-10-22
la,2020-03-29,NA,22,2021-10-22
la,2020-03-30,NA,22,2021-10-22
la,2020-03-31,NA,22,2021-10-22
la,2020-04-01,NA,22,2021-10-22
la,2020-04-02,NA,22,2021-10-22
la,2020-04-03,NA,22,2021-10-22
la,2020-04-04,NA,22,2021-10-22
la,2020-04-05,NA,22,2021-10-22
la,2020-04-06,NA,22,2021-10-22
la,2020-04-07,NA,22,2021-10-22
la,2020-04-08,NA,22,2021-10-22
la,2020-04-09,NA,22,2021-10-22
la,2020-04-10,NA,22,2021-10-22
la,2020-04-11,NA,22,2021-10-22
la,2020-04-12,NA,22,2021-10-22
la,2020-04-13,NA,22,2021-10-22
la,2020-04-14,NA,22,2021-10-22
la,2020-04-15,NA,22,2021-10-22
la,2020-04-16,NA,22,2021-10-22
la,2020-04-17,NA,22,2021-10-22
la,2020-04-18,NA,22,2021-10-22
la,2020-04-19,NA,22,2021-10-22
la,2020-04-20,NA,22,2021-10-22
la,2020-04-21,NA,22,2021-10-22
la,2020-04-22,NA,22,2021-10-22
la,2020-04-23,NA,22,2021-10-22
la,2020-04-24,NA,22,2021-10-22
la,2020-04-25,NA,22,2021-10-22
la,2020-04-26,NA,22,2021-10-22
la,2020-04-27,NA,22,2021-10-22
la,2020-04-28,NA,22,2021-10-22
la,2020-04-29,NA,22,2021-10-22
la,2020-04-30,NA,22,2021-10-22
la,2020-05-01,NA,22,2021-10-22
la,2020-05-02,NA,22,2021-10-22
la,2020-05-03,NA,22,2021-10-22
la,2020-05-04,NA,22,2021-10-22
la,2020-05-05,NA,22,2021-10-22
la,2020-05-06,NA,22,2021-10-22
la,2020-05-07,NA,22,2021-10-22
la,2020-05-08,NA,22,2021-10-22
la,2020-05-09,NA,22,2021-10-22
la,2020-05-10,NA,22,2021-10-22
la,2020-05-11,NA,22,2021-10-22
la,2020-05-12,NA,22,2021-10-22
la,2020-05-13,NA,22,2021-10-22
la,2020-05-14,NA,22,2021-10-22
la,2020-05-15,NA,22,2021-10-22
la,2020-05-16,NA,22,2021-10-22
la,2020-05-17,NA,22,2021-10-22
la,2020-05-18,NA,22,2021-10-22
la,2020-05-19,NA,22,2021-10-22
la,2020-05-20,NA,22,2021-10-22
la,2020-05-21,NA,22,2021-10-22
la,2020-05-22,NA,22,2021-10-22
la,2020-05-23,NA,22,2021-10-22
la,2020-05-24,NA,22,2021-10-22
la,2020-05-25,NA,22,2021-10-22
la,2020-05-26,NA,22,2021-10-22
la,2020-05-27,NA,22,2021-10-22
la,2020-05-28,NA,22,2021-10-22
la,2020-05-29,NA,22,2021-10-22
la,2020-05-30,NA,22,2021-10-22
la,2020-05-31,NA,22,2021-10-22
la,2020-06-01,NA,22,2021-10-22
la,2020-06-02,NA,22,2021-10-22
la,2020-06-03,NA,22,2021-10-22
la,2020-06-04,NA,22,2021-10-22
la,2020-06-05,NA,22,2021-10-22
la,2020-06-06,NA,22,2021-10-22
la,2020-06-07,NA,22,2021-10-22
la,2020-06-08,NA,22,2021-10-22
la,2020-06-09,NA,22,2021-10-22
la,2020-06-10,NA,22,2021-10-22
la,2020-06-11,NA,22,2021-10-22
la,2020-06-12,NA,22,2021-10-22
la,2020-06-13,NA,22,2021-10-22
la,2020-06-14,NA,22,2021-10-22
la,2020-06-15,NA,22,2021-10-22
la,2020-06-16,NA,22,2021-10-22
la,2020-06-17,NA,22,2021-10-22
la,2020-06-18,NA,22,2021-10-22
la,2020-06-19,NA,22,2021-10-22
la,2020-06-20,NA,22,2021-10-22
la,2020-06-21,NA,22,2021-10-22
la,2020-06-22,NA,22,2021-10-22
la,2020-06-23,NA,22,2021-10-22
la,2020-06-24,NA,22,2021-10-22
la,2020-06-25,NA,22,2021-10-22
la,2020-06-26,NA,22,2021-10-22
la,2020-06-27,NA,22,2021-10-22
la,2020-06-28,NA,22,2021-10-22
la,2020-06-29,NA,22,2021-10-22
la,2020-06-30,NA,22,2021-10-22
la,2020-07-01,NA,22,2021-10-22
la,2020-07-02,NA,22,2021-10-22
la,2020-07-03,NA,22,2021-10-22
la,2020-07-04,NA,22,2021-10-22
la,2020-07-05,NA,22,2021-10-22
la,2020-07-06,NA,22,2021-10-22
la,2020-07-07,NA,22,2021-10-22
la,2020-07-08,NA,22,2021-10-22
la,2020-07-09,NA,22,2021-10-22
la,2020-07-10,NA,22,2021-10-22
la,2020-07-11,NA,22,2021-10-22
la,2020-07-12,NA,22,2021-10-22
la,2020-07-13,NA,22,2021-10-22
la,2020-07-14,162,22,2021-10-22
la,2020-07-15,161,22,2021-10-22
la,2020-07-16,163,22,2021-10-22
la,2020-07-17,184,22,2021-10-22
la,2020-07-18,149,22,2021-10-22
la,2020-07-19,162,22,2021-10-22
la,2020-07-20,193,22,2021-10-22
la,2020-07-21,219,22,2021-10-22
la,2020-07-22,221,22,2021-10-22
la,2020-07-23,221,22,2021-10-22
la,2020-07-24,209,22,2021-10-22
la,2020-07-25,216,22,2021-10-22
la,2020-07-26,253,22,2021-10-22
la,2020-07-27,280,22,2021-10-22
la,2020-07-28,257,22,2021-10-22
la,2020-07-29,245,22,2021-10-22
la,2020-07-30,250,22,2021-10-22
la,2020-07-31,182,22,2021-10-22
la,2020-08-01,178,22,2021-10-22
la,2020-08-02,145,22,2021-10-22
la,2020-08-03,199,22,2021-10-22
la,2020-08-04,166,22,2021-10-22
la,2020-08-05,181,22,2021-10-22
la,2020-08-06,165,22,2021-10-22
la,2020-08-07,169,22,2021-10-22
la,2020-08-08,157,22,2021-10-22
la,2020-08-09,148,22,2021-10-22
la,2020-08-10,171,22,2021-10-22
la,2020-08-11,158,22,2021-10-22
la,2020-08-12,144,22,2021-10-22
la,2020-08-13,136,22,2021-10-22
la,2020-08-14,136,22,2021-10-22
la,2020-08-15,115,22,2021-10-22
la,2020-08-16,156,22,2021-10-22
la,2020-08-17,158,22,2021-10-22
la,2020-08-18,134,22,2021-10-22
la,2020-08-19,121,22,2021-10-22
la,2020-08-20,116,22,2021-10-22
la,2020-08-21,120,22,2021-10-22
la,2020-08-22,79,22,2021-10-22
la,2020-08-23,96,22,2021-10-22
la,2020-08-24,128,22,2021-10-22
la,2020-08-25,139,22,2021-10-22
la,2020-08-26,82,22,2021-10-22
la,2020-08-27,83,22,2021-10-22
la,2020-08-28,107,22,2021-10-22
la,2020-08-29,86,22,2021-10-22
la,2020-08-30,82,22,2021-10-22
la,2020-08-31,83,22,2021-10-22
la,2020-09-01,76,22,2021-10-22
la,2020-09-02,90,22,2021-10-22
la,2020-09-03,83,22,2021-10-22
la,2020-09-04,97,22,2021-10-22
la,2020-09-05,79,22,2021-10-22
la,2020-09-06,105,22,2021-10-22
la,2020-09-07,104,22,2021-10-22
la,2020-09-08,101,22,2021-10-22
la,2020-09-09,107,22,2021-10-22
la,2020-09-10,91,22,2021-10-22
la,2020-09-11,80,22,2021-10-22
la,2020-09-12,83,22,2021-10-22
la,2020-09-13,91,22,2021-10-22
la,2020-09-14,92,22,2021-10-22
la,2020-09-15,80,22,2021-10-22
la,2020-09-16,94,22,2021-10-22
la,2020-09-17,80,22,2021-10-22
la,2020-09-18,76,22,2021-10-22
la,2020-09-19,67,22,2021-10-22
la,2020-09-20,69,22,2021-10-22
la,2020-09-21,92,22,2021-10-22
la,2020-09-22,80,22,2021-10-22
la,2020-09-23,81,22,2021-10-22
la,2020-09-24,66,22,2021-10-22
la,2020-09-25,75,22,2021-10-22
la,2020-09-26,65,22,2021-10-22
la,2020-09-27,69,22,2021-10-22
la,2020-09-28,64,22,2021-10-22
la,2020-09-29,68,22,2021-10-22
la,2020-09-30,74,22,2021-10-22
la,2020-10-01,78,22,2021-10-22
la,2020-10-02,61,22,2021-10-22
la,2020-10-03,56,22,2021-10-22
la,2020-10-04,119,22,2021-10-22
la,2020-10-05,122,22,2021-10-22
la,2020-10-06,79,22,2021-10-22
la,2020-10-07,87,22,2021-10-22
la,2020-10-08,79,22,2021-10-22
la,2020-10-09,74,22,2021-10-22
la,2020-10-10,76,22,2021-10-22
la,2020-10-11,132,22,2021-10-22
la,2020-10-12,148,22,2021-10-22
la,2020-10-13,139,22,2021-10-22
la,2020-10-14,84,22,2021-10-22
la,2020-10-15,83,22,2021-10-22
la,2020-10-16,101,22,2021-10-22
la,2020-10-17,74,22,2021-10-22
la,2020-10-18,85,22,2021-10-22
la,2020-10-19,109,22,2021-10-22
la,2020-10-20,93,22,2021-10-22
la,2020-10-21,96,22,2021-10-22
la,2020-10-22,64,22,2021-10-22
la,2020-10-23,214,22,2021-10-22
la,2020-10-24,75,22,2021-10-22
la,2020-10-25,68,22,2021-10-22
la,2020-10-26,85,22,2021-10-22
la,2020-10-27,90,22,2021-10-22
la,2020-10-28,81,22,2021-10-22
la,2020-10-29,77,22,2021-10-22
la,2020-10-30,74,22,2021-10-22
la,2020-10-31,77,22,2021-10-22
la,2020-11-01,73,22,2021-10-22
la,2020-11-02,108,22,2021-10-22
la,2020-11-03,108,22,2021-10-22
la,2020-11-04,106,22,2021-10-22
la,2020-11-05,102,22,2021-10-22
la,2020-11-06,85,22,2021-10-22
la,2020-11-07,87,22,2021-10-22
la,2020-11-08,96,22,2021-10-22
la,2020-11-09,121,22,2021-10-22
la,2020-11-10,118,22,2021-10-22
la,2020-11-11,106,22,2021-10-22
la,2020-11-12,117,22,2021-10-22
la,2020-11-13,121,22,2021-10-22
la,2020-11-14,105,22,2021-10-22
la,2020-11-15,145,22,2021-10-22
la,2020-11-16,132,22,2021-10-22
la,2020-11-17,177,22,2021-10-22
la,2020-11-18,166,22,2021-10-22
la,2020-11-19,151,22,2021-10-22
la,2020-11-20,144,22,2021-10-22
la,2020-11-21,144,22,2021-10-22
la,2020-11-22,135,22,2021-10-22
la,2020-11-23,185,22,2021-10-22
la,2020-11-24,179,22,2021-10-22
la,2020-11-25,177,22,2021-10-22
la,2020-11-26,171,22,2021-10-22
la,2020-11-27,176,22,2021-10-22
la,2020-11-28,181,22,2021-10-22
la,2020-11-29,179,22,2021-10-22
la,2020-11-30,184,22,2021-10-22
la,2020-12-01,185,22,2021-10-22
la,2020-12-02,223,22,2021-10-22
la,2020-12-03,206,22,2021-10-22
la,2020-12-04,225,22,2021-10-22
la,2020-12-05,187,22,2021-10-22
la,2020-12-06,192,22,2021-10-22
la,2020-12-07,231,22,2021-10-22
la,2020-12-08,207,22,2021-10-22
la,2020-12-09,224,22,2021-10-22
la,2020-12-10,219,22,2021-10-22
la,2020-12-11,184,22,2021-10-22
la,2020-12-12,180,22,2021-10-22
la,2020-12-13,184,22,2021-10-22
la,2020-12-14,208,22,2021-10-22
la,2020-12-15,220,22,2021-10-22
la,2020-12-16,177,22,2021-10-22
la,2020-12-17,195,22,2021-10-22
la,2020-12-18,227,22,2021-10-22
la,2020-12-19,194,22,2021-10-22
la,2020-12-20,188,22,2021-10-22
la,2020-12-21,240,22,2021-10-22
la,2020-12-22,206,22,2021-10-22
la,2020-12-23,218,22,2021-10-22
la,2020-12-24,199,22,2021-10-22
la,2020-12-25,144,22,2021-10-22
la,2020-12-26,234,22,2021-10-22
la,2020-12-27,225,22,2021-10-22
la,2020-12-28,248,22,2021-10-22
la,2020-12-29,259,22,2021-10-22
la,2020-12-30,269,22,2021-10-22
la,2020-12-31,271,22,2021-10-22
la,2021-01-01,228,22,2021-10-22
la,2021-01-02,258,22,2021-10-22
la,2021-01-03,245,22,2021-10-22
la,2021-01-04,352,22,2021-10-22
la,2021-01-05,341,22,2021-10-22
la,2021-01-06,305,22,2021-10-22
la,2021-01-07,276,22,2021-10-22
la,2021-01-08,243,22,2021-10-22
la,2021-01-09,234,22,2021-10-22
la,2021-01-10,214,22,2021-10-22
la,2021-01-11,267,22,2021-10-22
la,2021-01-12,260,22,2021-10-22
la,2021-01-13,274,22,2021-10-22
la,2021-01-14,271,22,2021-10-22
la,2021-01-15,208,22,2021-10-22
la,2021-01-16,188,22,2021-10-22
la,2021-01-17,170,22,2021-10-22
la,2021-01-18,230,22,2021-10-22
la,2021-01-19,210,22,2021-10-22
la,2021-01-20,221,22,2021-10-22
la,2021-01-21,216,22,2021-10-22
la,2021-01-22,205,22,2021-10-22
la,2021-01-23,174,22,2021-10-22
la,2021-01-24,170,22,2021-10-22
la,2021-01-25,177,22,2021-10-22
la,2021-01-26,203,22,2021-10-22
la,2021-01-27,188,22,2021-10-22
la,2021-01-28,166,22,2021-10-22
la,2021-01-29,153,22,2021-10-22
la,2021-01-30,134,22,2021-10-22
la,2021-01-31,157,22,2021-10-22
la,2021-02-01,169,22,2021-10-22
la,2021-02-02,136,22,2021-10-22
la,2021-02-03,151,22,2021-10-22
la,2021-02-04,147,22,2021-10-22
la,2021-02-05,127,22,2021-10-22
la,2021-02-06,123,22,2021-10-22
la,2021-02-07,104,22,2021-10-22
la,2021-02-08,140,22,2021-10-22
la,2021-02-09,144,22,2021-10-22
la,2021-02-10,106,22,2021-10-22
la,2021-02-11,116,22,2021-10-22
la,2021-02-12,87,22,2021-10-22
la,2021-02-13,88,22,2021-10-22
la,2021-02-14,67,22,2021-10-22
la,2021-02-15,72,22,2021-10-22
la,2021-02-16,96,22,2021-10-22
la,2021-02-17,106,22,2021-10-22
la,2021-02-18,85,22,2021-10-22
la,2021-02-19,95,22,2021-10-22
la,2021-02-20,69,22,2021-10-22
la,2021-02-21,60,22,2021-10-22
la,2021-02-22,79,22,2021-10-22
la,2021-02-23,89,22,2021-10-22
la,2021-02-24,91,22,2021-10-22
la,2021-02-25,85,22,2021-10-22
la,2021-02-26,88,22,2021-10-22
la,2021-02-27,77,22,2021-10-22
la,2021-02-28,72,22,2021-10-22
la,2021-03-01,79,22,2021-10-22
la,2021-03-02,61,22,2021-10-22
la,2021-03-03,68,22,2021-10-22
la,2021-03-04,80,22,2021-10-22
la,2021-03-05,71,22,2021-10-22
la,2021-03-06,48,22,2021-10-22
la,2021-03-07,50,22,2021-10-22
la,2021-03-08,71,22,2021-10-22
la,2021-03-09,73,22,2021-10-22
la,2021-03-10,67,22,2021-10-22
la,2021-03-11,55,22,2021-10-22
la,2021-03-12,52,22,2021-10-22
la,2021-03-13,39,22,2021-10-22
la,2021-03-14,49,22,2021-10-22
la,2021-03-15,51,22,2021-10-22
la,2021-03-16,50,22,2021-10-22
la,2021-03-17,37,22,2021-10-22
la,2021-03-18,51,22,2021-10-22
la,2021-03-19,55,22,2021-10-22
la,2021-03-20,37,22,2021-10-22
la,2021-03-21,48,22,2021-10-22
la,2021-03-22,50,22,2021-10-22
la,2021-03-23,61,22,2021-10-22
la,2021-03-24,44,22,2021-10-22
la,2021-03-25,54,22,2021-10-22
la,2021-03-26,44,22,2021-10-22
la,2021-03-27,48,22,2021-10-22
la,2021-03-28,42,22,2021-10-22
la,2021-03-29,57,22,2021-10-22
la,2021-03-30,52,22,2021-10-22
la,2021-03-31,55,22,2021-10-22
la,2021-04-01,56,22,2021-10-22
la,2021-04-02,35,22,2021-10-22
la,2021-04-03,37,22,2021-10-22
la,2021-04-04,42,22,2021-10-22
la,2021-04-05,53,22,2021-10-22
la,2021-04-06,52,22,2021-10-22
la,2021-04-07,36,22,2021-10-22
la,2021-04-08,44,22,2021-10-22
la,2021-04-09,52,22,2021-10-22
la,2021-04-10,48,22,2021-10-22
la,2021-04-11,47,22,2021-10-22
la,2021-04-12,63,22,2021-10-22
la,2021-04-13,60,22,2021-10-22
la,2021-04-14,46,22,2021-10-22
la,2021-04-15,57,22,2021-10-22
la,2021-04-16,55,22,2021-10-22
la,2021-04-17,50,22,2021-10-22
la,2021-04-18,48,22,2021-10-22
la,2021-04-19,52,22,2021-10-22
la,2021-04-20,44,22,2021-10-22
la,2021-04-21,38,22,2021-10-22
la,2021-04-22,38,22,2021-10-22
la,2021-04-23,51,22,2021-10-22
la,2021-04-24,41,22,2021-10-22
la,2021-04-25,38,22,2021-10-22
la,2021-04-26,57,22,2021-10-22
la,2021-04-27,57,22,2021-10-22
la,2021-04-28,61,22,2021-10-22
la,2021-04-29,50,22,2021-10-22
la,2021-04-30,47,22,2021-10-22
la,2021-05-01,40,22,2021-10-22
la,2021-05-02,45,22,2021-10-22
la,2021-05-03,60,22,2021-10-22
la,2021-05-04,54,22,2021-10-22
la,2021-05-05,48,22,2021-10-22
la,2021-05-06,53,22,2021-10-22
la,2021-05-07,76,22,2021-10-22
la,2021-05-08,46,22,2021-10-22
la,2021-05-09,44,22,2021-10-22
la,2021-05-10,72,22,2021-10-22
la,2021-05-11,62,22,2021-10-22
la,2021-05-12,45,22,2021-10-22
la,2021-05-13,63,22,2021-10-22
la,2021-05-14,40,22,2021-10-22
la,2021-05-15,42,22,2021-10-22
la,2021-05-16,49,22,2021-10-22
la,2021-05-17,58,22,2021-10-22
la,2021-05-18,56,22,2021-10-22
la,2021-05-19,37,22,2021-10-22
la,2021-05-20,44,22,2021-10-22
la,2021-05-21,48,22,2021-10-22
la,2021-05-22,44,22,2021-10-22
la,2021-05-23,52,22,2021-10-22
la,2021-05-24,61,22,2021-10-22
la,2021-05-25,52,22,2021-10-22
la,2021-05-26,55,22,2021-10-22
la,2021-05-27,56,22,2021-10-22
la,2021-05-28,54,22,2021-10-22
la,2021-05-29,48,22,2021-10-22
la,2021-05-30,48,22,2021-10-22
la,2021-05-31,53,22,2021-10-22
la,2021-06-01,44,22,2021-10-22
la,2021-06-02,52,22,2021-10-22
la,2021-06-03,50,22,2021-10-22
la,2021-06-04,50,22,2021-10-22
la,2021-06-05,35,22,2021-10-22
la,2021-06-06,41,22,2021-10-22
la,2021-06-07,47,22,2021-10-22
la,2021-06-08,54,22,2021-10-22
la,2021-06-09,44,22,2021-10-22
la,2021-06-10,49,22,2021-10-22
la,2021-06-11,46,22,2021-10-22
la,2021-06-12,45,22,2021-10-22
la,2021-06-13,37,22,2021-10-22
la,2021-06-14,43,22,2021-10-22
la,2021-06-15,40,22,2021-10-22
la,2021-06-16,34,22,2021-10-22
la,2021-06-17,43,22,2021-10-22
la,2021-06-18,38,22,2021-10-22
la,2021-06-19,38,22,2021-10-22
la,2021-06-20,53,22,2021-10-22
la,2021-06-21,46,22,2021-10-22
la,2021-06-22,48,22,2021-10-22
la,2021-06-23,48,22,2021-10-22
la,2021-06-24,42,22,2021-10-22
la,2021-06-25,75,22,2021-10-22
la,2021-06-26,64,22,2021-10-22
la,2021-06-27,41,22,2021-10-22
la,2021-06-28,47,22,2021-10-22
la,2021-06-29,50,22,2021-10-22
la,2021-06-30,43,22,2021-10-22
la,2021-07-01,59,22,2021-10-22
la,2021-07-02,63,22,2021-10-22
la,2021-07-03,60,22,2021-10-22
la,2021-07-04,51,22,2021-10-22
la,2021-07-05,65,22,2021-10-22
la,2021-07-06,73,22,2021-10-22
la,2021-07-07,179,22,2021-10-22
la,2021-07-08,85,22,2021-10-22
la,2021-07-09,79,22,2021-10-22
la,2021-07-10,75,22,2021-10-22
la,2021-07-11,85,22,2021-10-22
la,2021-07-12,105,22,2021-10-22
la,2021-07-13,101,22,2021-10-22
la,2021-07-14,117,22,2021-10-22
la,2021-07-15,130,22,2021-10-22
la,2021-07-16,133,22,2021-10-22
la,2021-07-17,147,22,2021-10-22
la,2021-07-18,157,22,2021-10-22
la,2021-07-19,183,22,2021-10-22
la,2021-07-20,179,22,2021-10-22
la,2021-07-21,223,22,2021-10-22
la,2021-07-22,206,22,2021-10-22
la,2021-07-23,225,22,2021-10-22
la,2021-07-24,208,22,2021-10-22
la,2021-07-25,245,22,2021-10-22
la,2021-07-26,306,22,2021-10-22
la,2021-07-27,276,22,2021-10-22
la,2021-07-28,295,22,2021-10-22
la,2021-07-29,313,22,2021-10-22
la,2021-07-30,370,22,2021-10-22
la,2021-07-31,319,22,2021-10-22
la,2021-08-01,425,22,2021-10-22
la,2021-08-02,440,22,2021-10-22
la,2021-08-03,406,22,2021-10-22
la,2021-08-04,421,22,2021-10-22
la,2021-08-05,449,22,2021-10-22
la,2021-08-06,425,22,2021-10-22
la,2021-08-07,443,22,2021-10-22
la,2021-08-08,424,22,2021-10-22
la,2021-08-09,414,22,2021-10-22
la,2021-08-10,419,22,2021-10-22
la,2021-08-11,456,22,2021-10-22
la,2021-08-12,426,22,2021-10-22
la,2021-08-13,425,22,2021-10-22
la,2021-08-14,340,22,2021-10-22
la,2021-08-15,343,22,2021-10-22
la,2021-08-16,417,22,2021-10-22
la,2021-08-17,406,22,2021-10-22
la,2021-08-18,409,22,2021-10-22
la,2021-08-19,364,22,2021-10-22
la,2021-08-20,364,22,2021-10-22
la,2021-08-21,297,22,2021-10-22
la,2021-08-22,250,22,2021-10-22
la,2021-08-23,358,22,2021-10-22
la,2021-08-24,312,22,2021-10-22
la,2021-08-25,315,22,2021-10-22
la,2021-08-26,236,22,2021-10-22
la,2021-08-27,293,22,2021-10-22
la,2021-08-28,229,22,2021-10-22
la,2021-08-29,203,22,2021-10-22
la,2021-08-30,264,22,2021-10-22
la,2021-08-31,248,22,2021-10-22
la,2021-09-01,206,22,2021-10-22
la,2021-09-02,195,22,2021-10-22
la,2021-09-03,206,22,2021-10-22
la,2021-09-04,148,22,2021-10-22
la,2021-09-05,166,22,2021-10-22
la,2021-09-06,179,22,2021-10-22
la,2021-09-07,186,22,2021-10-22
la,2021-09-08,213,22,2021-10-22
la,2021-09-09,197,22,2021-10-22
la,2021-09-10,166,22,2021-10-22
la,2021-09-11,179,22,2021-10-22
la,2021-09-12,138,22,2021-10-22
la,2021-09-13,151,22,2021-10-22
la,2021-09-14,173,22,2021-10-22
la,2021-09-15,139,22,2021-10-22
la,2021-09-16,166,22,2021-10-22
la,2021-09-17,152,22,2021-10-22
la,2021-09-18,126,22,2021-10-22
la,2021-09-19,107,22,2021-10-22
la,2021-09-20,117,22,2021-10-22
la,2021-09-21,105,22,2021-10-22
la,2021-09-22,121,22,2021-10-22
la,2021-09-23,108,22,2021-10-22
la,2021-09-24,78,22,2021-10-22
la,2021-09-25,90,22,2021-10-22
la,2021-09-26,74,22,2021-10-22
la,2021-09-27,83,22,2021-10-22
la,2021-09-28,83,22,2021-10-22
la,2021-09-29,75,22,2021-10-22
la,2021-09-30,82,22,2021-10-22
la,2021-10-01,74,22,2021-10-22
la,2021-10-02,63,22,2021-10-22
la,2021-10-03,45,22,2021-10-22
la,2021-10-04,67,22,2021-10-22
la,2021-10-05,75,22,2021-10-22
la,2021-10-06,67,22,2021-10-22
la,2021-10-07,77,22,2021-10-22
la,2021-10-08,66,22,2021-10-22
la,2021-10-09,52,22,2021-10-22
la,2021-10-10,46,22,2021-10-22
la,2021-10-11,53,22,2021-10-22
la,2021-10-12,61,22,2021-10-22
la,2021-10-13,65,22,2021-10-22
la,2021-10-14,63,22,2021-10-22
la,2021-10-15,45,22,2021-10-22
la,2021-10-16,46,22,2021-10-22
la,2021-10-17,39,22,2021-10-22
la,2021-10-18,63,22,2021-10-22
la,2021-10-19,43,22,2021-10-22
la,2021-10-20,45,22,2021-10-22
la,2021-10-21,45,22,2021-10-22
me,2020-02-29,NA,23,2021-10-22
me,2020-03-01,NA,23,2021-10-22
me,2020-03-02,NA,23,2021-10-22
me,2020-03-03,NA,23,2021-10-22
me,2020-03-04,NA,23,2021-10-22
me,2020-03-05,NA,23,2021-10-22
me,2020-03-06,NA,23,2021-10-22
me,2020-03-07,NA,23,2021-10-22
me,2020-03-08,NA,23,2021-10-22
me,2020-03-09,NA,23,2021-10-22
me,2020-03-10,NA,23,2021-10-22
me,2020-03-11,NA,23,2021-10-22
me,2020-03-12,NA,23,2021-10-22
me,2020-03-13,NA,23,2021-10-22
me,2020-03-14,NA,23,2021-10-22
me,2020-03-15,NA,23,2021-10-22
me,2020-03-16,NA,23,2021-10-22
me,2020-03-17,NA,23,2021-10-22
me,2020-03-18,NA,23,2021-10-22
me,2020-03-19,NA,23,2021-10-22
me,2020-03-20,NA,23,2021-10-22
me,2020-03-21,NA,23,2021-10-22
me,2020-03-22,NA,23,2021-10-22
me,2020-03-23,NA,23,2021-10-22
me,2020-03-24,NA,23,2021-10-22
me,2020-03-25,NA,23,2021-10-22
me,2020-03-26,NA,23,2021-10-22
me,2020-03-27,NA,23,2021-10-22
me,2020-03-28,NA,23,2021-10-22
me,2020-03-29,NA,23,2021-10-22
me,2020-03-30,NA,23,2021-10-22
me,2020-03-31,NA,23,2021-10-22
me,2020-04-01,NA,23,2021-10-22
me,2020-04-02,NA,23,2021-10-22
me,2020-04-03,NA,23,2021-10-22
me,2020-04-04,NA,23,2021-10-22
me,2020-04-05,NA,23,2021-10-22
me,2020-04-06,NA,23,2021-10-22
me,2020-04-07,NA,23,2021-10-22
me,2020-04-08,NA,23,2021-10-22
me,2020-04-09,NA,23,2021-10-22
me,2020-04-10,NA,23,2021-10-22
me,2020-04-11,NA,23,2021-10-22
me,2020-04-12,NA,23,2021-10-22
me,2020-04-13,NA,23,2021-10-22
me,2020-04-14,NA,23,2021-10-22
me,2020-04-15,NA,23,2021-10-22
me,2020-04-16,NA,23,2021-10-22
me,2020-04-17,NA,23,2021-10-22
me,2020-04-18,NA,23,2021-10-22
me,2020-04-19,NA,23,2021-10-22
me,2020-04-20,NA,23,2021-10-22
me,2020-04-21,NA,23,2021-10-22
me,2020-04-22,NA,23,2021-10-22
me,2020-04-23,NA,23,2021-10-22
me,2020-04-24,NA,23,2021-10-22
me,2020-04-25,NA,23,2021-10-22
me,2020-04-26,NA,23,2021-10-22
me,2020-04-27,NA,23,2021-10-22
me,2020-04-28,NA,23,2021-10-22
me,2020-04-29,NA,23,2021-10-22
me,2020-04-30,NA,23,2021-10-22
me,2020-05-01,NA,23,2021-10-22
me,2020-05-02,NA,23,2021-10-22
me,2020-05-03,NA,23,2021-10-22
me,2020-05-04,NA,23,2021-10-22
me,2020-05-05,NA,23,2021-10-22
me,2020-05-06,NA,23,2021-10-22
me,2020-05-07,NA,23,2021-10-22
me,2020-05-08,NA,23,2021-10-22
me,2020-05-09,NA,23,2021-10-22
me,2020-05-10,NA,23,2021-10-22
me,2020-05-11,NA,23,2021-10-22
me,2020-05-12,NA,23,2021-10-22
me,2020-05-13,NA,23,2021-10-22
me,2020-05-14,NA,23,2021-10-22
me,2020-05-15,NA,23,2021-10-22
me,2020-05-16,NA,23,2021-10-22
me,2020-05-17,NA,23,2021-10-22
me,2020-05-18,NA,23,2021-10-22
me,2020-05-19,NA,23,2021-10-22
me,2020-05-20,NA,23,2021-10-22
me,2020-05-21,NA,23,2021-10-22
me,2020-05-22,NA,23,2021-10-22
me,2020-05-23,NA,23,2021-10-22
me,2020-05-24,NA,23,2021-10-22
me,2020-05-25,NA,23,2021-10-22
me,2020-05-26,NA,23,2021-10-22
me,2020-05-27,NA,23,2021-10-22
me,2020-05-28,NA,23,2021-10-22
me,2020-05-29,NA,23,2021-10-22
me,2020-05-30,NA,23,2021-10-22
me,2020-05-31,NA,23,2021-10-22
me,2020-06-01,NA,23,2021-10-22
me,2020-06-02,NA,23,2021-10-22
me,2020-06-03,NA,23,2021-10-22
me,2020-06-04,NA,23,2021-10-22
me,2020-06-05,NA,23,2021-10-22
me,2020-06-06,NA,23,2021-10-22
me,2020-06-07,NA,23,2021-10-22
me,2020-06-08,NA,23,2021-10-22
me,2020-06-09,NA,23,2021-10-22
me,2020-06-10,NA,23,2021-10-22
me,2020-06-11,NA,23,2021-10-22
me,2020-06-12,NA,23,2021-10-22
me,2020-06-13,NA,23,2021-10-22
me,2020-06-14,NA,23,2021-10-22
me,2020-06-15,NA,23,2021-10-22
me,2020-06-16,NA,23,2021-10-22
me,2020-06-17,NA,23,2021-10-22
me,2020-06-18,NA,23,2021-10-22
me,2020-06-19,NA,23,2021-10-22
me,2020-06-20,NA,23,2021-10-22
me,2020-06-21,NA,23,2021-10-22
me,2020-06-22,NA,23,2021-10-22
me,2020-06-23,NA,23,2021-10-22
me,2020-06-24,NA,23,2021-10-22
me,2020-06-25,NA,23,2021-10-22
me,2020-06-26,NA,23,2021-10-22
me,2020-06-27,NA,23,2021-10-22
me,2020-06-28,NA,23,2021-10-22
me,2020-06-29,NA,23,2021-10-22
me,2020-06-30,0,23,2021-10-22
me,2020-07-01,0,23,2021-10-22
me,2020-07-02,0,23,2021-10-22
me,2020-07-03,0,23,2021-10-22
me,2020-07-04,0,23,2021-10-22
me,2020-07-05,0,23,2021-10-22
me,2020-07-06,0,23,2021-10-22
me,2020-07-07,0,23,2021-10-22
me,2020-07-08,0,23,2021-10-22
me,2020-07-09,0,23,2021-10-22
me,2020-07-10,0,23,2021-10-22
me,2020-07-11,0,23,2021-10-22
me,2020-07-12,0,23,2021-10-22
me,2020-07-13,0,23,2021-10-22
me,2020-07-14,1,23,2021-10-22
me,2020-07-15,0,23,2021-10-22
me,2020-07-16,0,23,2021-10-22
me,2020-07-17,0,23,2021-10-22
me,2020-07-18,1,23,2021-10-22
me,2020-07-19,1,23,2021-10-22
me,2020-07-20,3,23,2021-10-22
me,2020-07-21,3,23,2021-10-22
me,2020-07-22,1,23,2021-10-22
me,2020-07-23,2,23,2021-10-22
me,2020-07-24,3,23,2021-10-22
me,2020-07-25,4,23,2021-10-22
me,2020-07-26,4,23,2021-10-22
me,2020-07-27,6,23,2021-10-22
me,2020-07-28,7,23,2021-10-22
me,2020-07-29,4,23,2021-10-22
me,2020-07-30,5,23,2021-10-22
me,2020-07-31,4,23,2021-10-22
me,2020-08-01,5,23,2021-10-22
me,2020-08-02,5,23,2021-10-22
me,2020-08-03,4,23,2021-10-22
me,2020-08-04,3,23,2021-10-22
me,2020-08-05,4,23,2021-10-22
me,2020-08-06,4,23,2021-10-22
me,2020-08-07,3,23,2021-10-22
me,2020-08-08,4,23,2021-10-22
me,2020-08-09,0,23,2021-10-22
me,2020-08-10,1,23,2021-10-22
me,2020-08-11,1,23,2021-10-22
me,2020-08-12,2,23,2021-10-22
me,2020-08-13,1,23,2021-10-22
me,2020-08-14,2,23,2021-10-22
me,2020-08-15,2,23,2021-10-22
me,2020-08-16,2,23,2021-10-22
me,2020-08-17,2,23,2021-10-22
me,2020-08-18,1,23,2021-10-22
me,2020-08-19,2,23,2021-10-22
me,2020-08-20,2,23,2021-10-22
me,2020-08-21,2,23,2021-10-22
me,2020-08-22,2,23,2021-10-22
me,2020-08-23,3,23,2021-10-22
me,2020-08-24,2,23,2021-10-22
me,2020-08-25,0,23,2021-10-22
me,2020-08-26,2,23,2021-10-22
me,2020-08-27,2,23,2021-10-22
me,2020-08-28,2,23,2021-10-22
me,2020-08-29,2,23,2021-10-22
me,2020-08-30,0,23,2021-10-22
me,2020-08-31,3,23,2021-10-22
me,2020-09-01,1,23,2021-10-22
me,2020-09-02,1,23,2021-10-22
me,2020-09-03,1,23,2021-10-22
me,2020-09-04,0,23,2021-10-22
me,2020-09-05,4,23,2021-10-22
me,2020-09-06,1,23,2021-10-22
me,2020-09-07,0,23,2021-10-22
me,2020-09-08,0,23,2021-10-22
me,2020-09-09,1,23,2021-10-22
me,2020-09-10,1,23,2021-10-22
me,2020-09-11,1,23,2021-10-22
me,2020-09-12,1,23,2021-10-22
me,2020-09-13,1,23,2021-10-22
me,2020-09-14,2,23,2021-10-22
me,2020-09-15,1,23,2021-10-22
me,2020-09-16,1,23,2021-10-22
me,2020-09-17,1,23,2021-10-22
me,2020-09-18,2,23,2021-10-22
me,2020-09-19,2,23,2021-10-22
me,2020-09-20,1,23,2021-10-22
me,2020-09-21,0,23,2021-10-22
me,2020-09-22,1,23,2021-10-22
me,2020-09-23,0,23,2021-10-22
me,2020-09-24,1,23,2021-10-22
me,2020-09-25,0,23,2021-10-22
me,2020-09-26,1,23,2021-10-22
me,2020-09-27,0,23,2021-10-22
me,2020-09-28,1,23,2021-10-22
me,2020-09-29,3,23,2021-10-22
me,2020-09-30,2,23,2021-10-22
me,2020-10-01,1,23,2021-10-22
me,2020-10-02,0,23,2021-10-22
me,2020-10-03,0,23,2021-10-22
me,2020-10-04,0,23,2021-10-22
me,2020-10-05,0,23,2021-10-22
me,2020-10-06,1,23,2021-10-22
me,2020-10-07,1,23,2021-10-22
me,2020-10-08,1,23,2021-10-22
me,2020-10-09,2,23,2021-10-22
me,2020-10-10,2,23,2021-10-22
me,2020-10-11,1,23,2021-10-22
me,2020-10-12,1,23,2021-10-22
me,2020-10-13,2,23,2021-10-22
me,2020-10-14,2,23,2021-10-22
me,2020-10-15,1,23,2021-10-22
me,2020-10-16,0,23,2021-10-22
me,2020-10-17,0,23,2021-10-22
me,2020-10-18,0,23,2021-10-22
me,2020-10-19,1,23,2021-10-22
me,2020-10-20,2,23,2021-10-22
me,2020-10-21,2,23,2021-10-22
me,2020-10-22,1,23,2021-10-22
me,2020-10-23,2,23,2021-10-22
me,2020-10-24,2,23,2021-10-22
me,2020-10-25,5,23,2021-10-22
me,2020-10-26,3,23,2021-10-22
me,2020-10-27,6,23,2021-10-22
me,2020-10-28,8,23,2021-10-22
me,2020-10-29,4,23,2021-10-22
me,2020-10-30,8,23,2021-10-22
me,2020-10-31,4,23,2021-10-22
me,2020-11-01,5,23,2021-10-22
me,2020-11-02,5,23,2021-10-22
me,2020-11-03,4,23,2021-10-22
me,2020-11-04,7,23,2021-10-22
me,2020-11-05,8,23,2021-10-22
me,2020-11-06,9,23,2021-10-22
me,2020-11-07,5,23,2021-10-22
me,2020-11-08,7,23,2021-10-22
me,2020-11-09,10,23,2021-10-22
me,2020-11-10,12,23,2021-10-22
me,2020-11-11,8,23,2021-10-22
me,2020-11-12,5,23,2021-10-22
me,2020-11-13,4,23,2021-10-22
me,2020-11-14,14,23,2021-10-22
me,2020-11-15,11,23,2021-10-22
me,2020-11-16,17,23,2021-10-22
me,2020-11-17,18,23,2021-10-22
me,2020-11-18,16,23,2021-10-22
me,2020-11-19,19,23,2021-10-22
me,2020-11-20,7,23,2021-10-22
me,2020-11-21,12,23,2021-10-22
me,2020-11-22,13,23,2021-10-22
me,2020-11-23,21,23,2021-10-22
me,2020-11-24,13,23,2021-10-22
me,2020-11-25,14,23,2021-10-22
me,2020-11-26,9,23,2021-10-22
me,2020-11-27,18,23,2021-10-22
me,2020-11-28,13,23,2021-10-22
me,2020-11-29,12,23,2021-10-22
me,2020-11-30,17,23,2021-10-22
me,2020-12-01,19,23,2021-10-22
me,2020-12-02,18,23,2021-10-22
me,2020-12-03,26,23,2021-10-22
me,2020-12-04,20,23,2021-10-22
me,2020-12-05,9,23,2021-10-22
me,2020-12-06,19,23,2021-10-22
me,2020-12-07,20,23,2021-10-22
me,2020-12-08,21,23,2021-10-22
me,2020-12-09,20,23,2021-10-22
me,2020-12-10,21,23,2021-10-22
me,2020-12-11,19,23,2021-10-22
me,2020-12-12,24,23,2021-10-22
me,2020-12-13,20,23,2021-10-22
me,2020-12-14,22,23,2021-10-22
me,2020-12-15,20,23,2021-10-22
me,2020-12-16,14,23,2021-10-22
me,2020-12-17,11,23,2021-10-22
me,2020-12-18,17,23,2021-10-22
me,2020-12-19,14,23,2021-10-22
me,2020-12-20,13,23,2021-10-22
me,2020-12-21,26,23,2021-10-22
me,2020-12-22,10,23,2021-10-22
me,2020-12-23,15,23,2021-10-22
me,2020-12-24,16,23,2021-10-22
me,2020-12-25,11,23,2021-10-22
me,2020-12-26,16,23,2021-10-22
me,2020-12-27,8,23,2021-10-22
me,2020-12-28,14,23,2021-10-22
me,2020-12-29,9,23,2021-10-22
me,2020-12-30,20,23,2021-10-22
me,2020-12-31,14,23,2021-10-22
me,2021-01-01,12,23,2021-10-22
me,2021-01-02,13,23,2021-10-22
me,2021-01-03,20,23,2021-10-22
me,2021-01-04,22,23,2021-10-22
me,2021-01-05,19,23,2021-10-22
me,2021-01-06,16,23,2021-10-22
me,2021-01-07,18,23,2021-10-22
me,2021-01-08,14,23,2021-10-22
me,2021-01-09,16,23,2021-10-22
me,2021-01-10,16,23,2021-10-22
me,2021-01-11,21,23,2021-10-22
me,2021-01-12,27,23,2021-10-22
me,2021-01-13,18,23,2021-10-22
me,2021-01-14,19,23,2021-10-22
me,2021-01-15,19,23,2021-10-22
me,2021-01-16,18,23,2021-10-22
me,2021-01-17,9,23,2021-10-22
me,2021-01-18,20,23,2021-10-22
me,2021-01-19,8,23,2021-10-22
me,2021-01-20,12,23,2021-10-22
me,2021-01-21,17,23,2021-10-22
me,2021-01-22,15,23,2021-10-22
me,2021-01-23,15,23,2021-10-22
me,2021-01-24,8,23,2021-10-22
me,2021-01-25,18,23,2021-10-22
me,2021-01-26,14,23,2021-10-22
me,2021-01-27,11,23,2021-10-22
me,2021-01-28,20,23,2021-10-22
me,2021-01-29,15,23,2021-10-22
me,2021-01-30,11,23,2021-10-22
me,2021-01-31,15,23,2021-10-22
me,2021-02-01,11,23,2021-10-22
me,2021-02-02,15,23,2021-10-22
me,2021-02-03,15,23,2021-10-22
me,2021-02-04,6,23,2021-10-22
me,2021-02-05,14,23,2021-10-22
me,2021-02-06,7,23,2021-10-22
me,2021-02-07,8,23,2021-10-22
me,2021-02-08,9,23,2021-10-22
me,2021-02-09,17,23,2021-10-22
me,2021-02-10,9,23,2021-10-22
me,2021-02-11,15,23,2021-10-22
me,2021-02-12,9,23,2021-10-22
me,2021-02-13,6,23,2021-10-22
me,2021-02-14,4,23,2021-10-22
me,2021-02-15,8,23,2021-10-22
me,2021-02-16,10,23,2021-10-22
me,2021-02-17,9,23,2021-10-22
me,2021-02-18,7,23,2021-10-22
me,2021-02-19,5,23,2021-10-22
me,2021-02-20,1,23,2021-10-22
me,2021-02-21,5,23,2021-10-22
me,2021-02-22,3,23,2021-10-22
me,2021-02-23,8,23,2021-10-22
me,2021-02-24,9,23,2021-10-22
me,2021-02-25,9,23,2021-10-22
me,2021-02-26,8,23,2021-10-22
me,2021-02-27,5,23,2021-10-22
me,2021-02-28,1,23,2021-10-22
me,2021-03-01,17,23,2021-10-22
me,2021-03-02,8,23,2021-10-22
me,2021-03-03,8,23,2021-10-22
me,2021-03-04,10,23,2021-10-22
me,2021-03-05,3,23,2021-10-22
me,2021-03-06,3,23,2021-10-22
me,2021-03-07,9,23,2021-10-22
me,2021-03-08,9,23,2021-10-22
me,2021-03-09,6,23,2021-10-22
me,2021-03-10,5,23,2021-10-22
me,2021-03-11,11,23,2021-10-22
me,2021-03-12,9,23,2021-10-22
me,2021-03-13,5,23,2021-10-22
me,2021-03-14,9,23,2021-10-22
me,2021-03-15,8,23,2021-10-22
me,2021-03-16,8,23,2021-10-22
me,2021-03-17,8,23,2021-10-22
me,2021-03-18,7,23,2021-10-22
me,2021-03-19,6,23,2021-10-22
me,2021-03-20,3,23,2021-10-22
me,2021-03-21,7,23,2021-10-22
me,2021-03-22,7,23,2021-10-22
me,2021-03-23,9,23,2021-10-22
me,2021-03-24,6,23,2021-10-22
me,2021-03-25,10,23,2021-10-22
me,2021-03-26,8,23,2021-10-22
me,2021-03-27,5,23,2021-10-22
me,2021-03-28,9,23,2021-10-22
me,2021-03-29,5,23,2021-10-22
me,2021-03-30,9,23,2021-10-22
me,2021-03-31,8,23,2021-10-22
me,2021-04-01,10,23,2021-10-22
me,2021-04-02,14,23,2021-10-22
me,2021-04-03,5,23,2021-10-22
me,2021-04-04,9,23,2021-10-22
me,2021-04-05,6,23,2021-10-22
me,2021-04-06,9,23,2021-10-22
me,2021-04-07,8,23,2021-10-22
me,2021-04-08,13,23,2021-10-22
me,2021-04-09,15,23,2021-10-22
me,2021-04-10,13,23,2021-10-22
me,2021-04-11,12,23,2021-10-22
me,2021-04-12,11,23,2021-10-22
me,2021-04-13,17,23,2021-10-22
me,2021-04-14,19,23,2021-10-22
me,2021-04-15,6,23,2021-10-22
me,2021-04-16,11,23,2021-10-22
me,2021-04-17,8,23,2021-10-22
me,2021-04-18,9,23,2021-10-22
me,2021-04-19,16,23,2021-10-22
me,2021-04-20,15,23,2021-10-22
me,2021-04-21,19,23,2021-10-22
me,2021-04-22,12,23,2021-10-22
me,2021-04-23,15,23,2021-10-22
me,2021-04-24,8,23,2021-10-22
me,2021-04-25,13,23,2021-10-22
me,2021-04-26,17,23,2021-10-22
me,2021-04-27,15,23,2021-10-22
me,2021-04-28,15,23,2021-10-22
me,2021-04-29,13,23,2021-10-22
me,2021-04-30,17,23,2021-10-22
me,2021-05-01,13,23,2021-10-22
me,2021-05-02,10,23,2021-10-22
me,2021-05-03,13,23,2021-10-22
me,2021-05-04,18,23,2021-10-22
me,2021-05-05,15,23,2021-10-22
me,2021-05-06,18,23,2021-10-22
me,2021-05-07,15,23,2021-10-22
me,2021-05-08,18,23,2021-10-22
me,2021-05-09,10,23,2021-10-22
me,2021-05-10,16,23,2021-10-22
me,2021-05-11,6,23,2021-10-22
me,2021-05-12,17,23,2021-10-22
me,2021-05-13,18,23,2021-10-22
me,2021-05-14,24,23,2021-10-22
me,2021-05-15,13,23,2021-10-22
me,2021-05-16,9,23,2021-10-22
me,2021-05-17,14,23,2021-10-22
me,2021-05-18,17,23,2021-10-22
me,2021-05-19,15,23,2021-10-22
me,2021-05-20,25,23,2021-10-22
me,2021-05-21,15,23,2021-10-22
me,2021-05-22,13,23,2021-10-22
me,2021-05-23,10,23,2021-10-22
me,2021-05-24,14,23,2021-10-22
me,2021-05-25,11,23,2021-10-22
me,2021-05-26,17,23,2021-10-22
me,2021-05-27,13,23,2021-10-22
me,2021-05-28,9,23,2021-10-22
me,2021-05-29,6,23,2021-10-22
me,2021-05-30,9,23,2021-10-22
me,2021-05-31,11,23,2021-10-22
me,2021-06-01,7,23,2021-10-22
me,2021-06-02,9,23,2021-10-22
me,2021-06-03,5,23,2021-10-22
me,2021-06-04,5,23,2021-10-22
me,2021-06-05,7,23,2021-10-22
me,2021-06-06,7,23,2021-10-22
me,2021-06-07,7,23,2021-10-22
me,2021-06-08,3,23,2021-10-22
me,2021-06-09,4,23,2021-10-22
me,2021-06-10,10,23,2021-10-22
me,2021-06-11,7,23,2021-10-22
me,2021-06-12,2,23,2021-10-22
me,2021-06-13,8,23,2021-10-22
me,2021-06-14,10,23,2021-10-22
me,2021-06-15,6,23,2021-10-22
me,2021-06-16,5,23,2021-10-22
me,2021-06-17,5,23,2021-10-22
me,2021-06-18,1,23,2021-10-22
me,2021-06-19,3,23,2021-10-22
me,2021-06-20,5,23,2021-10-22
me,2021-06-21,6,23,2021-10-22
me,2021-06-22,7,23,2021-10-22
me,2021-06-23,2,23,2021-10-22
me,2021-06-24,4,23,2021-10-22
me,2021-06-25,4,23,2021-10-22
me,2021-06-26,3,23,2021-10-22
me,2021-06-27,5,23,2021-10-22
me,2021-06-28,7,23,2021-10-22
me,2021-06-29,6,23,2021-10-22
me,2021-06-30,3,23,2021-10-22
me,2021-07-01,5,23,2021-10-22
me,2021-07-02,4,23,2021-10-22
me,2021-07-03,3,23,2021-10-22
me,2021-07-04,2,23,2021-10-22
me,2021-07-05,4,23,2021-10-22
me,2021-07-06,5,23,2021-10-22
me,2021-07-07,5,23,2021-10-22
me,2021-07-08,4,23,2021-10-22
me,2021-07-09,6,23,2021-10-22
me,2021-07-10,4,23,2021-10-22
me,2021-07-11,5,23,2021-10-22
me,2021-07-12,7,23,2021-10-22
me,2021-07-13,5,23,2021-10-22
me,2021-07-14,5,23,2021-10-22
me,2021-07-15,4,23,2021-10-22
me,2021-07-16,2,23,2021-10-22
me,2021-07-17,4,23,2021-10-22
me,2021-07-18,6,23,2021-10-22
me,2021-07-19,8,23,2021-10-22
me,2021-07-20,3,23,2021-10-22
me,2021-07-21,5,23,2021-10-22
me,2021-07-22,11,23,2021-10-22
me,2021-07-23,9,23,2021-10-22
me,2021-07-24,11,23,2021-10-22
me,2021-07-25,2,23,2021-10-22
me,2021-07-26,12,23,2021-10-22
me,2021-07-27,11,23,2021-10-22
me,2021-07-28,10,23,2021-10-22
me,2021-07-29,6,23,2021-10-22
me,2021-07-30,8,23,2021-10-22
me,2021-07-31,6,23,2021-10-22
me,2021-08-01,8,23,2021-10-22
me,2021-08-02,9,23,2021-10-22
me,2021-08-03,6,23,2021-10-22
me,2021-08-04,11,23,2021-10-22
me,2021-08-05,6,23,2021-10-22
me,2021-08-06,10,23,2021-10-22
me,2021-08-07,7,23,2021-10-22
me,2021-08-08,13,23,2021-10-22
me,2021-08-09,11,23,2021-10-22
me,2021-08-10,7,23,2021-10-22
me,2021-08-11,20,23,2021-10-22
me,2021-08-12,9,23,2021-10-22
me,2021-08-13,10,23,2021-10-22
me,2021-08-14,17,23,2021-10-22
me,2021-08-15,12,23,2021-10-22
me,2021-08-16,8,23,2021-10-22
me,2021-08-17,15,23,2021-10-22
me,2021-08-18,20,23,2021-10-22
me,2021-08-19,11,23,2021-10-22
me,2021-08-20,17,23,2021-10-22
me,2021-08-21,21,23,2021-10-22
me,2021-08-22,20,23,2021-10-22
me,2021-08-23,19,23,2021-10-22
me,2021-08-24,20,23,2021-10-22
me,2021-08-25,19,23,2021-10-22
me,2021-08-26,18,23,2021-10-22
me,2021-08-27,16,23,2021-10-22
me,2021-08-28,18,23,2021-10-22
me,2021-08-29,23,23,2021-10-22
me,2021-08-30,26,23,2021-10-22
me,2021-08-31,29,23,2021-10-22
me,2021-09-01,17,23,2021-10-22
me,2021-09-02,15,23,2021-10-22
me,2021-09-03,18,23,2021-10-22
me,2021-09-04,13,23,2021-10-22
me,2021-09-05,22,23,2021-10-22
me,2021-09-06,18,23,2021-10-22
me,2021-09-07,16,23,2021-10-22
me,2021-09-08,22,23,2021-10-22
me,2021-09-09,15,23,2021-10-22
me,2021-09-10,12,23,2021-10-22
me,2021-09-11,27,23,2021-10-22
me,2021-09-12,21,23,2021-10-22
me,2021-09-13,19,23,2021-10-22
me,2021-09-14,17,23,2021-10-22
me,2021-09-15,30,23,2021-10-22
me,2021-09-16,31,23,2021-10-22
me,2021-09-17,35,23,2021-10-22
me,2021-09-18,19,23,2021-10-22
me,2021-09-19,29,23,2021-10-22
me,2021-09-20,28,23,2021-10-22
me,2021-09-21,35,23,2021-10-22
me,2021-09-22,22,23,2021-10-22
me,2021-09-23,18,23,2021-10-22
me,2021-09-24,25,23,2021-10-22
me,2021-09-25,17,23,2021-10-22
me,2021-09-26,30,23,2021-10-22
me,2021-09-27,24,23,2021-10-22
me,2021-09-28,38,23,2021-10-22
me,2021-09-29,24,23,2021-10-22
me,2021-09-30,19,23,2021-10-22
me,2021-10-01,16,23,2021-10-22
me,2021-10-02,12,23,2021-10-22
me,2021-10-03,15,23,2021-10-22
me,2021-10-04,15,23,2021-10-22
me,2021-10-05,16,23,2021-10-22
me,2021-10-06,18,23,2021-10-22
me,2021-10-07,17,23,2021-10-22
me,2021-10-08,16,23,2021-10-22
me,2021-10-09,16,23,2021-10-22
me,2021-10-10,20,23,2021-10-22
me,2021-10-11,31,23,2021-10-22
me,2021-10-12,20,23,2021-10-22
me,2021-10-13,21,23,2021-10-22
me,2021-10-14,25,23,2021-10-22
me,2021-10-15,22,23,2021-10-22
me,2021-10-16,14,23,2021-10-22
me,2021-10-17,26,23,2021-10-22
me,2021-10-18,22,23,2021-10-22
me,2021-10-19,22,23,2021-10-22
me,2021-10-20,23,23,2021-10-22
me,2021-10-21,23,23,2021-10-22
md,2020-02-29,NA,24,2021-10-22
md,2020-03-01,NA,24,2021-10-22
md,2020-03-02,NA,24,2021-10-22
md,2020-03-03,NA,24,2021-10-22
md,2020-03-04,NA,24,2021-10-22
md,2020-03-05,NA,24,2021-10-22
md,2020-03-06,NA,24,2021-10-22
md,2020-03-07,NA,24,2021-10-22
md,2020-03-08,NA,24,2021-10-22
md,2020-03-09,NA,24,2021-10-22
md,2020-03-10,NA,24,2021-10-22
md,2020-03-11,NA,24,2021-10-22
md,2020-03-12,NA,24,2021-10-22
md,2020-03-13,NA,24,2021-10-22
md,2020-03-14,NA,24,2021-10-22
md,2020-03-15,NA,24,2021-10-22
md,2020-03-16,NA,24,2021-10-22
md,2020-03-17,NA,24,2021-10-22
md,2020-03-18,NA,24,2021-10-22
md,2020-03-19,NA,24,2021-10-22
md,2020-03-20,NA,24,2021-10-22
md,2020-03-21,NA,24,2021-10-22
md,2020-03-22,NA,24,2021-10-22
md,2020-03-23,NA,24,2021-10-22
md,2020-03-24,NA,24,2021-10-22
md,2020-03-25,NA,24,2021-10-22
md,2020-03-26,NA,24,2021-10-22
md,2020-03-27,NA,24,2021-10-22
md,2020-03-28,NA,24,2021-10-22
md,2020-03-29,NA,24,2021-10-22
md,2020-03-30,NA,24,2021-10-22
md,2020-03-31,NA,24,2021-10-22
md,2020-04-01,NA,24,2021-10-22
md,2020-04-02,NA,24,2021-10-22
md,2020-04-03,NA,24,2021-10-22
md,2020-04-04,NA,24,2021-10-22
md,2020-04-05,NA,24,2021-10-22
md,2020-04-06,NA,24,2021-10-22
md,2020-04-07,NA,24,2021-10-22
md,2020-04-08,NA,24,2021-10-22
md,2020-04-09,NA,24,2021-10-22
md,2020-04-10,NA,24,2021-10-22
md,2020-04-11,NA,24,2021-10-22
md,2020-04-12,NA,24,2021-10-22
md,2020-04-13,NA,24,2021-10-22
md,2020-04-14,NA,24,2021-10-22
md,2020-04-15,NA,24,2021-10-22
md,2020-04-16,NA,24,2021-10-22
md,2020-04-17,NA,24,2021-10-22
md,2020-04-18,NA,24,2021-10-22
md,2020-04-19,NA,24,2021-10-22
md,2020-04-20,NA,24,2021-10-22
md,2020-04-21,NA,24,2021-10-22
md,2020-04-22,NA,24,2021-10-22
md,2020-04-23,NA,24,2021-10-22
md,2020-04-24,NA,24,2021-10-22
md,2020-04-25,NA,24,2021-10-22
md,2020-04-26,NA,24,2021-10-22
md,2020-04-27,NA,24,2021-10-22
md,2020-04-28,NA,24,2021-10-22
md,2020-04-29,NA,24,2021-10-22
md,2020-04-30,NA,24,2021-10-22
md,2020-05-01,NA,24,2021-10-22
md,2020-05-02,NA,24,2021-10-22
md,2020-05-03,NA,24,2021-10-22
md,2020-05-04,NA,24,2021-10-22
md,2020-05-05,NA,24,2021-10-22
md,2020-05-06,NA,24,2021-10-22
md,2020-05-07,NA,24,2021-10-22
md,2020-05-08,NA,24,2021-10-22
md,2020-05-09,NA,24,2021-10-22
md,2020-05-10,NA,24,2021-10-22
md,2020-05-11,NA,24,2021-10-22
md,2020-05-12,NA,24,2021-10-22
md,2020-05-13,NA,24,2021-10-22
md,2020-05-14,NA,24,2021-10-22
md,2020-05-15,NA,24,2021-10-22
md,2020-05-16,NA,24,2021-10-22
md,2020-05-17,NA,24,2021-10-22
md,2020-05-18,NA,24,2021-10-22
md,2020-05-19,NA,24,2021-10-22
md,2020-05-20,NA,24,2021-10-22
md,2020-05-21,NA,24,2021-10-22
md,2020-05-22,NA,24,2021-10-22
md,2020-05-23,NA,24,2021-10-22
md,2020-05-24,NA,24,2021-10-22
md,2020-05-25,NA,24,2021-10-22
md,2020-05-26,NA,24,2021-10-22
md,2020-05-27,NA,24,2021-10-22
md,2020-05-28,NA,24,2021-10-22
md,2020-05-29,NA,24,2021-10-22
md,2020-05-30,NA,24,2021-10-22
md,2020-05-31,NA,24,2021-10-22
md,2020-06-01,NA,24,2021-10-22
md,2020-06-02,NA,24,2021-10-22
md,2020-06-03,NA,24,2021-10-22
md,2020-06-04,NA,24,2021-10-22
md,2020-06-05,NA,24,2021-10-22
md,2020-06-06,NA,24,2021-10-22
md,2020-06-07,NA,24,2021-10-22
md,2020-06-08,NA,24,2021-10-22
md,2020-06-09,NA,24,2021-10-22
md,2020-06-10,NA,24,2021-10-22
md,2020-06-11,NA,24,2021-10-22
md,2020-06-12,NA,24,2021-10-22
md,2020-06-13,NA,24,2021-10-22
md,2020-06-14,NA,24,2021-10-22
md,2020-06-15,NA,24,2021-10-22
md,2020-06-16,NA,24,2021-10-22
md,2020-06-17,NA,24,2021-10-22
md,2020-06-18,NA,24,2021-10-22
md,2020-06-19,NA,24,2021-10-22
md,2020-06-20,NA,24,2021-10-22
md,2020-06-21,NA,24,2021-10-22
md,2020-06-22,NA,24,2021-10-22
md,2020-06-23,NA,24,2021-10-22
md,2020-06-24,NA,24,2021-10-22
md,2020-06-25,NA,24,2021-10-22
md,2020-06-26,NA,24,2021-10-22
md,2020-06-27,NA,24,2021-10-22
md,2020-06-28,NA,24,2021-10-22
md,2020-06-29,NA,24,2021-10-22
md,2020-06-30,NA,24,2021-10-22
md,2020-07-01,NA,24,2021-10-22
md,2020-07-02,NA,24,2021-10-22
md,2020-07-03,NA,24,2021-10-22
md,2020-07-04,NA,24,2021-10-22
md,2020-07-05,NA,24,2021-10-22
md,2020-07-06,NA,24,2021-10-22
md,2020-07-07,NA,24,2021-10-22
md,2020-07-08,NA,24,2021-10-22
md,2020-07-09,NA,24,2021-10-22
md,2020-07-10,NA,24,2021-10-22
md,2020-07-11,NA,24,2021-10-22
md,2020-07-12,NA,24,2021-10-22
md,2020-07-13,NA,24,2021-10-22
md,2020-07-14,42,24,2021-10-22
md,2020-07-15,46,24,2021-10-22
md,2020-07-16,41,24,2021-10-22
md,2020-07-17,47,24,2021-10-22
md,2020-07-18,52,24,2021-10-22
md,2020-07-19,50,24,2021-10-22
md,2020-07-20,52,24,2021-10-22
md,2020-07-21,68,24,2021-10-22
md,2020-07-22,54,24,2021-10-22
md,2020-07-23,55,24,2021-10-22
md,2020-07-24,56,24,2021-10-22
md,2020-07-25,57,24,2021-10-22
md,2020-07-26,66,24,2021-10-22
md,2020-07-27,70,24,2021-10-22
md,2020-07-28,61,24,2021-10-22
md,2020-07-29,64,24,2021-10-22
md,2020-07-30,70,24,2021-10-22
md,2020-07-31,116,24,2021-10-22
md,2020-08-01,48,24,2021-10-22
md,2020-08-02,54,24,2021-10-22
md,2020-08-03,56,24,2021-10-22
md,2020-08-04,68,24,2021-10-22
md,2020-08-05,60,24,2021-10-22
md,2020-08-06,65,24,2021-10-22
md,2020-08-07,51,24,2021-10-22
md,2020-08-08,53,24,2021-10-22
md,2020-08-09,50,24,2021-10-22
md,2020-08-10,62,24,2021-10-22
md,2020-08-11,59,24,2021-10-22
md,2020-08-12,52,24,2021-10-22
md,2020-08-13,59,24,2021-10-22
md,2020-08-14,64,24,2021-10-22
md,2020-08-15,50,24,2021-10-22
md,2020-08-16,57,24,2021-10-22
md,2020-08-17,69,24,2021-10-22
md,2020-08-18,60,24,2021-10-22
md,2020-08-19,56,24,2021-10-22
md,2020-08-20,47,24,2021-10-22
md,2020-08-21,54,24,2021-10-22
md,2020-08-22,47,24,2021-10-22
md,2020-08-23,49,24,2021-10-22
md,2020-08-24,52,24,2021-10-22
md,2020-08-25,63,24,2021-10-22
md,2020-08-26,43,24,2021-10-22
md,2020-08-27,55,24,2021-10-22
md,2020-08-28,45,24,2021-10-22
md,2020-08-29,40,24,2021-10-22
md,2020-08-30,39,24,2021-10-22
md,2020-08-31,37,24,2021-10-22
md,2020-09-01,52,24,2021-10-22
md,2020-09-02,50,24,2021-10-22
md,2020-09-03,47,24,2021-10-22
md,2020-09-04,46,24,2021-10-22
md,2020-09-05,36,24,2021-10-22
md,2020-09-06,40,24,2021-10-22
md,2020-09-07,44,24,2021-10-22
md,2020-09-08,38,24,2021-10-22
md,2020-09-09,45,24,2021-10-22
md,2020-09-10,53,24,2021-10-22
md,2020-09-11,51,24,2021-10-22
md,2020-09-12,45,24,2021-10-22
md,2020-09-13,42,24,2021-10-22
md,2020-09-14,47,24,2021-10-22
md,2020-09-15,50,24,2021-10-22
md,2020-09-16,53,24,2021-10-22
md,2020-09-17,36,24,2021-10-22
md,2020-09-18,37,24,2021-10-22
md,2020-09-19,41,24,2021-10-22
md,2020-09-20,32,24,2021-10-22
md,2020-09-21,51,24,2021-10-22
md,2020-09-22,36,24,2021-10-22
md,2020-09-23,48,24,2021-10-22
md,2020-09-24,51,24,2021-10-22
md,2020-09-25,56,24,2021-10-22
md,2020-09-26,49,24,2021-10-22
md,2020-09-27,44,24,2021-10-22
md,2020-09-28,51,24,2021-10-22
md,2020-09-29,57,24,2021-10-22
md,2020-09-30,59,24,2021-10-22
md,2020-10-01,43,24,2021-10-22
md,2020-10-02,46,24,2021-10-22
md,2020-10-03,44,24,2021-10-22
md,2020-10-04,41,24,2021-10-22
md,2020-10-05,64,24,2021-10-22
md,2020-10-06,66,24,2021-10-22
md,2020-10-07,65,24,2021-10-22
md,2020-10-08,56,24,2021-10-22
md,2020-10-09,60,24,2021-10-22
md,2020-10-10,52,24,2021-10-22
md,2020-10-11,42,24,2021-10-22
md,2020-10-12,55,24,2021-10-22
md,2020-10-13,60,24,2021-10-22
md,2020-10-14,46,24,2021-10-22
md,2020-10-15,56,24,2021-10-22
md,2020-10-16,70,24,2021-10-22
md,2020-10-17,58,24,2021-10-22
md,2020-10-18,48,24,2021-10-22
md,2020-10-19,74,24,2021-10-22
md,2020-10-20,60,24,2021-10-22
md,2020-10-21,70,24,2021-10-22
md,2020-10-22,59,24,2021-10-22
md,2020-10-23,56,24,2021-10-22
md,2020-10-24,59,24,2021-10-22
md,2020-10-25,55,24,2021-10-22
md,2020-10-26,98,24,2021-10-22
md,2020-10-27,59,24,2021-10-22
md,2020-10-28,81,24,2021-10-22
md,2020-10-29,63,24,2021-10-22
md,2020-10-30,70,24,2021-10-22
md,2020-10-31,56,24,2021-10-22
md,2020-11-01,68,24,2021-10-22
md,2020-11-02,86,24,2021-10-22
md,2020-11-03,81,24,2021-10-22
md,2020-11-04,92,24,2021-10-22
md,2020-11-05,109,24,2021-10-22
md,2020-11-06,111,24,2021-10-22
md,2020-11-07,103,24,2021-10-22
md,2020-11-08,126,24,2021-10-22
md,2020-11-09,130,24,2021-10-22
md,2020-11-10,174,24,2021-10-22
md,2020-11-11,129,24,2021-10-22
md,2020-11-12,164,24,2021-10-22
md,2020-11-13,137,24,2021-10-22
md,2020-11-14,147,24,2021-10-22
md,2020-11-15,155,24,2021-10-22
md,2020-11-16,198,24,2021-10-22
md,2020-11-17,199,24,2021-10-22
md,2020-11-18,185,24,2021-10-22
md,2020-11-19,179,24,2021-10-22
md,2020-11-20,170,24,2021-10-22
md,2020-11-21,196,24,2021-10-22
md,2020-11-22,184,24,2021-10-22
md,2020-11-23,230,24,2021-10-22
md,2020-11-24,221,24,2021-10-22
md,2020-11-25,208,24,2021-10-22
md,2020-11-26,193,24,2021-10-22
md,2020-11-27,240,24,2021-10-22
md,2020-11-28,197,24,2021-10-22
md,2020-11-29,195,24,2021-10-22
md,2020-11-30,227,24,2021-10-22
md,2020-12-01,220,24,2021-10-22
md,2020-12-02,254,24,2021-10-22
md,2020-12-03,233,24,2021-10-22
md,2020-12-04,234,24,2021-10-22
md,2020-12-05,201,24,2021-10-22
md,2020-12-06,207,24,2021-10-22
md,2020-12-07,243,24,2021-10-22
md,2020-12-08,240,24,2021-10-22
md,2020-12-09,243,24,2021-10-22
md,2020-12-10,218,24,2021-10-22
md,2020-12-11,191,24,2021-10-22
md,2020-12-12,217,24,2021-10-22
md,2020-12-13,224,24,2021-10-22
md,2020-12-14,240,24,2021-10-22
md,2020-12-15,242,24,2021-10-22
md,2020-12-16,194,24,2021-10-22
md,2020-12-17,233,24,2021-10-22
md,2020-12-18,235,24,2021-10-22
md,2020-12-19,198,24,2021-10-22
md,2020-12-20,208,24,2021-10-22
md,2020-12-21,278,24,2021-10-22
md,2020-12-22,270,24,2021-10-22
md,2020-12-23,211,24,2021-10-22
md,2020-12-24,217,24,2021-10-22
md,2020-12-25,189,24,2021-10-22
md,2020-12-26,219,24,2021-10-22
md,2020-12-27,176,24,2021-10-22
md,2020-12-28,247,24,2021-10-22
md,2020-12-29,240,24,2021-10-22
md,2020-12-30,229,24,2021-10-22
md,2020-12-31,217,24,2021-10-22
md,2021-01-01,173,24,2021-10-22
md,2021-01-02,216,24,2021-10-22
md,2021-01-03,216,24,2021-10-22
md,2021-01-04,243,24,2021-10-22
md,2021-01-05,264,24,2021-10-22
md,2021-01-06,275,24,2021-10-22
md,2021-01-07,272,24,2021-10-22
md,2021-01-08,271,24,2021-10-22
md,2021-01-09,248,24,2021-10-22
md,2021-01-10,208,24,2021-10-22
md,2021-01-11,218,24,2021-10-22
md,2021-01-12,251,24,2021-10-22
md,2021-01-13,246,24,2021-10-22
md,2021-01-14,223,24,2021-10-22
md,2021-01-15,233,24,2021-10-22
md,2021-01-16,211,24,2021-10-22
md,2021-01-17,204,24,2021-10-22
md,2021-01-18,220,24,2021-10-22
md,2021-01-19,220,24,2021-10-22
md,2021-01-20,207,24,2021-10-22
md,2021-01-21,217,24,2021-10-22
md,2021-01-22,207,24,2021-10-22
md,2021-01-23,185,24,2021-10-22
md,2021-01-24,160,24,2021-10-22
md,2021-01-25,187,24,2021-10-22
md,2021-01-26,225,24,2021-10-22
md,2021-01-27,221,24,2021-10-22
md,2021-01-28,184,24,2021-10-22
md,2021-01-29,199,24,2021-10-22
md,2021-01-30,146,24,2021-10-22
md,2021-01-31,145,24,2021-10-22
md,2021-02-01,170,24,2021-10-22
md,2021-02-02,187,24,2021-10-22
md,2021-02-03,194,24,2021-10-22
md,2021-02-04,192,24,2021-10-22
md,2021-02-05,167,24,2021-10-22
md,2021-02-06,153,24,2021-10-22
md,2021-02-07,103,24,2021-10-22
md,2021-02-08,138,24,2021-10-22
md,2021-02-09,155,24,2021-10-22
md,2021-02-10,124,24,2021-10-22
md,2021-02-11,122,24,2021-10-22
md,2021-02-12,116,24,2021-10-22
md,2021-02-13,109,24,2021-10-22
md,2021-02-14,90,24,2021-10-22
md,2021-02-15,124,24,2021-10-22
md,2021-02-16,110,24,2021-10-22
md,2021-02-17,129,24,2021-10-22
md,2021-02-18,111,24,2021-10-22
md,2021-02-19,106,24,2021-10-22
md,2021-02-20,86,24,2021-10-22
md,2021-02-21,81,24,2021-10-22
md,2021-02-22,102,24,2021-10-22
md,2021-02-23,103,24,2021-10-22
md,2021-02-24,125,24,2021-10-22
md,2021-02-25,98,24,2021-10-22
md,2021-02-26,107,24,2021-10-22
md,2021-02-27,88,24,2021-10-22
md,2021-02-28,86,24,2021-10-22
md,2021-03-01,94,24,2021-10-22
md,2021-03-02,105,24,2021-10-22
md,2021-03-03,105,24,2021-10-22
md,2021-03-04,92,24,2021-10-22
md,2021-03-05,100,24,2021-10-22
md,2021-03-06,100,24,2021-10-22
md,2021-03-07,79,24,2021-10-22
md,2021-03-08,95,24,2021-10-22
md,2021-03-09,113,24,2021-10-22
md,2021-03-10,108,24,2021-10-22
md,2021-03-11,118,24,2021-10-22
md,2021-03-12,109,24,2021-10-22
md,2021-03-13,97,24,2021-10-22
md,2021-03-14,104,24,2021-10-22
md,2021-03-15,116,24,2021-10-22
md,2021-03-16,101,24,2021-10-22
md,2021-03-17,113,24,2021-10-22
md,2021-03-18,120,24,2021-10-22
md,2021-03-19,108,24,2021-10-22
md,2021-03-20,111,24,2021-10-22
md,2021-03-21,111,24,2021-10-22
md,2021-03-22,150,24,2021-10-22
md,2021-03-23,130,24,2021-10-22
md,2021-03-24,142,24,2021-10-22
md,2021-03-25,142,24,2021-10-22
md,2021-03-26,140,24,2021-10-22
md,2021-03-27,121,24,2021-10-22
md,2021-03-28,115,24,2021-10-22
md,2021-03-29,144,24,2021-10-22
md,2021-03-30,119,24,2021-10-22
md,2021-03-31,172,24,2021-10-22
md,2021-04-01,157,24,2021-10-22
md,2021-04-02,193,24,2021-10-22
md,2021-04-03,142,24,2021-10-22
md,2021-04-04,122,24,2021-10-22
md,2021-04-05,182,24,2021-10-22
md,2021-04-06,187,24,2021-10-22
md,2021-04-07,168,24,2021-10-22
md,2021-04-08,176,24,2021-10-22
md,2021-04-09,167,24,2021-10-22
md,2021-04-10,150,24,2021-10-22
md,2021-04-11,147,24,2021-10-22
md,2021-04-12,188,24,2021-10-22
md,2021-04-13,175,24,2021-10-22
md,2021-04-14,165,24,2021-10-22
md,2021-04-15,177,24,2021-10-22
md,2021-04-16,170,24,2021-10-22
md,2021-04-17,156,24,2021-10-22
md,2021-04-18,159,24,2021-10-22
md,2021-04-19,175,24,2021-10-22
md,2021-04-20,175,24,2021-10-22
md,2021-04-21,169,24,2021-10-22
md,2021-04-22,141,24,2021-10-22
md,2021-04-23,155,24,2021-10-22
md,2021-04-24,105,24,2021-10-22
md,2021-04-25,118,24,2021-10-22
md,2021-04-26,149,24,2021-10-22
md,2021-04-27,140,24,2021-10-22
md,2021-04-28,128,24,2021-10-22
md,2021-04-29,126,24,2021-10-22
md,2021-04-30,115,24,2021-10-22
md,2021-05-01,96,24,2021-10-22
md,2021-05-02,98,24,2021-10-22
md,2021-05-03,120,24,2021-10-22
md,2021-05-04,124,24,2021-10-22
md,2021-05-05,99,24,2021-10-22
md,2021-05-06,108,24,2021-10-22
md,2021-05-07,110,24,2021-10-22
md,2021-05-08,86,24,2021-10-22
md,2021-05-09,86,24,2021-10-22
md,2021-05-10,88,24,2021-10-22
md,2021-05-11,103,24,2021-10-22
md,2021-05-12,83,24,2021-10-22
md,2021-05-13,82,24,2021-10-22
md,2021-05-14,69,24,2021-10-22
md,2021-05-15,75,24,2021-10-22
md,2021-05-16,74,24,2021-10-22
md,2021-05-17,83,24,2021-10-22
md,2021-05-18,80,24,2021-10-22
md,2021-05-19,70,24,2021-10-22
md,2021-05-20,64,24,2021-10-22
md,2021-05-21,66,24,2021-10-22
md,2021-05-22,59,24,2021-10-22
md,2021-05-23,39,24,2021-10-22
md,2021-05-24,48,24,2021-10-22
md,2021-05-25,48,24,2021-10-22
md,2021-05-26,47,24,2021-10-22
md,2021-05-27,52,24,2021-10-22
md,2021-05-28,38,24,2021-10-22
md,2021-05-29,43,24,2021-10-22
md,2021-05-30,49,24,2021-10-22
md,2021-05-31,46,24,2021-10-22
md,2021-06-01,44,24,2021-10-22
md,2021-06-02,34,24,2021-10-22
md,2021-06-03,43,24,2021-10-22
md,2021-06-04,51,24,2021-10-22
md,2021-06-05,30,24,2021-10-22
md,2021-06-06,25,24,2021-10-22
md,2021-06-07,32,24,2021-10-22
md,2021-06-08,37,24,2021-10-22
md,2021-06-09,35,24,2021-10-22
md,2021-06-10,27,24,2021-10-22
md,2021-06-11,31,24,2021-10-22
md,2021-06-12,33,24,2021-10-22
md,2021-06-13,30,24,2021-10-22
md,2021-06-14,23,24,2021-10-22
md,2021-06-15,22,24,2021-10-22
md,2021-06-16,25,24,2021-10-22
md,2021-06-17,25,24,2021-10-22
md,2021-06-18,24,24,2021-10-22
md,2021-06-19,14,24,2021-10-22
md,2021-06-20,12,24,2021-10-22
md,2021-06-21,23,24,2021-10-22
md,2021-06-22,14,24,2021-10-22
md,2021-06-23,22,24,2021-10-22
md,2021-06-24,20,24,2021-10-22
md,2021-06-25,21,24,2021-10-22
md,2021-06-26,20,24,2021-10-22
md,2021-06-27,9,24,2021-10-22
md,2021-06-28,18,24,2021-10-22
md,2021-06-29,19,24,2021-10-22
md,2021-06-30,13,24,2021-10-22
md,2021-07-01,17,24,2021-10-22
md,2021-07-02,15,24,2021-10-22
md,2021-07-03,15,24,2021-10-22
md,2021-07-04,22,24,2021-10-22
md,2021-07-05,22,24,2021-10-22
md,2021-07-06,18,24,2021-10-22
md,2021-07-07,16,24,2021-10-22
md,2021-07-08,23,24,2021-10-22
md,2021-07-09,19,24,2021-10-22
md,2021-07-10,11,24,2021-10-22
md,2021-07-11,17,24,2021-10-22
md,2021-07-12,13,24,2021-10-22
md,2021-07-13,20,24,2021-10-22
md,2021-07-14,17,24,2021-10-22
md,2021-07-15,26,24,2021-10-22
md,2021-07-16,21,24,2021-10-22
md,2021-07-17,16,24,2021-10-22
md,2021-07-18,21,24,2021-10-22
md,2021-07-19,23,24,2021-10-22
md,2021-07-20,24,24,2021-10-22
md,2021-07-21,25,24,2021-10-22
md,2021-07-22,30,24,2021-10-22
md,2021-07-23,30,24,2021-10-22
md,2021-07-24,35,24,2021-10-22
md,2021-07-25,30,24,2021-10-22
md,2021-07-26,34,24,2021-10-22
md,2021-07-27,46,24,2021-10-22
md,2021-07-28,35,24,2021-10-22
md,2021-07-29,47,24,2021-10-22
md,2021-07-30,50,24,2021-10-22
md,2021-07-31,50,24,2021-10-22
md,2021-08-01,30,24,2021-10-22
md,2021-08-02,55,24,2021-10-22
md,2021-08-03,64,24,2021-10-22
md,2021-08-04,49,24,2021-10-22
md,2021-08-05,65,24,2021-10-22
md,2021-08-06,69,24,2021-10-22
md,2021-08-07,72,24,2021-10-22
md,2021-08-08,48,24,2021-10-22
md,2021-08-09,75,24,2021-10-22
md,2021-08-10,83,24,2021-10-22
md,2021-08-11,83,24,2021-10-22
md,2021-08-12,75,24,2021-10-22
md,2021-08-13,88,24,2021-10-22
md,2021-08-14,102,24,2021-10-22
md,2021-08-15,71,24,2021-10-22
md,2021-08-16,86,24,2021-10-22
md,2021-08-17,101,24,2021-10-22
md,2021-08-18,83,24,2021-10-22
md,2021-08-19,88,24,2021-10-22
md,2021-08-20,98,24,2021-10-22
md,2021-08-21,104,24,2021-10-22
md,2021-08-22,87,24,2021-10-22
md,2021-08-23,110,24,2021-10-22
md,2021-08-24,96,24,2021-10-22
md,2021-08-25,119,24,2021-10-22
md,2021-08-26,92,24,2021-10-22
md,2021-08-27,92,24,2021-10-22
md,2021-08-28,102,24,2021-10-22
md,2021-08-29,95,24,2021-10-22
md,2021-08-30,102,24,2021-10-22
md,2021-08-31,115,24,2021-10-22
md,2021-09-01,127,24,2021-10-22
md,2021-09-02,103,24,2021-10-22
md,2021-09-03,107,24,2021-10-22
md,2021-09-04,88,24,2021-10-22
md,2021-09-05,99,24,2021-10-22
md,2021-09-06,110,24,2021-10-22
md,2021-09-07,103,24,2021-10-22
md,2021-09-08,106,24,2021-10-22
md,2021-09-09,103,24,2021-10-22
md,2021-09-10,80,24,2021-10-22
md,2021-09-11,81,24,2021-10-22
md,2021-09-12,85,24,2021-10-22
md,2021-09-13,108,24,2021-10-22
md,2021-09-14,100,24,2021-10-22
md,2021-09-15,115,24,2021-10-22
md,2021-09-16,98,24,2021-10-22
md,2021-09-17,108,24,2021-10-22
md,2021-09-18,101,24,2021-10-22
md,2021-09-19,83,24,2021-10-22
md,2021-09-20,118,24,2021-10-22
md,2021-09-21,91,24,2021-10-22
md,2021-09-22,93,24,2021-10-22
md,2021-09-23,121,24,2021-10-22
md,2021-09-24,102,24,2021-10-22
md,2021-09-25,78,24,2021-10-22
md,2021-09-26,78,24,2021-10-22
md,2021-09-27,97,24,2021-10-22
md,2021-09-28,93,24,2021-10-22
md,2021-09-29,101,24,2021-10-22
md,2021-09-30,109,24,2021-10-22
md,2021-10-01,106,24,2021-10-22
md,2021-10-02,72,24,2021-10-22
md,2021-10-03,88,24,2021-10-22
md,2021-10-04,91,24,2021-10-22
md,2021-10-05,99,24,2021-10-22
md,2021-10-06,112,24,2021-10-22
md,2021-10-07,87,24,2021-10-22
md,2021-10-08,76,24,2021-10-22
md,2021-10-09,79,24,2021-10-22
md,2021-10-10,72,24,2021-10-22
md,2021-10-11,89,24,2021-10-22
md,2021-10-12,88,24,2021-10-22
md,2021-10-13,90,24,2021-10-22
md,2021-10-14,83,24,2021-10-22
md,2021-10-15,78,24,2021-10-22
md,2021-10-16,65,24,2021-10-22
md,2021-10-17,58,24,2021-10-22
md,2021-10-18,71,24,2021-10-22
md,2021-10-19,69,24,2021-10-22
md,2021-10-20,69,24,2021-10-22
md,2021-10-21,67,24,2021-10-22
ma,2020-03-26,NA,25,2021-10-22
ma,2020-03-27,NA,25,2021-10-22
ma,2020-03-28,NA,25,2021-10-22
ma,2020-03-29,NA,25,2021-10-22
ma,2020-03-30,NA,25,2021-10-22
ma,2020-03-31,NA,25,2021-10-22
ma,2020-04-01,NA,25,2021-10-22
ma,2020-04-02,NA,25,2021-10-22
ma,2020-04-03,NA,25,2021-10-22
ma,2020-04-04,NA,25,2021-10-22
ma,2020-04-05,NA,25,2021-10-22
ma,2020-04-06,NA,25,2021-10-22
ma,2020-04-07,NA,25,2021-10-22
ma,2020-04-08,NA,25,2021-10-22
ma,2020-04-09,NA,25,2021-10-22
ma,2020-04-10,NA,25,2021-10-22
ma,2020-04-11,NA,25,2021-10-22
ma,2020-04-12,NA,25,2021-10-22
ma,2020-04-13,NA,25,2021-10-22
ma,2020-04-14,NA,25,2021-10-22
ma,2020-04-15,NA,25,2021-10-22
ma,2020-04-16,NA,25,2021-10-22
ma,2020-04-17,NA,25,2021-10-22
ma,2020-04-18,NA,25,2021-10-22
ma,2020-04-19,NA,25,2021-10-22
ma,2020-04-20,NA,25,2021-10-22
ma,2020-04-21,NA,25,2021-10-22
ma,2020-04-22,NA,25,2021-10-22
ma,2020-04-23,NA,25,2021-10-22
ma,2020-04-24,NA,25,2021-10-22
ma,2020-04-25,NA,25,2021-10-22
ma,2020-04-26,NA,25,2021-10-22
ma,2020-04-27,NA,25,2021-10-22
ma,2020-04-28,NA,25,2021-10-22
ma,2020-04-29,NA,25,2021-10-22
ma,2020-04-30,NA,25,2021-10-22
ma,2020-05-01,NA,25,2021-10-22
ma,2020-05-02,NA,25,2021-10-22
ma,2020-05-03,NA,25,2021-10-22
ma,2020-05-04,NA,25,2021-10-22
ma,2020-05-05,NA,25,2021-10-22
ma,2020-05-06,NA,25,2021-10-22
ma,2020-05-07,NA,25,2021-10-22
ma,2020-05-08,NA,25,2021-10-22
ma,2020-05-09,NA,25,2021-10-22
ma,2020-05-10,NA,25,2021-10-22
ma,2020-05-11,NA,25,2021-10-22
ma,2020-05-12,NA,25,2021-10-22
ma,2020-05-13,NA,25,2021-10-22
ma,2020-05-14,NA,25,2021-10-22
ma,2020-05-15,NA,25,2021-10-22
ma,2020-05-16,NA,25,2021-10-22
ma,2020-05-17,NA,25,2021-10-22
ma,2020-05-18,NA,25,2021-10-22
ma,2020-05-19,NA,25,2021-10-22
ma,2020-05-20,NA,25,2021-10-22
ma,2020-05-21,NA,25,2021-10-22
ma,2020-05-22,NA,25,2021-10-22
ma,2020-05-23,NA,25,2021-10-22
ma,2020-05-24,NA,25,2021-10-22
ma,2020-05-25,NA,25,2021-10-22
ma,2020-05-26,NA,25,2021-10-22
ma,2020-05-27,NA,25,2021-10-22
ma,2020-05-28,NA,25,2021-10-22
ma,2020-05-29,NA,25,2021-10-22
ma,2020-05-30,NA,25,2021-10-22
ma,2020-05-31,NA,25,2021-10-22
ma,2020-06-01,NA,25,2021-10-22
ma,2020-06-02,NA,25,2021-10-22
ma,2020-06-03,NA,25,2021-10-22
ma,2020-06-04,NA,25,2021-10-22
ma,2020-06-05,NA,25,2021-10-22
ma,2020-06-06,NA,25,2021-10-22
ma,2020-06-07,NA,25,2021-10-22
ma,2020-06-08,NA,25,2021-10-22
ma,2020-06-09,NA,25,2021-10-22
ma,2020-06-10,NA,25,2021-10-22
ma,2020-06-11,NA,25,2021-10-22
ma,2020-06-12,NA,25,2021-10-22
ma,2020-06-13,NA,25,2021-10-22
ma,2020-06-14,NA,25,2021-10-22
ma,2020-06-15,NA,25,2021-10-22
ma,2020-06-16,NA,25,2021-10-22
ma,2020-06-17,NA,25,2021-10-22
ma,2020-06-18,NA,25,2021-10-22
ma,2020-06-19,NA,25,2021-10-22
ma,2020-06-20,NA,25,2021-10-22
ma,2020-06-21,NA,25,2021-10-22
ma,2020-06-22,NA,25,2021-10-22
ma,2020-06-23,NA,25,2021-10-22
ma,2020-06-24,NA,25,2021-10-22
ma,2020-06-25,NA,25,2021-10-22
ma,2020-06-26,NA,25,2021-10-22
ma,2020-06-27,NA,25,2021-10-22
ma,2020-06-28,NA,25,2021-10-22
ma,2020-06-29,NA,25,2021-10-22
ma,2020-06-30,NA,25,2021-10-22
ma,2020-07-01,0,25,2021-10-22
ma,2020-07-02,NA,25,2021-10-22
ma,2020-07-03,NA,25,2021-10-22
ma,2020-07-04,NA,25,2021-10-22
ma,2020-07-05,NA,25,2021-10-22
ma,2020-07-06,NA,25,2021-10-22
ma,2020-07-07,NA,25,2021-10-22
ma,2020-07-08,NA,25,2021-10-22
ma,2020-07-09,NA,25,2021-10-22
ma,2020-07-10,NA,25,2021-10-22
ma,2020-07-11,NA,25,2021-10-22
ma,2020-07-12,NA,25,2021-10-22
ma,2020-07-13,NA,25,2021-10-22
ma,2020-07-14,20,25,2021-10-22
ma,2020-07-15,33,25,2021-10-22
ma,2020-07-16,26,25,2021-10-22
ma,2020-07-17,21,25,2021-10-22
ma,2020-07-18,23,25,2021-10-22
ma,2020-07-19,19,25,2021-10-22
ma,2020-07-20,13,25,2021-10-22
ma,2020-07-21,2,25,2021-10-22
ma,2020-07-22,56,25,2021-10-22
ma,2020-07-23,36,25,2021-10-22
ma,2020-07-24,22,25,2021-10-22
ma,2020-07-25,24,25,2021-10-22
ma,2020-07-26,27,25,2021-10-22
ma,2020-07-27,33,25,2021-10-22
ma,2020-07-28,15,25,2021-10-22
ma,2020-07-29,26,25,2021-10-22
ma,2020-07-30,23,25,2021-10-22
ma,2020-07-31,24,25,2021-10-22
ma,2020-08-01,24,25,2021-10-22
ma,2020-08-02,19,25,2021-10-22
ma,2020-08-03,26,25,2021-10-22
ma,2020-08-04,25,25,2021-10-22
ma,2020-08-05,23,25,2021-10-22
ma,2020-08-06,27,25,2021-10-22
ma,2020-08-07,25,25,2021-10-22
ma,2020-08-08,15,25,2021-10-22
ma,2020-08-09,14,25,2021-10-22
ma,2020-08-10,25,25,2021-10-22
ma,2020-08-11,17,25,2021-10-22
ma,2020-08-12,19,25,2021-10-22
ma,2020-08-13,23,25,2021-10-22
ma,2020-08-14,27,25,2021-10-22
ma,2020-08-15,16,25,2021-10-22
ma,2020-08-16,22,25,2021-10-22
ma,2020-08-17,20,25,2021-10-22
ma,2020-08-18,16,25,2021-10-22
ma,2020-08-19,13,25,2021-10-22
ma,2020-08-20,14,25,2021-10-22
ma,2020-08-21,13,25,2021-10-22
ma,2020-08-22,12,25,2021-10-22
ma,2020-08-23,16,25,2021-10-22
ma,2020-08-24,21,25,2021-10-22
ma,2020-08-25,22,25,2021-10-22
ma,2020-08-26,17,25,2021-10-22
ma,2020-08-27,17,25,2021-10-22
ma,2020-08-28,23,25,2021-10-22
ma,2020-08-29,12,25,2021-10-22
ma,2020-08-30,16,25,2021-10-22
ma,2020-08-31,20,25,2021-10-22
ma,2020-09-01,28,25,2021-10-22
ma,2020-09-02,16,25,2021-10-22
ma,2020-09-03,26,25,2021-10-22
ma,2020-09-04,19,25,2021-10-22
ma,2020-09-05,22,25,2021-10-22
ma,2020-09-06,20,25,2021-10-22
ma,2020-09-07,22,25,2021-10-22
ma,2020-09-08,26,25,2021-10-22
ma,2020-09-09,20,25,2021-10-22
ma,2020-09-10,22,25,2021-10-22
ma,2020-09-11,22,25,2021-10-22
ma,2020-09-12,15,25,2021-10-22
ma,2020-09-13,23,25,2021-10-22
ma,2020-09-14,36,25,2021-10-22
ma,2020-09-15,31,25,2021-10-22
ma,2020-09-16,23,25,2021-10-22
ma,2020-09-17,24,25,2021-10-22
ma,2020-09-18,29,25,2021-10-22
ma,2020-09-19,29,25,2021-10-22
ma,2020-09-20,28,25,2021-10-22
ma,2020-09-21,20,25,2021-10-22
ma,2020-09-22,34,25,2021-10-22
ma,2020-09-23,28,25,2021-10-22
ma,2020-09-24,33,25,2021-10-22
ma,2020-09-25,37,25,2021-10-22
ma,2020-09-26,40,25,2021-10-22
ma,2020-09-27,32,25,2021-10-22
ma,2020-09-28,36,25,2021-10-22
ma,2020-09-29,32,25,2021-10-22
ma,2020-09-30,40,25,2021-10-22
ma,2020-10-01,42,25,2021-10-22
ma,2020-10-02,43,25,2021-10-22
ma,2020-10-03,33,25,2021-10-22
ma,2020-10-04,44,25,2021-10-22
ma,2020-10-05,40,25,2021-10-22
ma,2020-10-06,40,25,2021-10-22
ma,2020-10-07,40,25,2021-10-22
ma,2020-10-08,52,25,2021-10-22
ma,2020-10-09,40,25,2021-10-22
ma,2020-10-10,33,25,2021-10-22
ma,2020-10-11,36,25,2021-10-22
ma,2020-10-12,42,25,2021-10-22
ma,2020-10-13,47,25,2021-10-22
ma,2020-10-14,39,25,2021-10-22
ma,2020-10-15,36,25,2021-10-22
ma,2020-10-16,43,25,2021-10-22
ma,2020-10-17,42,25,2021-10-22
ma,2020-10-18,40,25,2021-10-22
ma,2020-10-19,43,25,2021-10-22
ma,2020-10-20,61,25,2021-10-22
ma,2020-10-21,79,25,2021-10-22
ma,2020-10-22,61,25,2021-10-22
ma,2020-10-23,65,25,2021-10-22
ma,2020-10-24,57,25,2021-10-22
ma,2020-10-25,57,25,2021-10-22
ma,2020-10-26,54,25,2021-10-22
ma,2020-10-27,54,25,2021-10-22
ma,2020-10-28,58,25,2021-10-22
ma,2020-10-29,60,25,2021-10-22
ma,2020-10-30,52,25,2021-10-22
ma,2020-10-31,64,25,2021-10-22
ma,2020-11-01,58,25,2021-10-22
ma,2020-11-02,64,25,2021-10-22
ma,2020-11-03,64,25,2021-10-22
ma,2020-11-04,66,25,2021-10-22
ma,2020-11-05,91,25,2021-10-22
ma,2020-11-06,104,25,2021-10-22
ma,2020-11-07,79,25,2021-10-22
ma,2020-11-08,72,25,2021-10-22
ma,2020-11-09,91,25,2021-10-22
ma,2020-11-10,99,25,2021-10-22
ma,2020-11-11,85,25,2021-10-22
ma,2020-11-12,114,25,2021-10-22
ma,2020-11-13,101,25,2021-10-22
ma,2020-11-14,91,25,2021-10-22
ma,2020-11-15,113,25,2021-10-22
ma,2020-11-16,147,25,2021-10-22
ma,2020-11-17,145,25,2021-10-22
ma,2020-11-18,131,25,2021-10-22
ma,2020-11-19,112,25,2021-10-22
ma,2020-11-20,140,25,2021-10-22
ma,2020-11-21,123,25,2021-10-22
ma,2020-11-22,113,25,2021-10-22
ma,2020-11-23,125,25,2021-10-22
ma,2020-11-24,119,25,2021-10-22
ma,2020-11-25,134,25,2021-10-22
ma,2020-11-26,113,25,2021-10-22
ma,2020-11-27,141,25,2021-10-22
ma,2020-11-28,160,25,2021-10-22
ma,2020-11-29,129,25,2021-10-22
ma,2020-11-30,188,25,2021-10-22
ma,2020-12-01,215,25,2021-10-22
ma,2020-12-02,197,25,2021-10-22
ma,2020-12-03,191,25,2021-10-22
ma,2020-12-04,196,25,2021-10-22
ma,2020-12-05,188,25,2021-10-22
ma,2020-12-06,180,25,2021-10-22
ma,2020-12-07,237,25,2021-10-22
ma,2020-12-08,296,25,2021-10-22
ma,2020-12-09,268,25,2021-10-22
ma,2020-12-10,286,25,2021-10-22
ma,2020-12-11,306,25,2021-10-22
ma,2020-12-12,238,25,2021-10-22
ma,2020-12-13,216,25,2021-10-22
ma,2020-12-14,238,25,2021-10-22
ma,2020-12-15,296,25,2021-10-22
ma,2020-12-16,300,25,2021-10-22
ma,2020-12-17,254,25,2021-10-22
ma,2020-12-18,284,25,2021-10-22
ma,2020-12-19,290,25,2021-10-22
ma,2020-12-20,191,25,2021-10-22
ma,2020-12-21,262,25,2021-10-22
ma,2020-12-22,302,25,2021-10-22
ma,2020-12-23,281,25,2021-10-22
ma,2020-12-24,281,25,2021-10-22
ma,2020-12-25,262,25,2021-10-22
ma,2020-12-26,284,25,2021-10-22
ma,2020-12-27,230,25,2021-10-22
ma,2020-12-28,279,25,2021-10-22
ma,2020-12-29,323,25,2021-10-22
ma,2020-12-30,337,25,2021-10-22
ma,2020-12-31,311,25,2021-10-22
ma,2021-01-01,257,25,2021-10-22
ma,2021-01-02,273,25,2021-10-22
ma,2021-01-03,231,25,2021-10-22
ma,2021-01-04,326,25,2021-10-22
ma,2021-01-05,284,25,2021-10-22
ma,2021-01-06,303,25,2021-10-22
ma,2021-01-07,290,25,2021-10-22
ma,2021-01-08,279,25,2021-10-22
ma,2021-01-09,234,25,2021-10-22
ma,2021-01-10,198,25,2021-10-22
ma,2021-01-11,279,25,2021-10-22
ma,2021-01-12,345,25,2021-10-22
ma,2021-01-13,312,25,2021-10-22
ma,2021-01-14,295,25,2021-10-22
ma,2021-01-15,283,25,2021-10-22
ma,2021-01-16,244,25,2021-10-22
ma,2021-01-17,205,25,2021-10-22
ma,2021-01-18,247,25,2021-10-22
ma,2021-01-19,244,25,2021-10-22
ma,2021-01-20,235,25,2021-10-22
ma,2021-01-21,268,25,2021-10-22
ma,2021-01-22,227,25,2021-10-22
ma,2021-01-23,199,25,2021-10-22
ma,2021-01-24,180,25,2021-10-22
ma,2021-01-25,224,25,2021-10-22
ma,2021-01-26,241,25,2021-10-22
ma,2021-01-27,226,25,2021-10-22
ma,2021-01-28,218,25,2021-10-22
ma,2021-01-29,209,25,2021-10-22
ma,2021-01-30,163,25,2021-10-22
ma,2021-01-31,174,25,2021-10-22
ma,2021-02-01,171,25,2021-10-22
ma,2021-02-02,186,25,2021-10-22
ma,2021-02-03,198,25,2021-10-22
ma,2021-02-04,191,25,2021-10-22
ma,2021-02-05,203,25,2021-10-22
ma,2021-02-06,159,25,2021-10-22
ma,2021-02-07,128,25,2021-10-22
ma,2021-02-08,149,25,2021-10-22
ma,2021-02-09,146,25,2021-10-22
ma,2021-02-10,140,25,2021-10-22
ma,2021-02-11,136,25,2021-10-22
ma,2021-02-12,137,25,2021-10-22
ma,2021-02-13,120,25,2021-10-22
ma,2021-02-14,104,25,2021-10-22
ma,2021-02-15,102,25,2021-10-22
ma,2021-02-16,112,25,2021-10-22
ma,2021-02-17,120,25,2021-10-22
ma,2021-02-18,107,25,2021-10-22
ma,2021-02-19,103,25,2021-10-22
ma,2021-02-20,104,25,2021-10-22
ma,2021-02-21,94,25,2021-10-22
ma,2021-02-22,111,25,2021-10-22
ma,2021-02-23,127,25,2021-10-22
ma,2021-02-24,101,25,2021-10-22
ma,2021-02-25,111,25,2021-10-22
ma,2021-02-26,107,25,2021-10-22
ma,2021-02-27,103,25,2021-10-22
ma,2021-02-28,70,25,2021-10-22
ma,2021-03-01,101,25,2021-10-22
ma,2021-03-02,102,25,2021-10-22
ma,2021-03-03,114,25,2021-10-22
ma,2021-03-04,113,25,2021-10-22
ma,2021-03-05,102,25,2021-10-22
ma,2021-03-06,94,25,2021-10-22
ma,2021-03-07,85,25,2021-10-22
ma,2021-03-08,97,25,2021-10-22
ma,2021-03-09,101,25,2021-10-22
ma,2021-03-10,77,25,2021-10-22
ma,2021-03-11,94,25,2021-10-22
ma,2021-03-12,82,25,2021-10-22
ma,2021-03-13,83,25,2021-10-22
ma,2021-03-14,67,25,2021-10-22
ma,2021-03-15,83,25,2021-10-22
ma,2021-03-16,86,25,2021-10-22
ma,2021-03-17,96,25,2021-10-22
ma,2021-03-18,86,25,2021-10-22
ma,2021-03-19,110,25,2021-10-22
ma,2021-03-20,91,25,2021-10-22
ma,2021-03-21,80,25,2021-10-22
ma,2021-03-22,89,25,2021-10-22
ma,2021-03-23,104,25,2021-10-22
ma,2021-03-24,85,25,2021-10-22
ma,2021-03-25,114,25,2021-10-22
ma,2021-03-26,114,25,2021-10-22
ma,2021-03-27,96,25,2021-10-22
ma,2021-03-28,81,25,2021-10-22
ma,2021-03-29,100,25,2021-10-22
ma,2021-03-30,104,25,2021-10-22
ma,2021-03-31,114,25,2021-10-22
ma,2021-04-01,118,25,2021-10-22
ma,2021-04-02,103,25,2021-10-22
ma,2021-04-03,95,25,2021-10-22
ma,2021-04-04,98,25,2021-10-22
ma,2021-04-05,101,25,2021-10-22
ma,2021-04-06,106,25,2021-10-22
ma,2021-04-07,105,25,2021-10-22
ma,2021-04-08,102,25,2021-10-22
ma,2021-04-09,112,25,2021-10-22
ma,2021-04-10,93,25,2021-10-22
ma,2021-04-11,90,25,2021-10-22
ma,2021-04-12,93,25,2021-10-22
ma,2021-04-13,91,25,2021-10-22
ma,2021-04-14,104,25,2021-10-22
ma,2021-04-15,115,25,2021-10-22
ma,2021-04-16,116,25,2021-10-22
ma,2021-04-17,106,25,2021-10-22
ma,2021-04-18,84,25,2021-10-22
ma,2021-04-19,81,25,2021-10-22
ma,2021-04-20,104,25,2021-10-22
ma,2021-04-21,90,25,2021-10-22
ma,2021-04-22,99,25,2021-10-22
ma,2021-04-23,96,25,2021-10-22
ma,2021-04-24,70,25,2021-10-22
ma,2021-04-25,81,25,2021-10-22
ma,2021-04-26,62,25,2021-10-22
ma,2021-04-27,85,25,2021-10-22
ma,2021-04-28,76,25,2021-10-22
ma,2021-04-29,73,25,2021-10-22
ma,2021-04-30,73,25,2021-10-22
ma,2021-05-01,66,25,2021-10-22
ma,2021-05-02,52,25,2021-10-22
ma,2021-05-03,57,25,2021-10-22
ma,2021-05-04,72,25,2021-10-22
ma,2021-05-05,76,25,2021-10-22
ma,2021-05-06,65,25,2021-10-22
ma,2021-05-07,71,25,2021-10-22
ma,2021-05-08,48,25,2021-10-22
ma,2021-05-09,44,25,2021-10-22
ma,2021-05-10,61,25,2021-10-22
ma,2021-05-11,51,25,2021-10-22
ma,2021-05-12,55,25,2021-10-22
ma,2021-05-13,52,25,2021-10-22
ma,2021-05-14,46,25,2021-10-22
ma,2021-05-15,46,25,2021-10-22
ma,2021-05-16,40,25,2021-10-22
ma,2021-05-17,46,25,2021-10-22
ma,2021-05-18,42,25,2021-10-22
ma,2021-05-19,34,25,2021-10-22
ma,2021-05-20,35,25,2021-10-22
ma,2021-05-21,32,25,2021-10-22
ma,2021-05-22,39,25,2021-10-22
ma,2021-05-23,41,25,2021-10-22
ma,2021-05-24,55,25,2021-10-22
ma,2021-05-25,31,25,2021-10-22
ma,2021-05-26,27,25,2021-10-22
ma,2021-05-27,30,25,2021-10-22
ma,2021-05-28,33,25,2021-10-22
ma,2021-05-29,17,25,2021-10-22
ma,2021-05-30,26,25,2021-10-22
ma,2021-05-31,21,25,2021-10-22
ma,2021-06-01,19,25,2021-10-22
ma,2021-06-02,18,25,2021-10-22
ma,2021-06-03,25,25,2021-10-22
ma,2021-06-04,23,25,2021-10-22
ma,2021-06-05,11,25,2021-10-22
ma,2021-06-06,10,25,2021-10-22
ma,2021-06-07,27,25,2021-10-22
ma,2021-06-08,19,25,2021-10-22
ma,2021-06-09,14,25,2021-10-22
ma,2021-06-10,20,25,2021-10-22
ma,2021-06-11,8,25,2021-10-22
ma,2021-06-12,17,25,2021-10-22
ma,2021-06-13,7,25,2021-10-22
ma,2021-06-14,12,25,2021-10-22
ma,2021-06-15,14,25,2021-10-22
ma,2021-06-16,16,25,2021-10-22
ma,2021-06-17,13,25,2021-10-22
ma,2021-06-18,15,25,2021-10-22
ma,2021-06-19,12,25,2021-10-22
ma,2021-06-20,11,25,2021-10-22
ma,2021-06-21,18,25,2021-10-22
ma,2021-06-22,11,25,2021-10-22
ma,2021-06-23,13,25,2021-10-22
ma,2021-06-24,12,25,2021-10-22
ma,2021-06-25,12,25,2021-10-22
ma,2021-06-26,9,25,2021-10-22
ma,2021-06-27,15,25,2021-10-22
ma,2021-06-28,22,25,2021-10-22
ma,2021-06-29,9,25,2021-10-22
ma,2021-06-30,9,25,2021-10-22
ma,2021-07-01,8,25,2021-10-22
ma,2021-07-02,8,25,2021-10-22
ma,2021-07-03,12,25,2021-10-22
ma,2021-07-04,6,25,2021-10-22
ma,2021-07-05,15,25,2021-10-22
ma,2021-07-06,14,25,2021-10-22
ma,2021-07-07,13,25,2021-10-22
ma,2021-07-08,23,25,2021-10-22
ma,2021-07-09,17,25,2021-10-22
ma,2021-07-10,18,25,2021-10-22
ma,2021-07-11,7,25,2021-10-22
ma,2021-07-12,16,25,2021-10-22
ma,2021-07-13,16,25,2021-10-22
ma,2021-07-14,12,25,2021-10-22
ma,2021-07-15,16,25,2021-10-22
ma,2021-07-16,15,25,2021-10-22
ma,2021-07-17,12,25,2021-10-22
ma,2021-07-18,9,25,2021-10-22
ma,2021-07-19,17,25,2021-10-22
ma,2021-07-20,22,25,2021-10-22
ma,2021-07-21,22,25,2021-10-22
ma,2021-07-22,26,25,2021-10-22
ma,2021-07-23,17,25,2021-10-22
ma,2021-07-24,24,25,2021-10-22
ma,2021-07-25,32,25,2021-10-22
ma,2021-07-26,37,25,2021-10-22
ma,2021-07-27,36,25,2021-10-22
ma,2021-07-28,34,25,2021-10-22
ma,2021-07-29,46,25,2021-10-22
ma,2021-07-30,36,25,2021-10-22
ma,2021-07-31,37,25,2021-10-22
ma,2021-08-01,37,25,2021-10-22
ma,2021-08-02,48,25,2021-10-22
ma,2021-08-03,45,25,2021-10-22
ma,2021-08-04,39,25,2021-10-22
ma,2021-08-05,50,25,2021-10-22
ma,2021-08-06,49,25,2021-10-22
ma,2021-08-07,51,25,2021-10-22
ma,2021-08-08,48,25,2021-10-22
ma,2021-08-09,55,25,2021-10-22
ma,2021-08-10,69,25,2021-10-22
ma,2021-08-11,61,25,2021-10-22
ma,2021-08-12,60,25,2021-10-22
ma,2021-08-13,47,25,2021-10-22
ma,2021-08-14,60,25,2021-10-22
ma,2021-08-15,54,25,2021-10-22
ma,2021-08-16,57,25,2021-10-22
ma,2021-08-17,76,25,2021-10-22
ma,2021-08-18,79,25,2021-10-22
ma,2021-08-19,94,25,2021-10-22
ma,2021-08-20,83,25,2021-10-22
ma,2021-08-21,64,25,2021-10-22
ma,2021-08-22,69,25,2021-10-22
ma,2021-08-23,76,25,2021-10-22
ma,2021-08-24,67,25,2021-10-22
ma,2021-08-25,79,25,2021-10-22
ma,2021-08-26,81,25,2021-10-22
ma,2021-08-27,81,25,2021-10-22
ma,2021-08-28,71,25,2021-10-22
ma,2021-08-29,68,25,2021-10-22
ma,2021-08-30,87,25,2021-10-22
ma,2021-08-31,73,25,2021-10-22
ma,2021-09-01,93,25,2021-10-22
ma,2021-09-02,58,25,2021-10-22
ma,2021-09-03,66,25,2021-10-22
ma,2021-09-04,73,25,2021-10-22
ma,2021-09-05,80,25,2021-10-22
ma,2021-09-06,74,25,2021-10-22
ma,2021-09-07,88,25,2021-10-22
ma,2021-09-08,91,25,2021-10-22
ma,2021-09-09,97,25,2021-10-22
ma,2021-09-10,98,25,2021-10-22
ma,2021-09-11,81,25,2021-10-22
ma,2021-09-12,88,25,2021-10-22
ma,2021-09-13,66,25,2021-10-22
ma,2021-09-14,80,25,2021-10-22
ma,2021-09-15,97,25,2021-10-22
ma,2021-09-16,78,25,2021-10-22
ma,2021-09-17,70,25,2021-10-22
ma,2021-09-18,55,25,2021-10-22
ma,2021-09-19,61,25,2021-10-22
ma,2021-09-20,72,25,2021-10-22
ma,2021-09-21,73,25,2021-10-22
ma,2021-09-22,73,25,2021-10-22
ma,2021-09-23,64,25,2021-10-22
ma,2021-09-24,81,25,2021-10-22
ma,2021-09-25,69,25,2021-10-22
ma,2021-09-26,64,25,2021-10-22
ma,2021-09-27,79,25,2021-10-22
ma,2021-09-28,80,25,2021-10-22
ma,2021-09-29,67,25,2021-10-22
ma,2021-09-30,75,25,2021-10-22
ma,2021-10-01,59,25,2021-10-22
ma,2021-10-02,51,25,2021-10-22
ma,2021-10-03,60,25,2021-10-22
ma,2021-10-04,77,25,2021-10-22
ma,2021-10-05,73,25,2021-10-22
ma,2021-10-06,70,25,2021-10-22
ma,2021-10-07,47,25,2021-10-22
ma,2021-10-08,64,25,2021-10-22
ma,2021-10-09,57,25,2021-10-22
ma,2021-10-10,49,25,2021-10-22
ma,2021-10-11,73,25,2021-10-22
ma,2021-10-12,71,25,2021-10-22
ma,2021-10-13,61,25,2021-10-22
ma,2021-10-14,58,25,2021-10-22
ma,2021-10-15,66,25,2021-10-22
ma,2021-10-16,63,25,2021-10-22
ma,2021-10-17,53,25,2021-10-22
ma,2021-10-18,62,25,2021-10-22
ma,2021-10-19,61,25,2021-10-22
ma,2021-10-20,53,25,2021-10-22
ma,2021-10-21,53,25,2021-10-22
mi,2020-02-29,NA,26,2021-10-22
mi,2020-03-01,NA,26,2021-10-22
mi,2020-03-02,NA,26,2021-10-22
mi,2020-03-03,NA,26,2021-10-22
mi,2020-03-04,NA,26,2021-10-22
mi,2020-03-05,NA,26,2021-10-22
mi,2020-03-06,NA,26,2021-10-22
mi,2020-03-07,NA,26,2021-10-22
mi,2020-03-08,NA,26,2021-10-22
mi,2020-03-09,NA,26,2021-10-22
mi,2020-03-10,NA,26,2021-10-22
mi,2020-03-11,NA,26,2021-10-22
mi,2020-03-12,NA,26,2021-10-22
mi,2020-03-13,NA,26,2021-10-22
mi,2020-03-14,NA,26,2021-10-22
mi,2020-03-15,NA,26,2021-10-22
mi,2020-03-16,NA,26,2021-10-22
mi,2020-03-17,NA,26,2021-10-22
mi,2020-03-18,NA,26,2021-10-22
mi,2020-03-19,NA,26,2021-10-22
mi,2020-03-20,NA,26,2021-10-22
mi,2020-03-21,NA,26,2021-10-22
mi,2020-03-22,NA,26,2021-10-22
mi,2020-03-23,NA,26,2021-10-22
mi,2020-03-24,NA,26,2021-10-22
mi,2020-03-25,NA,26,2021-10-22
mi,2020-03-26,NA,26,2021-10-22
mi,2020-03-27,NA,26,2021-10-22
mi,2020-03-28,NA,26,2021-10-22
mi,2020-03-29,NA,26,2021-10-22
mi,2020-03-30,NA,26,2021-10-22
mi,2020-03-31,NA,26,2021-10-22
mi,2020-04-01,NA,26,2021-10-22
mi,2020-04-02,NA,26,2021-10-22
mi,2020-04-03,NA,26,2021-10-22
mi,2020-04-04,NA,26,2021-10-22
mi,2020-04-05,NA,26,2021-10-22
mi,2020-04-06,NA,26,2021-10-22
mi,2020-04-07,NA,26,2021-10-22
mi,2020-04-08,NA,26,2021-10-22
mi,2020-04-09,NA,26,2021-10-22
mi,2020-04-10,NA,26,2021-10-22
mi,2020-04-11,NA,26,2021-10-22
mi,2020-04-12,NA,26,2021-10-22
mi,2020-04-13,NA,26,2021-10-22
mi,2020-04-14,NA,26,2021-10-22
mi,2020-04-15,NA,26,2021-10-22
mi,2020-04-16,NA,26,2021-10-22
mi,2020-04-17,NA,26,2021-10-22
mi,2020-04-18,NA,26,2021-10-22
mi,2020-04-19,NA,26,2021-10-22
mi,2020-04-20,NA,26,2021-10-22
mi,2020-04-21,NA,26,2021-10-22
mi,2020-04-22,NA,26,2021-10-22
mi,2020-04-23,NA,26,2021-10-22
mi,2020-04-24,NA,26,2021-10-22
mi,2020-04-25,NA,26,2021-10-22
mi,2020-04-26,NA,26,2021-10-22
mi,2020-04-27,NA,26,2021-10-22
mi,2020-04-28,NA,26,2021-10-22
mi,2020-04-29,NA,26,2021-10-22
mi,2020-04-30,NA,26,2021-10-22
mi,2020-05-01,NA,26,2021-10-22
mi,2020-05-02,NA,26,2021-10-22
mi,2020-05-03,NA,26,2021-10-22
mi,2020-05-04,NA,26,2021-10-22
mi,2020-05-05,NA,26,2021-10-22
mi,2020-05-06,NA,26,2021-10-22
mi,2020-05-07,NA,26,2021-10-22
mi,2020-05-08,NA,26,2021-10-22
mi,2020-05-09,NA,26,2021-10-22
mi,2020-05-10,NA,26,2021-10-22
mi,2020-05-11,NA,26,2021-10-22
mi,2020-05-12,NA,26,2021-10-22
mi,2020-05-13,NA,26,2021-10-22
mi,2020-05-14,NA,26,2021-10-22
mi,2020-05-15,NA,26,2021-10-22
mi,2020-05-16,NA,26,2021-10-22
mi,2020-05-17,NA,26,2021-10-22
mi,2020-05-18,NA,26,2021-10-22
mi,2020-05-19,NA,26,2021-10-22
mi,2020-05-20,NA,26,2021-10-22
mi,2020-05-21,NA,26,2021-10-22
mi,2020-05-22,NA,26,2021-10-22
mi,2020-05-23,NA,26,2021-10-22
mi,2020-05-24,NA,26,2021-10-22
mi,2020-05-25,NA,26,2021-10-22
mi,2020-05-26,NA,26,2021-10-22
mi,2020-05-27,NA,26,2021-10-22
mi,2020-05-28,NA,26,2021-10-22
mi,2020-05-29,NA,26,2021-10-22
mi,2020-05-30,NA,26,2021-10-22
mi,2020-05-31,NA,26,2021-10-22
mi,2020-06-01,NA,26,2021-10-22
mi,2020-06-02,NA,26,2021-10-22
mi,2020-06-03,NA,26,2021-10-22
mi,2020-06-04,NA,26,2021-10-22
mi,2020-06-05,NA,26,2021-10-22
mi,2020-06-06,NA,26,2021-10-22
mi,2020-06-07,NA,26,2021-10-22
mi,2020-06-08,NA,26,2021-10-22
mi,2020-06-09,NA,26,2021-10-22
mi,2020-06-10,0,26,2021-10-22
mi,2020-06-11,0,26,2021-10-22
mi,2020-06-12,0,26,2021-10-22
mi,2020-06-13,0,26,2021-10-22
mi,2020-06-14,0,26,2021-10-22
mi,2020-06-15,NA,26,2021-10-22
mi,2020-06-16,NA,26,2021-10-22
mi,2020-06-17,NA,26,2021-10-22
mi,2020-06-18,NA,26,2021-10-22
mi,2020-06-19,NA,26,2021-10-22
mi,2020-06-20,NA,26,2021-10-22
mi,2020-06-21,NA,26,2021-10-22
mi,2020-06-22,NA,26,2021-10-22
mi,2020-06-23,NA,26,2021-10-22
mi,2020-06-24,NA,26,2021-10-22
mi,2020-06-25,NA,26,2021-10-22
mi,2020-06-26,NA,26,2021-10-22
mi,2020-06-27,NA,26,2021-10-22
mi,2020-06-28,NA,26,2021-10-22
mi,2020-06-29,NA,26,2021-10-22
mi,2020-06-30,NA,26,2021-10-22
mi,2020-07-01,NA,26,2021-10-22
mi,2020-07-02,NA,26,2021-10-22
mi,2020-07-03,NA,26,2021-10-22
mi,2020-07-04,NA,26,2021-10-22
mi,2020-07-05,0,26,2021-10-22
mi,2020-07-06,0,26,2021-10-22
mi,2020-07-07,0,26,2021-10-22
mi,2020-07-08,0,26,2021-10-22
mi,2020-07-09,0,26,2021-10-22
mi,2020-07-10,NA,26,2021-10-22
mi,2020-07-11,NA,26,2021-10-22
mi,2020-07-12,NA,26,2021-10-22
mi,2020-07-13,NA,26,2021-10-22
mi,2020-07-14,33,26,2021-10-22
mi,2020-07-15,17,26,2021-10-22
mi,2020-07-16,23,26,2021-10-22
mi,2020-07-17,17,26,2021-10-22
mi,2020-07-18,29,26,2021-10-22
mi,2020-07-19,19,26,2021-10-22
mi,2020-07-20,21,26,2021-10-22
mi,2020-07-21,22,26,2021-10-22
mi,2020-07-22,32,26,2021-10-22
mi,2020-07-23,30,26,2021-10-22
mi,2020-07-24,23,26,2021-10-22
mi,2020-07-25,26,26,2021-10-22
mi,2020-07-26,30,26,2021-10-22
mi,2020-07-27,39,26,2021-10-22
mi,2020-07-28,39,26,2021-10-22
mi,2020-07-29,51,26,2021-10-22
mi,2020-07-30,951,26,2021-10-22
mi,2020-07-31,952,26,2021-10-22
mi,2020-08-01,45,26,2021-10-22
mi,2020-08-02,27,26,2021-10-22
mi,2020-08-03,36,26,2021-10-22
mi,2020-08-04,35,26,2021-10-22
mi,2020-08-05,39,26,2021-10-22
mi,2020-08-06,44,26,2021-10-22
mi,2020-08-07,43,26,2021-10-22
mi,2020-08-08,49,26,2021-10-22
mi,2020-08-09,48,26,2021-10-22
mi,2020-08-10,80,26,2021-10-22
mi,2020-08-11,67,26,2021-10-22
mi,2020-08-12,49,26,2021-10-22
mi,2020-08-13,59,26,2021-10-22
mi,2020-08-14,68,26,2021-10-22
mi,2020-08-15,69,26,2021-10-22
mi,2020-08-16,58,26,2021-10-22
mi,2020-08-17,64,26,2021-10-22
mi,2020-08-18,59,26,2021-10-22
mi,2020-08-19,43,26,2021-10-22
mi,2020-08-20,63,26,2021-10-22
mi,2020-08-21,52,26,2021-10-22
mi,2020-08-22,50,26,2021-10-22
mi,2020-08-23,42,26,2021-10-22
mi,2020-08-24,64,26,2021-10-22
mi,2020-08-25,60,26,2021-10-22
mi,2020-08-26,59,26,2021-10-22
mi,2020-08-27,49,26,2021-10-22
mi,2020-08-28,58,26,2021-10-22
mi,2020-08-29,55,26,2021-10-22
mi,2020-08-30,58,26,2021-10-22
mi,2020-08-31,59,26,2021-10-22
mi,2020-09-01,46,26,2021-10-22
mi,2020-09-02,38,26,2021-10-22
mi,2020-09-03,45,26,2021-10-22
mi,2020-09-04,54,26,2021-10-22
mi,2020-09-05,34,26,2021-10-22
mi,2020-09-06,41,26,2021-10-22
mi,2020-09-07,46,26,2021-10-22
mi,2020-09-08,63,26,2021-10-22
mi,2020-09-09,63,26,2021-10-22
mi,2020-09-10,52,26,2021-10-22
mi,2020-09-11,46,26,2021-10-22
mi,2020-09-12,35,26,2021-10-22
mi,2020-09-13,35,26,2021-10-22
mi,2020-09-14,67,26,2021-10-22
mi,2020-09-15,47,26,2021-10-22
mi,2020-09-16,54,26,2021-10-22
mi,2020-09-17,40,26,2021-10-22
mi,2020-09-18,37,26,2021-10-22
mi,2020-09-19,33,26,2021-10-22
mi,2020-09-20,58,26,2021-10-22
mi,2020-09-21,42,26,2021-10-22
mi,2020-09-22,44,26,2021-10-22
mi,2020-09-23,48,26,2021-10-22
mi,2020-09-24,49,26,2021-10-22
mi,2020-09-25,44,26,2021-10-22
mi,2020-09-26,39,26,2021-10-22
mi,2020-09-27,57,26,2021-10-22
mi,2020-09-28,82,26,2021-10-22
mi,2020-09-29,69,26,2021-10-22
mi,2020-09-30,82,26,2021-10-22
mi,2020-10-01,73,26,2021-10-22
mi,2020-10-02,85,26,2021-10-22
mi,2020-10-03,69,26,2021-10-22
mi,2020-10-04,83,26,2021-10-22
mi,2020-10-05,101,26,2021-10-22
mi,2020-10-06,84,26,2021-10-22
mi,2020-10-07,94,26,2021-10-22
mi,2020-10-08,73,26,2021-10-22
mi,2020-10-09,78,26,2021-10-22
mi,2020-10-10,82,26,2021-10-22
mi,2020-10-11,72,26,2021-10-22
mi,2020-10-12,124,26,2021-10-22
mi,2020-10-13,100,26,2021-10-22
mi,2020-10-14,112,26,2021-10-22
mi,2020-10-15,125,26,2021-10-22
mi,2020-10-16,123,26,2021-10-22
mi,2020-10-17,94,26,2021-10-22
mi,2020-10-18,93,26,2021-10-22
mi,2020-10-19,136,26,2021-10-22
mi,2020-10-20,132,26,2021-10-22
mi,2020-10-21,150,26,2021-10-22
mi,2020-10-22,156,26,2021-10-22
mi,2020-10-23,167,26,2021-10-22
mi,2020-10-24,142,26,2021-10-22
mi,2020-10-25,182,26,2021-10-22
mi,2020-10-26,238,26,2021-10-22
mi,2020-10-27,262,26,2021-10-22
mi,2020-10-28,269,26,2021-10-22
mi,2020-10-29,287,26,2021-10-22
mi,2020-10-30,276,26,2021-10-22
mi,2020-10-31,265,26,2021-10-22
mi,2020-11-01,227,26,2021-10-22
mi,2020-11-02,285,26,2021-10-22
mi,2020-11-03,283,26,2021-10-22
mi,2020-11-04,335,26,2021-10-22
mi,2020-11-05,302,26,2021-10-22
mi,2020-11-06,332,26,2021-10-22
mi,2020-11-07,316,26,2021-10-22
mi,2020-11-08,356,26,2021-10-22
mi,2020-11-09,360,26,2021-10-22
mi,2020-11-10,355,26,2021-10-22
mi,2020-11-11,393,26,2021-10-22
mi,2020-11-12,444,26,2021-10-22
mi,2020-11-13,404,26,2021-10-22
mi,2020-11-14,365,26,2021-10-22
mi,2020-11-15,359,26,2021-10-22
mi,2020-11-16,484,26,2021-10-22
mi,2020-11-17,482,26,2021-10-22
mi,2020-11-18,453,26,2021-10-22
mi,2020-11-19,505,26,2021-10-22
mi,2020-11-20,482,26,2021-10-22
mi,2020-11-21,378,26,2021-10-22
mi,2020-11-22,499,26,2021-10-22
mi,2020-11-23,629,26,2021-10-22
mi,2020-11-24,556,26,2021-10-22
mi,2020-11-25,555,26,2021-10-22
mi,2020-11-26,499,26,2021-10-22
mi,2020-11-27,592,26,2021-10-22
mi,2020-11-28,541,26,2021-10-22
mi,2020-11-29,434,26,2021-10-22
mi,2020-11-30,556,26,2021-10-22
mi,2020-12-01,509,26,2021-10-22
mi,2020-12-02,493,26,2021-10-22
mi,2020-12-03,474,26,2021-10-22
mi,2020-12-04,474,26,2021-10-22
mi,2020-12-05,373,26,2021-10-22
mi,2020-12-06,431,26,2021-10-22
mi,2020-12-07,493,26,2021-10-22
mi,2020-12-08,469,26,2021-10-22
mi,2020-12-09,492,26,2021-10-22
mi,2020-12-10,447,26,2021-10-22
mi,2020-12-11,411,26,2021-10-22
mi,2020-12-12,346,26,2021-10-22
mi,2020-12-13,379,26,2021-10-22
mi,2020-12-14,453,26,2021-10-22
mi,2020-12-15,404,26,2021-10-22
mi,2020-12-16,346,26,2021-10-22
mi,2020-12-17,359,26,2021-10-22
mi,2020-12-18,345,26,2021-10-22
mi,2020-12-19,272,26,2021-10-22
mi,2020-12-20,304,26,2021-10-22
mi,2020-12-21,391,26,2021-10-22
mi,2020-12-22,360,26,2021-10-22
mi,2020-12-23,324,26,2021-10-22
mi,2020-12-24,294,26,2021-10-22
mi,2020-12-25,258,26,2021-10-22
mi,2020-12-26,211,26,2021-10-22
mi,2020-12-27,271,26,2021-10-22
mi,2020-12-28,340,26,2021-10-22
mi,2020-12-29,320,26,2021-10-22
mi,2020-12-30,312,26,2021-10-22
mi,2020-12-31,234,26,2021-10-22
mi,2021-01-01,254,26,2021-10-22
mi,2021-01-02,260,26,2021-10-22
mi,2021-01-03,231,26,2021-10-22
mi,2021-01-04,338,26,2021-10-22
mi,2021-01-05,325,26,2021-10-22
mi,2021-01-06,315,26,2021-10-22
mi,2021-01-07,290,26,2021-10-22
mi,2021-01-08,312,26,2021-10-22
mi,2021-01-09,252,26,2021-10-22
mi,2021-01-10,223,26,2021-10-22
mi,2021-01-11,301,26,2021-10-22
mi,2021-01-12,260,26,2021-10-22
mi,2021-01-13,274,26,2021-10-22
mi,2021-01-14,263,26,2021-10-22
mi,2021-01-15,250,26,2021-10-22
mi,2021-01-16,165,26,2021-10-22
mi,2021-01-17,214,26,2021-10-22
mi,2021-01-18,232,26,2021-10-22
mi,2021-01-19,211,26,2021-10-22
mi,2021-01-20,218,26,2021-10-22
mi,2021-01-21,219,26,2021-10-22
mi,2021-01-22,185,26,2021-10-22
mi,2021-01-23,135,26,2021-10-22
mi,2021-01-24,158,26,2021-10-22
mi,2021-01-25,175,26,2021-10-22
mi,2021-01-26,177,26,2021-10-22
mi,2021-01-27,162,26,2021-10-22
mi,2021-01-28,154,26,2021-10-22
mi,2021-01-29,164,26,2021-10-22
mi,2021-01-30,127,26,2021-10-22
mi,2021-01-31,110,26,2021-10-22
mi,2021-02-01,180,26,2021-10-22
mi,2021-02-02,174,26,2021-10-22
mi,2021-02-03,138,26,2021-10-22
mi,2021-02-04,148,26,2021-10-22
mi,2021-02-05,145,26,2021-10-22
mi,2021-02-06,119,26,2021-10-22
mi,2021-02-07,97,26,2021-10-22
mi,2021-02-08,138,26,2021-10-22
mi,2021-02-09,120,26,2021-10-22
mi,2021-02-10,122,26,2021-10-22
mi,2021-02-11,121,26,2021-10-22
mi,2021-02-12,88,26,2021-10-22
mi,2021-02-13,77,26,2021-10-22
mi,2021-02-14,89,26,2021-10-22
mi,2021-02-15,105,26,2021-10-22
mi,2021-02-16,95,26,2021-10-22
mi,2021-02-17,100,26,2021-10-22
mi,2021-02-18,105,26,2021-10-22
mi,2021-02-19,107,26,2021-10-22
mi,2021-02-20,78,26,2021-10-22
mi,2021-02-21,77,26,2021-10-22
mi,2021-02-22,107,26,2021-10-22
mi,2021-02-23,96,26,2021-10-22
mi,2021-02-24,113,26,2021-10-22
mi,2021-02-25,101,26,2021-10-22
mi,2021-02-26,107,26,2021-10-22
mi,2021-02-27,94,26,2021-10-22
mi,2021-02-28,81,26,2021-10-22
mi,2021-03-01,114,26,2021-10-22
mi,2021-03-02,96,26,2021-10-22
mi,2021-03-03,128,26,2021-10-22
mi,2021-03-04,117,26,2021-10-22
mi,2021-03-05,123,26,2021-10-22
mi,2021-03-06,122,26,2021-10-22
mi,2021-03-07,121,26,2021-10-22
mi,2021-03-08,152,26,2021-10-22
mi,2021-03-09,133,26,2021-10-22
mi,2021-03-10,159,26,2021-10-22
mi,2021-03-11,140,26,2021-10-22
mi,2021-03-12,138,26,2021-10-22
mi,2021-03-13,148,26,2021-10-22
mi,2021-03-14,155,26,2021-10-22
mi,2021-03-15,178,26,2021-10-22
mi,2021-03-16,209,26,2021-10-22
mi,2021-03-17,214,26,2021-10-22
mi,2021-03-18,236,26,2021-10-22
mi,2021-03-19,218,26,2021-10-22
mi,2021-03-20,237,26,2021-10-22
mi,2021-03-21,252,26,2021-10-22
mi,2021-03-22,317,26,2021-10-22
mi,2021-03-23,317,26,2021-10-22
mi,2021-03-24,361,26,2021-10-22
mi,2021-03-25,299,26,2021-10-22
mi,2021-03-26,285,26,2021-10-22
mi,2021-03-27,370,26,2021-10-22
mi,2021-03-28,361,26,2021-10-22
mi,2021-03-29,429,26,2021-10-22
mi,2021-03-30,475,26,2021-10-22
mi,2021-03-31,493,26,2021-10-22
mi,2021-04-01,461,26,2021-10-22
mi,2021-04-02,505,26,2021-10-22
mi,2021-04-03,505,26,2021-10-22
mi,2021-04-04,496,26,2021-10-22
mi,2021-04-05,642,26,2021-10-22
mi,2021-04-06,590,26,2021-10-22
mi,2021-04-07,607,26,2021-10-22
mi,2021-04-08,645,26,2021-10-22
mi,2021-04-09,593,26,2021-10-22
mi,2021-04-10,591,26,2021-10-22
mi,2021-04-11,553,26,2021-10-22
mi,2021-04-12,697,26,2021-10-22
mi,2021-04-13,634,26,2021-10-22
mi,2021-04-14,588,26,2021-10-22
mi,2021-04-15,661,26,2021-10-22
mi,2021-04-16,615,26,2021-10-22
mi,2021-04-17,519,26,2021-10-22
mi,2021-04-18,510,26,2021-10-22
mi,2021-04-19,555,26,2021-10-22
mi,2021-04-20,499,26,2021-10-22
mi,2021-04-21,489,26,2021-10-22
mi,2021-04-22,491,26,2021-10-22
mi,2021-04-23,430,26,2021-10-22
mi,2021-04-24,365,26,2021-10-22
mi,2021-04-25,390,26,2021-10-22
mi,2021-04-26,403,26,2021-10-22
mi,2021-04-27,421,26,2021-10-22
mi,2021-04-28,380,26,2021-10-22
mi,2021-04-29,374,26,2021-10-22
mi,2021-04-30,344,26,2021-10-22
mi,2021-05-01,343,26,2021-10-22
mi,2021-05-02,325,26,2021-10-22
mi,2021-05-03,336,26,2021-10-22
mi,2021-05-04,326,26,2021-10-22
mi,2021-05-05,283,26,2021-10-22
mi,2021-05-06,271,26,2021-10-22
mi,2021-05-07,261,26,2021-10-22
mi,2021-05-08,206,26,2021-10-22
mi,2021-05-09,226,26,2021-10-22
mi,2021-05-10,278,26,2021-10-22
mi,2021-05-11,266,26,2021-10-22
mi,2021-05-12,241,26,2021-10-22
mi,2021-05-13,199,26,2021-10-22
mi,2021-05-14,219,26,2021-10-22
mi,2021-05-15,193,26,2021-10-22
mi,2021-05-16,144,26,2021-10-22
mi,2021-05-17,214,26,2021-10-22
mi,2021-05-18,168,26,2021-10-22
mi,2021-05-19,160,26,2021-10-22
mi,2021-05-20,184,26,2021-10-22
mi,2021-05-21,176,26,2021-10-22
mi,2021-05-22,145,26,2021-10-22
mi,2021-05-23,132,26,2021-10-22
mi,2021-05-24,153,26,2021-10-22
mi,2021-05-25,149,26,2021-10-22
mi,2021-05-26,130,26,2021-10-22
mi,2021-05-27,109,26,2021-10-22
mi,2021-05-28,107,26,2021-10-22
mi,2021-05-29,97,26,2021-10-22
mi,2021-05-30,82,26,2021-10-22
mi,2021-05-31,76,26,2021-10-22
mi,2021-06-01,79,26,2021-10-22
mi,2021-06-02,80,26,2021-10-22
mi,2021-06-03,90,26,2021-10-22
mi,2021-06-04,71,26,2021-10-22
mi,2021-06-05,64,26,2021-10-22
mi,2021-06-06,65,26,2021-10-22
mi,2021-06-07,70,26,2021-10-22
mi,2021-06-08,69,26,2021-10-22
mi,2021-06-09,67,26,2021-10-22
mi,2021-06-10,63,26,2021-10-22
mi,2021-06-11,43,26,2021-10-22
mi,2021-06-12,41,26,2021-10-22
mi,2021-06-13,41,26,2021-10-22
mi,2021-06-14,53,26,2021-10-22
mi,2021-06-15,39,26,2021-10-22
mi,2021-06-16,42,26,2021-10-22
mi,2021-06-17,30,26,2021-10-22
mi,2021-06-18,43,26,2021-10-22
mi,2021-06-19,38,26,2021-10-22
mi,2021-06-20,32,26,2021-10-22
mi,2021-06-21,37,26,2021-10-22
mi,2021-06-22,26,26,2021-10-22
mi,2021-06-23,26,26,2021-10-22
mi,2021-06-24,31,26,2021-10-22
mi,2021-06-25,32,26,2021-10-22
mi,2021-06-26,25,26,2021-10-22
mi,2021-06-27,26,26,2021-10-22
mi,2021-06-28,47,26,2021-10-22
mi,2021-06-29,33,26,2021-10-22
mi,2021-06-30,24,26,2021-10-22
mi,2021-07-01,32,26,2021-10-22
mi,2021-07-02,30,26,2021-10-22
mi,2021-07-03,27,26,2021-10-22
mi,2021-07-04,29,26,2021-10-22
mi,2021-07-05,27,26,2021-10-22
mi,2021-07-06,41,26,2021-10-22
mi,2021-07-07,19,26,2021-10-22
mi,2021-07-08,37,26,2021-10-22
mi,2021-07-09,31,26,2021-10-22
mi,2021-07-10,26,26,2021-10-22
mi,2021-07-11,26,26,2021-10-22
mi,2021-07-12,42,26,2021-10-22
mi,2021-07-13,31,26,2021-10-22
mi,2021-07-14,38,26,2021-10-22
mi,2021-07-15,41,26,2021-10-22
mi,2021-07-16,31,26,2021-10-22
mi,2021-07-17,50,26,2021-10-22
mi,2021-07-18,29,26,2021-10-22
mi,2021-07-19,39,26,2021-10-22
mi,2021-07-20,47,26,2021-10-22
mi,2021-07-21,39,26,2021-10-22
mi,2021-07-22,39,26,2021-10-22
mi,2021-07-23,43,26,2021-10-22
mi,2021-07-24,34,26,2021-10-22
mi,2021-07-25,49,26,2021-10-22
mi,2021-07-26,49,26,2021-10-22
mi,2021-07-27,40,26,2021-10-22
mi,2021-07-28,45,26,2021-10-22
mi,2021-07-29,50,26,2021-10-22
mi,2021-07-30,45,26,2021-10-22
mi,2021-07-31,57,26,2021-10-22
mi,2021-08-01,65,26,2021-10-22
mi,2021-08-02,96,26,2021-10-22
mi,2021-08-03,83,26,2021-10-22
mi,2021-08-04,83,26,2021-10-22
mi,2021-08-05,95,26,2021-10-22
mi,2021-08-06,92,26,2021-10-22
mi,2021-08-07,79,26,2021-10-22
mi,2021-08-08,91,26,2021-10-22
mi,2021-08-09,119,26,2021-10-22
mi,2021-08-10,133,26,2021-10-22
mi,2021-08-11,123,26,2021-10-22
mi,2021-08-12,127,26,2021-10-22
mi,2021-08-13,102,26,2021-10-22
mi,2021-08-14,108,26,2021-10-22
mi,2021-08-15,107,26,2021-10-22
mi,2021-08-16,129,26,2021-10-22
mi,2021-08-17,130,26,2021-10-22
mi,2021-08-18,136,26,2021-10-22
mi,2021-08-19,152,26,2021-10-22
mi,2021-08-20,129,26,2021-10-22
mi,2021-08-21,145,26,2021-10-22
mi,2021-08-22,128,26,2021-10-22
mi,2021-08-23,149,26,2021-10-22
mi,2021-08-24,151,26,2021-10-22
mi,2021-08-25,173,26,2021-10-22
mi,2021-08-26,155,26,2021-10-22
mi,2021-08-27,156,26,2021-10-22
mi,2021-08-28,93,26,2021-10-22
mi,2021-08-29,142,26,2021-10-22
mi,2021-08-30,164,26,2021-10-22
mi,2021-08-31,168,26,2021-10-22
mi,2021-09-01,148,26,2021-10-22
mi,2021-09-02,153,26,2021-10-22
mi,2021-09-03,160,26,2021-10-22
mi,2021-09-04,137,26,2021-10-22
mi,2021-09-05,176,26,2021-10-22
mi,2021-09-06,178,26,2021-10-22
mi,2021-09-07,189,26,2021-10-22
mi,2021-09-08,203,26,2021-10-22
mi,2021-09-09,164,26,2021-10-22
mi,2021-09-10,166,26,2021-10-22
mi,2021-09-11,176,26,2021-10-22
mi,2021-09-12,174,26,2021-10-22
mi,2021-09-13,180,26,2021-10-22
mi,2021-09-14,215,26,2021-10-22
mi,2021-09-15,185,26,2021-10-22
mi,2021-09-16,186,26,2021-10-22
mi,2021-09-17,204,26,2021-10-22
mi,2021-09-18,183,26,2021-10-22
mi,2021-09-19,172,26,2021-10-22
mi,2021-09-20,190,26,2021-10-22
mi,2021-09-21,199,26,2021-10-22
mi,2021-09-22,206,26,2021-10-22
mi,2021-09-23,200,26,2021-10-22
mi,2021-09-24,219,26,2021-10-22
mi,2021-09-25,205,26,2021-10-22
mi,2021-09-26,196,26,2021-10-22
mi,2021-09-27,226,26,2021-10-22
mi,2021-09-28,217,26,2021-10-22
mi,2021-09-29,216,26,2021-10-22
mi,2021-09-30,236,26,2021-10-22
mi,2021-10-01,200,26,2021-10-22
mi,2021-10-02,223,26,2021-10-22
mi,2021-10-03,217,26,2021-10-22
mi,2021-10-04,268,26,2021-10-22
mi,2021-10-05,279,26,2021-10-22
mi,2021-10-06,276,26,2021-10-22
mi,2021-10-07,261,26,2021-10-22
mi,2021-10-08,271,26,2021-10-22
mi,2021-10-09,262,26,2021-10-22
mi,2021-10-10,235,26,2021-10-22
mi,2021-10-11,299,26,2021-10-22
mi,2021-10-12,297,26,2021-10-22
mi,2021-10-13,254,26,2021-10-22
mi,2021-10-14,262,26,2021-10-22
mi,2021-10-15,255,26,2021-10-22
mi,2021-10-16,236,26,2021-10-22
mi,2021-10-17,230,26,2021-10-22
mi,2021-10-18,284,26,2021-10-22
mi,2021-10-19,245,26,2021-10-22
mi,2021-10-20,278,26,2021-10-22
mi,2021-10-21,278,26,2021-10-22
mn,2019-12-31,NA,27,2021-10-22
mn,2020-01-01,NA,27,2021-10-22
mn,2020-01-02,NA,27,2021-10-22
mn,2020-01-03,NA,27,2021-10-22
mn,2020-01-04,NA,27,2021-10-22
mn,2020-01-05,NA,27,2021-10-22
mn,2020-01-06,NA,27,2021-10-22
mn,2020-01-07,NA,27,2021-10-22
mn,2020-01-08,NA,27,2021-10-22
mn,2020-01-09,NA,27,2021-10-22
mn,2020-01-10,NA,27,2021-10-22
mn,2020-01-11,NA,27,2021-10-22
mn,2020-01-12,NA,27,2021-10-22
mn,2020-01-13,NA,27,2021-10-22
mn,2020-01-14,NA,27,2021-10-22
mn,2020-01-15,NA,27,2021-10-22
mn,2020-01-16,NA,27,2021-10-22
mn,2020-01-17,NA,27,2021-10-22
mn,2020-01-18,NA,27,2021-10-22
mn,2020-01-19,NA,27,2021-10-22
mn,2020-01-20,NA,27,2021-10-22
mn,2020-01-21,NA,27,2021-10-22
mn,2020-01-22,NA,27,2021-10-22
mn,2020-01-23,NA,27,2021-10-22
mn,2020-01-24,NA,27,2021-10-22
mn,2020-01-25,NA,27,2021-10-22
mn,2020-01-26,NA,27,2021-10-22
mn,2020-01-27,NA,27,2021-10-22
mn,2020-01-28,NA,27,2021-10-22
mn,2020-01-29,NA,27,2021-10-22
mn,2020-01-30,NA,27,2021-10-22
mn,2020-01-31,NA,27,2021-10-22
mn,2020-02-01,NA,27,2021-10-22
mn,2020-02-02,NA,27,2021-10-22
mn,2020-02-03,NA,27,2021-10-22
mn,2020-02-04,NA,27,2021-10-22
mn,2020-02-05,NA,27,2021-10-22
mn,2020-02-06,NA,27,2021-10-22
mn,2020-02-07,NA,27,2021-10-22
mn,2020-02-08,NA,27,2021-10-22
mn,2020-02-09,NA,27,2021-10-22
mn,2020-02-10,NA,27,2021-10-22
mn,2020-02-11,NA,27,2021-10-22
mn,2020-02-12,NA,27,2021-10-22
mn,2020-02-13,NA,27,2021-10-22
mn,2020-02-14,NA,27,2021-10-22
mn,2020-02-15,NA,27,2021-10-22
mn,2020-02-16,NA,27,2021-10-22
mn,2020-02-17,NA,27,2021-10-22
mn,2020-02-18,NA,27,2021-10-22
mn,2020-02-19,NA,27,2021-10-22
mn,2020-02-20,NA,27,2021-10-22
mn,2020-02-21,NA,27,2021-10-22
mn,2020-02-22,NA,27,2021-10-22
mn,2020-02-23,NA,27,2021-10-22
mn,2020-02-24,NA,27,2021-10-22
mn,2020-02-25,NA,27,2021-10-22
mn,2020-02-26,NA,27,2021-10-22
mn,2020-02-27,NA,27,2021-10-22
mn,2020-02-28,NA,27,2021-10-22
mn,2020-02-29,NA,27,2021-10-22
mn,2020-03-01,NA,27,2021-10-22
mn,2020-03-02,NA,27,2021-10-22
mn,2020-03-03,NA,27,2021-10-22
mn,2020-03-04,NA,27,2021-10-22
mn,2020-03-05,NA,27,2021-10-22
mn,2020-03-06,NA,27,2021-10-22
mn,2020-03-07,NA,27,2021-10-22
mn,2020-03-08,NA,27,2021-10-22
mn,2020-03-09,NA,27,2021-10-22
mn,2020-03-10,NA,27,2021-10-22
mn,2020-03-11,NA,27,2021-10-22
mn,2020-03-12,NA,27,2021-10-22
mn,2020-03-13,NA,27,2021-10-22
mn,2020-03-14,NA,27,2021-10-22
mn,2020-03-15,NA,27,2021-10-22
mn,2020-03-16,NA,27,2021-10-22
mn,2020-03-17,NA,27,2021-10-22
mn,2020-03-18,NA,27,2021-10-22
mn,2020-03-19,NA,27,2021-10-22
mn,2020-03-20,NA,27,2021-10-22
mn,2020-03-21,NA,27,2021-10-22
mn,2020-03-22,NA,27,2021-10-22
mn,2020-03-23,NA,27,2021-10-22
mn,2020-03-24,NA,27,2021-10-22
mn,2020-03-25,NA,27,2021-10-22
mn,2020-03-26,NA,27,2021-10-22
mn,2020-03-27,NA,27,2021-10-22
mn,2020-03-28,NA,27,2021-10-22
mn,2020-03-29,NA,27,2021-10-22
mn,2020-03-30,NA,27,2021-10-22
mn,2020-03-31,NA,27,2021-10-22
mn,2020-04-01,NA,27,2021-10-22
mn,2020-04-02,NA,27,2021-10-22
mn,2020-04-03,NA,27,2021-10-22
mn,2020-04-04,NA,27,2021-10-22
mn,2020-04-05,NA,27,2021-10-22
mn,2020-04-06,NA,27,2021-10-22
mn,2020-04-07,NA,27,2021-10-22
mn,2020-04-08,NA,27,2021-10-22
mn,2020-04-09,NA,27,2021-10-22
mn,2020-04-10,NA,27,2021-10-22
mn,2020-04-11,NA,27,2021-10-22
mn,2020-04-12,NA,27,2021-10-22
mn,2020-04-13,NA,27,2021-10-22
mn,2020-04-14,NA,27,2021-10-22
mn,2020-04-15,NA,27,2021-10-22
mn,2020-04-16,NA,27,2021-10-22
mn,2020-04-17,NA,27,2021-10-22
mn,2020-04-18,NA,27,2021-10-22
mn,2020-04-19,NA,27,2021-10-22
mn,2020-04-20,NA,27,2021-10-22
mn,2020-04-21,NA,27,2021-10-22
mn,2020-04-22,NA,27,2021-10-22
mn,2020-04-23,NA,27,2021-10-22
mn,2020-04-24,NA,27,2021-10-22
mn,2020-04-25,NA,27,2021-10-22
mn,2020-04-26,NA,27,2021-10-22
mn,2020-04-27,NA,27,2021-10-22
mn,2020-04-28,NA,27,2021-10-22
mn,2020-04-29,NA,27,2021-10-22
mn,2020-04-30,NA,27,2021-10-22
mn,2020-05-01,NA,27,2021-10-22
mn,2020-05-02,NA,27,2021-10-22
mn,2020-05-03,NA,27,2021-10-22
mn,2020-05-04,NA,27,2021-10-22
mn,2020-05-05,NA,27,2021-10-22
mn,2020-05-06,NA,27,2021-10-22
mn,2020-05-07,NA,27,2021-10-22
mn,2020-05-08,NA,27,2021-10-22
mn,2020-05-09,NA,27,2021-10-22
mn,2020-05-10,NA,27,2021-10-22
mn,2020-05-11,NA,27,2021-10-22
mn,2020-05-12,NA,27,2021-10-22
mn,2020-05-13,NA,27,2021-10-22
mn,2020-05-14,NA,27,2021-10-22
mn,2020-05-15,NA,27,2021-10-22
mn,2020-05-16,NA,27,2021-10-22
mn,2020-05-17,NA,27,2021-10-22
mn,2020-05-18,NA,27,2021-10-22
mn,2020-05-19,NA,27,2021-10-22
mn,2020-05-20,NA,27,2021-10-22
mn,2020-05-21,NA,27,2021-10-22
mn,2020-05-22,NA,27,2021-10-22
mn,2020-05-23,NA,27,2021-10-22
mn,2020-05-24,NA,27,2021-10-22
mn,2020-05-25,NA,27,2021-10-22
mn,2020-05-26,NA,27,2021-10-22
mn,2020-05-27,NA,27,2021-10-22
mn,2020-05-28,NA,27,2021-10-22
mn,2020-05-29,NA,27,2021-10-22
mn,2020-05-30,NA,27,2021-10-22
mn,2020-05-31,NA,27,2021-10-22
mn,2020-06-01,NA,27,2021-10-22
mn,2020-06-02,NA,27,2021-10-22
mn,2020-06-03,NA,27,2021-10-22
mn,2020-06-04,NA,27,2021-10-22
mn,2020-06-05,NA,27,2021-10-22
mn,2020-06-06,NA,27,2021-10-22
mn,2020-06-07,NA,27,2021-10-22
mn,2020-06-08,NA,27,2021-10-22
mn,2020-06-09,NA,27,2021-10-22
mn,2020-06-10,NA,27,2021-10-22
mn,2020-06-11,NA,27,2021-10-22
mn,2020-06-12,NA,27,2021-10-22
mn,2020-06-13,NA,27,2021-10-22
mn,2020-06-14,NA,27,2021-10-22
mn,2020-06-15,NA,27,2021-10-22
mn,2020-06-16,NA,27,2021-10-22
mn,2020-06-17,NA,27,2021-10-22
mn,2020-06-18,NA,27,2021-10-22
mn,2020-06-19,NA,27,2021-10-22
mn,2020-06-20,NA,27,2021-10-22
mn,2020-06-21,NA,27,2021-10-22
mn,2020-06-22,NA,27,2021-10-22
mn,2020-06-23,NA,27,2021-10-22
mn,2020-06-24,NA,27,2021-10-22
mn,2020-06-25,NA,27,2021-10-22
mn,2020-06-26,NA,27,2021-10-22
mn,2020-06-27,NA,27,2021-10-22
mn,2020-06-28,NA,27,2021-10-22
mn,2020-06-29,NA,27,2021-10-22
mn,2020-06-30,NA,27,2021-10-22
mn,2020-07-01,NA,27,2021-10-22
mn,2020-07-02,NA,27,2021-10-22
mn,2020-07-03,NA,27,2021-10-22
mn,2020-07-04,NA,27,2021-10-22
mn,2020-07-05,NA,27,2021-10-22
mn,2020-07-06,NA,27,2021-10-22
mn,2020-07-07,NA,27,2021-10-22
mn,2020-07-08,NA,27,2021-10-22
mn,2020-07-09,NA,27,2021-10-22
mn,2020-07-10,NA,27,2021-10-22
mn,2020-07-11,NA,27,2021-10-22
mn,2020-07-12,NA,27,2021-10-22
mn,2020-07-13,NA,27,2021-10-22
mn,2020-07-14,3,27,2021-10-22
mn,2020-07-15,5,27,2021-10-22
mn,2020-07-16,3,27,2021-10-22
mn,2020-07-17,5,27,2021-10-22
mn,2020-07-18,8,27,2021-10-22
mn,2020-07-19,8,27,2021-10-22
mn,2020-07-20,1,27,2021-10-22
mn,2020-07-21,3,27,2021-10-22
mn,2020-07-22,6,27,2021-10-22
mn,2020-07-23,13,27,2021-10-22
mn,2020-07-24,17,27,2021-10-22
mn,2020-07-25,24,27,2021-10-22
mn,2020-07-26,17,27,2021-10-22
mn,2020-07-27,24,27,2021-10-22
mn,2020-07-28,22,27,2021-10-22
mn,2020-07-29,31,27,2021-10-22
mn,2020-07-30,26,27,2021-10-22
mn,2020-07-31,16,27,2021-10-22
mn,2020-08-01,8,27,2021-10-22
mn,2020-08-02,28,27,2021-10-22
mn,2020-08-03,25,27,2021-10-22
mn,2020-08-04,20,27,2021-10-22
mn,2020-08-05,30,27,2021-10-22
mn,2020-08-06,24,27,2021-10-22
mn,2020-08-07,12,27,2021-10-22
mn,2020-08-08,10,27,2021-10-22
mn,2020-08-09,32,27,2021-10-22
mn,2020-08-10,29,27,2021-10-22
mn,2020-08-11,24,27,2021-10-22
mn,2020-08-12,42,27,2021-10-22
mn,2020-08-13,36,27,2021-10-22
mn,2020-08-14,46,27,2021-10-22
mn,2020-08-15,39,27,2021-10-22
mn,2020-08-16,36,27,2021-10-22
mn,2020-08-17,33,27,2021-10-22
mn,2020-08-18,29,27,2021-10-22
mn,2020-08-19,28,27,2021-10-22
mn,2020-08-20,36,27,2021-10-22
mn,2020-08-21,36,27,2021-10-22
mn,2020-08-22,32,27,2021-10-22
mn,2020-08-23,30,27,2021-10-22
mn,2020-08-24,34,27,2021-10-22
mn,2020-08-25,36,27,2021-10-22
mn,2020-08-26,46,27,2021-10-22
mn,2020-08-27,49,27,2021-10-22
mn,2020-08-28,45,27,2021-10-22
mn,2020-08-29,28,27,2021-10-22
mn,2020-08-30,27,27,2021-10-22
mn,2020-08-31,38,27,2021-10-22
mn,2020-09-01,47,27,2021-10-22
mn,2020-09-02,45,27,2021-10-22
mn,2020-09-03,35,27,2021-10-22
mn,2020-09-04,47,27,2021-10-22
mn,2020-09-05,34,27,2021-10-22
mn,2020-09-06,27,27,2021-10-22
mn,2020-09-07,26,27,2021-10-22
mn,2020-09-08,37,27,2021-10-22
mn,2020-09-09,39,27,2021-10-22
mn,2020-09-10,38,27,2021-10-22
mn,2020-09-11,41,27,2021-10-22
mn,2020-09-12,29,27,2021-10-22
mn,2020-09-13,35,27,2021-10-22
mn,2020-09-14,36,27,2021-10-22
mn,2020-09-15,42,27,2021-10-22
mn,2020-09-16,42,27,2021-10-22
mn,2020-09-17,34,27,2021-10-22
mn,2020-09-18,43,27,2021-10-22
mn,2020-09-19,38,27,2021-10-22
mn,2020-09-20,35,27,2021-10-22
mn,2020-09-21,64,27,2021-10-22
mn,2020-09-22,47,27,2021-10-22
mn,2020-09-23,65,27,2021-10-22
mn,2020-09-24,55,27,2021-10-22
mn,2020-09-25,52,27,2021-10-22
mn,2020-09-26,61,27,2021-10-22
mn,2020-09-27,52,27,2021-10-22
mn,2020-09-28,56,27,2021-10-22
mn,2020-09-29,67,27,2021-10-22
mn,2020-09-30,50,27,2021-10-22
mn,2020-10-01,48,27,2021-10-22
mn,2020-10-02,58,27,2021-10-22
mn,2020-10-03,46,27,2021-10-22
mn,2020-10-04,61,27,2021-10-22
mn,2020-10-05,80,27,2021-10-22
mn,2020-10-06,82,27,2021-10-22
mn,2020-10-07,63,27,2021-10-22
mn,2020-10-08,62,27,2021-10-22
mn,2020-10-09,68,27,2021-10-22
mn,2020-10-10,58,27,2021-10-22
mn,2020-10-11,63,27,2021-10-22
mn,2020-10-12,83,27,2021-10-22
mn,2020-10-13,79,27,2021-10-22
mn,2020-10-14,63,27,2021-10-22
mn,2020-10-15,69,27,2021-10-22
mn,2020-10-16,75,27,2021-10-22
mn,2020-10-17,68,27,2021-10-22
mn,2020-10-18,74,27,2021-10-22
mn,2020-10-19,88,27,2021-10-22
mn,2020-10-20,71,27,2021-10-22
mn,2020-10-21,98,27,2021-10-22
mn,2020-10-22,113,27,2021-10-22
mn,2020-10-23,110,27,2021-10-22
mn,2020-10-24,87,27,2021-10-22
mn,2020-10-25,96,27,2021-10-22
mn,2020-10-26,117,27,2021-10-22
mn,2020-10-27,126,27,2021-10-22
mn,2020-10-28,103,27,2021-10-22
mn,2020-10-29,112,27,2021-10-22
mn,2020-10-30,127,27,2021-10-22
mn,2020-10-31,121,27,2021-10-22
mn,2020-11-01,136,27,2021-10-22
mn,2020-11-02,134,27,2021-10-22
mn,2020-11-03,170,27,2021-10-22
mn,2020-11-04,151,27,2021-10-22
mn,2020-11-05,189,27,2021-10-22
mn,2020-11-06,196,27,2021-10-22
mn,2020-11-07,166,27,2021-10-22
mn,2020-11-08,167,27,2021-10-22
mn,2020-11-09,222,27,2021-10-22
mn,2020-11-10,235,27,2021-10-22
mn,2020-11-11,235,27,2021-10-22
mn,2020-11-12,228,27,2021-10-22
mn,2020-11-13,233,27,2021-10-22
mn,2020-11-14,215,27,2021-10-22
mn,2020-11-15,217,27,2021-10-22
mn,2020-11-16,236,27,2021-10-22
mn,2020-11-17,251,27,2021-10-22
mn,2020-11-18,274,27,2021-10-22
mn,2020-11-19,270,27,2021-10-22
mn,2020-11-20,213,27,2021-10-22
mn,2020-11-21,199,27,2021-10-22
mn,2020-11-22,215,27,2021-10-22
mn,2020-11-23,247,27,2021-10-22
mn,2020-11-24,256,27,2021-10-22
mn,2020-11-25,224,27,2021-10-22
mn,2020-11-26,169,27,2021-10-22
mn,2020-11-27,258,27,2021-10-22
mn,2020-11-28,200,27,2021-10-22
mn,2020-11-29,196,27,2021-10-22
mn,2020-11-30,226,27,2021-10-22
mn,2020-12-01,214,27,2021-10-22
mn,2020-12-02,178,27,2021-10-22
mn,2020-12-03,210,27,2021-10-22
mn,2020-12-04,206,27,2021-10-22
mn,2020-12-05,154,27,2021-10-22
mn,2020-12-06,169,27,2021-10-22
mn,2020-12-07,173,27,2021-10-22
mn,2020-12-08,204,27,2021-10-22
mn,2020-12-09,197,27,2021-10-22
mn,2020-12-10,162,27,2021-10-22
mn,2020-12-11,176,27,2021-10-22
mn,2020-12-12,144,27,2021-10-22
mn,2020-12-13,132,27,2021-10-22
mn,2020-12-14,158,27,2021-10-22
mn,2020-12-15,149,27,2021-10-22
mn,2020-12-16,121,27,2021-10-22
mn,2020-12-17,118,27,2021-10-22
mn,2020-12-18,137,27,2021-10-22
mn,2020-12-19,109,27,2021-10-22
mn,2020-12-20,118,27,2021-10-22
mn,2020-12-21,142,27,2021-10-22
mn,2020-12-22,140,27,2021-10-22
mn,2020-12-23,112,27,2021-10-22
mn,2020-12-24,96,27,2021-10-22
mn,2020-12-25,116,27,2021-10-22
mn,2020-12-26,106,27,2021-10-22
mn,2020-12-27,120,27,2021-10-22
mn,2020-12-28,127,27,2021-10-22
mn,2020-12-29,116,27,2021-10-22
mn,2020-12-30,128,27,2021-10-22
mn,2020-12-31,113,27,2021-10-22
mn,2021-01-01,94,27,2021-10-22
mn,2021-01-02,114,27,2021-10-22
mn,2021-01-03,116,27,2021-10-22
mn,2021-01-04,112,27,2021-10-22
mn,2021-01-05,110,27,2021-10-22
mn,2021-01-06,92,27,2021-10-22
mn,2021-01-07,88,27,2021-10-22
mn,2021-01-08,98,27,2021-10-22
mn,2021-01-09,85,27,2021-10-22
mn,2021-01-10,75,27,2021-10-22
mn,2021-01-11,92,27,2021-10-22
mn,2021-01-12,92,27,2021-10-22
mn,2021-01-13,92,27,2021-10-22
mn,2021-01-14,96,27,2021-10-22
mn,2021-01-15,94,27,2021-10-22
mn,2021-01-16,53,27,2021-10-22
mn,2021-01-17,62,27,2021-10-22
mn,2021-01-18,71,27,2021-10-22
mn,2021-01-19,78,27,2021-10-22
mn,2021-01-20,86,27,2021-10-22
mn,2021-01-21,74,27,2021-10-22
mn,2021-01-22,63,27,2021-10-22
mn,2021-01-23,52,27,2021-10-22
mn,2021-01-24,53,27,2021-10-22
mn,2021-01-25,67,27,2021-10-22
mn,2021-01-26,47,27,2021-10-22
mn,2021-01-27,81,27,2021-10-22
mn,2021-01-28,53,27,2021-10-22
mn,2021-01-29,58,27,2021-10-22
mn,2021-01-30,36,27,2021-10-22
mn,2021-01-31,48,27,2021-10-22
mn,2021-02-01,58,27,2021-10-22
mn,2021-02-02,60,27,2021-10-22
mn,2021-02-03,51,27,2021-10-22
mn,2021-02-04,61,27,2021-10-22
mn,2021-02-05,57,27,2021-10-22
mn,2021-02-06,38,27,2021-10-22
mn,2021-02-07,37,27,2021-10-22
mn,2021-02-08,54,27,2021-10-22
mn,2021-02-09,60,27,2021-10-22
mn,2021-02-10,52,27,2021-10-22
mn,2021-02-11,46,27,2021-10-22
mn,2021-02-12,50,27,2021-10-22
mn,2021-02-13,36,27,2021-10-22
mn,2021-02-14,33,27,2021-10-22
mn,2021-02-15,42,27,2021-10-22
mn,2021-02-16,37,27,2021-10-22
mn,2021-02-17,45,27,2021-10-22
mn,2021-02-18,55,27,2021-10-22
mn,2021-02-19,28,27,2021-10-22
mn,2021-02-20,25,27,2021-10-22
mn,2021-02-21,30,27,2021-10-22
mn,2021-02-22,53,27,2021-10-22
mn,2021-02-23,56,27,2021-10-22
mn,2021-02-24,45,27,2021-10-22
mn,2021-02-25,30,27,2021-10-22
mn,2021-02-26,39,27,2021-10-22
mn,2021-02-27,32,27,2021-10-22
mn,2021-02-28,38,27,2021-10-22
mn,2021-03-01,29,27,2021-10-22
mn,2021-03-02,33,27,2021-10-22
mn,2021-03-03,34,27,2021-10-22
mn,2021-03-04,37,27,2021-10-22
mn,2021-03-05,31,27,2021-10-22
mn,2021-03-06,31,27,2021-10-22
mn,2021-03-07,43,27,2021-10-22
mn,2021-03-08,48,27,2021-10-22
mn,2021-03-09,41,27,2021-10-22
mn,2021-03-10,39,27,2021-10-22
mn,2021-03-11,54,27,2021-10-22
mn,2021-03-12,38,27,2021-10-22
mn,2021-03-13,36,27,2021-10-22
mn,2021-03-14,35,27,2021-10-22
mn,2021-03-15,62,27,2021-10-22
mn,2021-03-16,58,27,2021-10-22
mn,2021-03-17,51,27,2021-10-22
mn,2021-03-18,64,27,2021-10-22
mn,2021-03-19,53,27,2021-10-22
mn,2021-03-20,50,27,2021-10-22
mn,2021-03-21,52,27,2021-10-22
mn,2021-03-22,62,27,2021-10-22
mn,2021-03-23,62,27,2021-10-22
mn,2021-03-24,65,27,2021-10-22
mn,2021-03-25,51,27,2021-10-22
mn,2021-03-26,55,27,2021-10-22
mn,2021-03-27,62,27,2021-10-22
mn,2021-03-28,48,27,2021-10-22
mn,2021-03-29,87,27,2021-10-22
mn,2021-03-30,82,27,2021-10-22
mn,2021-03-31,69,27,2021-10-22
mn,2021-04-01,79,27,2021-10-22
mn,2021-04-02,86,27,2021-10-22
mn,2021-04-03,64,27,2021-10-22
mn,2021-04-04,91,27,2021-10-22
mn,2021-04-05,106,27,2021-10-22
mn,2021-04-06,90,27,2021-10-22
mn,2021-04-07,101,27,2021-10-22
mn,2021-04-08,107,27,2021-10-22
mn,2021-04-09,109,27,2021-10-22
mn,2021-04-10,85,27,2021-10-22
mn,2021-04-11,112,27,2021-10-22
mn,2021-04-12,98,27,2021-10-22
mn,2021-04-13,114,27,2021-10-22
mn,2021-04-14,95,27,2021-10-22
mn,2021-04-15,111,27,2021-10-22
mn,2021-04-16,120,27,2021-10-22
mn,2021-04-17,95,27,2021-10-22
mn,2021-04-18,90,27,2021-10-22
mn,2021-04-19,94,27,2021-10-22
mn,2021-04-20,90,27,2021-10-22
mn,2021-04-21,99,27,2021-10-22
mn,2021-04-22,88,27,2021-10-22
mn,2021-04-23,91,27,2021-10-22
mn,2021-04-24,82,27,2021-10-22
mn,2021-04-25,93,27,2021-10-22
mn,2021-04-26,100,27,2021-10-22
mn,2021-04-27,98,27,2021-10-22
mn,2021-04-28,98,27,2021-10-22
mn,2021-04-29,106,27,2021-10-22
mn,2021-04-30,88,27,2021-10-22
mn,2021-05-01,71,27,2021-10-22
mn,2021-05-02,67,27,2021-10-22
mn,2021-05-03,96,27,2021-10-22
mn,2021-05-04,84,27,2021-10-22
mn,2021-05-05,74,27,2021-10-22
mn,2021-05-06,66,27,2021-10-22
mn,2021-05-07,47,27,2021-10-22
mn,2021-05-08,56,27,2021-10-22
mn,2021-05-09,63,27,2021-10-22
mn,2021-05-10,59,27,2021-10-22
mn,2021-05-11,54,27,2021-10-22
mn,2021-05-12,86,27,2021-10-22
mn,2021-05-13,79,27,2021-10-22
mn,2021-05-14,54,27,2021-10-22
mn,2021-05-15,42,27,2021-10-22
mn,2021-05-16,46,27,2021-10-22
mn,2021-05-17,58,27,2021-10-22
mn,2021-05-18,60,27,2021-10-22
mn,2021-05-19,61,27,2021-10-22
mn,2021-05-20,51,27,2021-10-22
mn,2021-05-21,54,27,2021-10-22
mn,2021-05-22,50,27,2021-10-22
mn,2021-05-23,39,27,2021-10-22
mn,2021-05-24,54,27,2021-10-22
mn,2021-05-25,45,27,2021-10-22
mn,2021-05-26,38,27,2021-10-22
mn,2021-05-27,38,27,2021-10-22
mn,2021-05-28,29,27,2021-10-22
mn,2021-05-29,21,27,2021-10-22
mn,2021-05-30,31,27,2021-10-22
mn,2021-05-31,23,27,2021-10-22
mn,2021-06-01,31,27,2021-10-22
mn,2021-06-02,31,27,2021-10-22
mn,2021-06-03,24,27,2021-10-22
mn,2021-06-04,27,27,2021-10-22
mn,2021-06-05,24,27,2021-10-22
mn,2021-06-06,17,27,2021-10-22
mn,2021-06-07,27,27,2021-10-22
mn,2021-06-08,29,27,2021-10-22
mn,2021-06-09,19,27,2021-10-22
mn,2021-06-10,25,27,2021-10-22
mn,2021-06-11,19,27,2021-10-22
mn,2021-06-12,11,27,2021-10-22
mn,2021-06-13,7,27,2021-10-22
mn,2021-06-14,19,27,2021-10-22
mn,2021-06-15,24,27,2021-10-22
mn,2021-06-16,10,27,2021-10-22
mn,2021-06-17,17,27,2021-10-22
mn,2021-06-18,20,27,2021-10-22
mn,2021-06-19,5,27,2021-10-22
mn,2021-06-20,10,27,2021-10-22
mn,2021-06-21,17,27,2021-10-22
mn,2021-06-22,21,27,2021-10-22
mn,2021-06-23,16,27,2021-10-22
mn,2021-06-24,12,27,2021-10-22
mn,2021-06-25,16,27,2021-10-22
mn,2021-06-26,6,27,2021-10-22
mn,2021-06-27,13,27,2021-10-22
mn,2021-06-28,9,27,2021-10-22
mn,2021-06-29,16,27,2021-10-22
mn,2021-06-30,18,27,2021-10-22
mn,2021-07-01,13,27,2021-10-22
mn,2021-07-02,16,27,2021-10-22
mn,2021-07-03,12,27,2021-10-22
mn,2021-07-04,17,27,2021-10-22
mn,2021-07-05,9,27,2021-10-22
mn,2021-07-06,10,27,2021-10-22
mn,2021-07-07,20,27,2021-10-22
mn,2021-07-08,14,27,2021-10-22
mn,2021-07-09,23,27,2021-10-22
mn,2021-07-10,11,27,2021-10-22
mn,2021-07-11,19,27,2021-10-22
mn,2021-07-12,17,27,2021-10-22
mn,2021-07-13,12,27,2021-10-22
mn,2021-07-14,19,27,2021-10-22
mn,2021-07-15,21,27,2021-10-22
mn,2021-07-16,17,27,2021-10-22
mn,2021-07-17,15,27,2021-10-22
mn,2021-07-18,13,27,2021-10-22
mn,2021-07-19,16,27,2021-10-22
mn,2021-07-20,18,27,2021-10-22
mn,2021-07-21,30,27,2021-10-22
mn,2021-07-22,35,27,2021-10-22
mn,2021-07-23,34,27,2021-10-22
mn,2021-07-24,37,27,2021-10-22
mn,2021-07-25,23,27,2021-10-22
mn,2021-07-26,42,27,2021-10-22
mn,2021-07-27,28,27,2021-10-22
mn,2021-07-28,42,27,2021-10-22
mn,2021-07-29,35,27,2021-10-22
mn,2021-07-30,34,27,2021-10-22
mn,2021-07-31,32,27,2021-10-22
mn,2021-08-01,22,27,2021-10-22
mn,2021-08-02,45,27,2021-10-22
mn,2021-08-03,36,27,2021-10-22
mn,2021-08-04,33,27,2021-10-22
mn,2021-08-05,43,27,2021-10-22
mn,2021-08-06,42,27,2021-10-22
mn,2021-08-07,43,27,2021-10-22
mn,2021-08-08,42,27,2021-10-22
mn,2021-08-09,58,27,2021-10-22
mn,2021-08-10,68,27,2021-10-22
mn,2021-08-11,53,27,2021-10-22
mn,2021-08-12,58,27,2021-10-22
mn,2021-08-13,62,27,2021-10-22
mn,2021-08-14,52,27,2021-10-22
mn,2021-08-15,59,27,2021-10-22
mn,2021-08-16,70,27,2021-10-22
mn,2021-08-17,76,27,2021-10-22
mn,2021-08-18,73,27,2021-10-22
mn,2021-08-19,85,27,2021-10-22
mn,2021-08-20,65,27,2021-10-22
mn,2021-08-21,54,27,2021-10-22
mn,2021-08-22,75,27,2021-10-22
mn,2021-08-23,89,27,2021-10-22
mn,2021-08-24,77,27,2021-10-22
mn,2021-08-25,70,27,2021-10-22
mn,2021-08-26,71,27,2021-10-22
mn,2021-08-27,60,27,2021-10-22
mn,2021-08-28,66,27,2021-10-22
mn,2021-08-29,64,27,2021-10-22
mn,2021-08-30,93,27,2021-10-22
mn,2021-08-31,74,27,2021-10-22
mn,2021-09-01,82,27,2021-10-22
mn,2021-09-02,70,27,2021-10-22
mn,2021-09-03,73,27,2021-10-22
mn,2021-09-04,68,27,2021-10-22
mn,2021-09-05,74,27,2021-10-22
mn,2021-09-06,73,27,2021-10-22
mn,2021-09-07,90,27,2021-10-22
mn,2021-09-08,86,27,2021-10-22
mn,2021-09-09,93,27,2021-10-22
mn,2021-09-10,62,27,2021-10-22
mn,2021-09-11,77,27,2021-10-22
mn,2021-09-12,95,27,2021-10-22
mn,2021-09-13,84,27,2021-10-22
mn,2021-09-14,90,27,2021-10-22
mn,2021-09-15,88,27,2021-10-22
mn,2021-09-16,114,27,2021-10-22
mn,2021-09-17,98,27,2021-10-22
mn,2021-09-18,90,27,2021-10-22
mn,2021-09-19,86,27,2021-10-22
mn,2021-09-20,100,27,2021-10-22
mn,2021-09-21,96,27,2021-10-22
mn,2021-09-22,107,27,2021-10-22
mn,2021-09-23,101,27,2021-10-22
mn,2021-09-24,102,27,2021-10-22
mn,2021-09-25,87,27,2021-10-22
mn,2021-09-26,89,27,2021-10-22
mn,2021-09-27,122,27,2021-10-22
mn,2021-09-28,98,27,2021-10-22
mn,2021-09-29,111,27,2021-10-22
mn,2021-09-30,109,27,2021-10-22
mn,2021-10-01,110,27,2021-10-22
mn,2021-10-02,99,27,2021-10-22
mn,2021-10-03,116,27,2021-10-22
mn,2021-10-04,129,27,2021-10-22
mn,2021-10-05,99,27,2021-10-22
mn,2021-10-06,129,27,2021-10-22
mn,2021-10-07,139,27,2021-10-22
mn,2021-10-08,123,27,2021-10-22
mn,2021-10-09,90,27,2021-10-22
mn,2021-10-10,108,27,2021-10-22
mn,2021-10-11,149,27,2021-10-22
mn,2021-10-12,126,27,2021-10-22
mn,2021-10-13,109,27,2021-10-22
mn,2021-10-14,132,27,2021-10-22
mn,2021-10-15,110,27,2021-10-22
mn,2021-10-16,99,27,2021-10-22
mn,2021-10-17,89,27,2021-10-22
mn,2021-10-18,105,27,2021-10-22
mn,2021-10-19,115,27,2021-10-22
mn,2021-10-20,105,27,2021-10-22
mn,2021-10-21,105,27,2021-10-22
ms,2020-02-17,NA,28,2021-10-22
ms,2020-02-18,NA,28,2021-10-22
ms,2020-02-19,NA,28,2021-10-22
ms,2020-02-20,NA,28,2021-10-22
ms,2020-02-21,NA,28,2021-10-22
ms,2020-02-22,NA,28,2021-10-22
ms,2020-02-23,NA,28,2021-10-22
ms,2020-02-24,NA,28,2021-10-22
ms,2020-02-25,NA,28,2021-10-22
ms,2020-02-26,NA,28,2021-10-22
ms,2020-02-27,NA,28,2021-10-22
ms,2020-02-29,NA,28,2021-10-22
ms,2020-03-01,NA,28,2021-10-22
ms,2020-03-02,NA,28,2021-10-22
ms,2020-03-03,NA,28,2021-10-22
ms,2020-03-04,NA,28,2021-10-22
ms,2020-03-05,NA,28,2021-10-22
ms,2020-03-06,NA,28,2021-10-22
ms,2020-03-07,NA,28,2021-10-22
ms,2020-03-08,NA,28,2021-10-22
ms,2020-03-09,NA,28,2021-10-22
ms,2020-03-10,NA,28,2021-10-22
ms,2020-03-11,NA,28,2021-10-22
ms,2020-03-12,NA,28,2021-10-22
ms,2020-03-13,NA,28,2021-10-22
ms,2020-03-14,NA,28,2021-10-22
ms,2020-03-15,NA,28,2021-10-22
ms,2020-03-16,NA,28,2021-10-22
ms,2020-03-17,NA,28,2021-10-22
ms,2020-03-18,NA,28,2021-10-22
ms,2020-03-19,NA,28,2021-10-22
ms,2020-03-20,NA,28,2021-10-22
ms,2020-03-21,NA,28,2021-10-22
ms,2020-03-22,NA,28,2021-10-22
ms,2020-03-23,NA,28,2021-10-22
ms,2020-03-24,NA,28,2021-10-22
ms,2020-03-25,NA,28,2021-10-22
ms,2020-03-26,NA,28,2021-10-22
ms,2020-03-27,NA,28,2021-10-22
ms,2020-03-28,NA,28,2021-10-22
ms,2020-03-29,NA,28,2021-10-22
ms,2020-03-30,NA,28,2021-10-22
ms,2020-03-31,NA,28,2021-10-22
ms,2020-04-01,NA,28,2021-10-22
ms,2020-04-02,NA,28,2021-10-22
ms,2020-04-03,NA,28,2021-10-22
ms,2020-04-04,NA,28,2021-10-22
ms,2020-04-05,NA,28,2021-10-22
ms,2020-04-06,NA,28,2021-10-22
ms,2020-04-07,NA,28,2021-10-22
ms,2020-04-08,NA,28,2021-10-22
ms,2020-04-09,NA,28,2021-10-22
ms,2020-04-10,NA,28,2021-10-22
ms,2020-04-11,NA,28,2021-10-22
ms,2020-04-12,NA,28,2021-10-22
ms,2020-04-13,NA,28,2021-10-22
ms,2020-04-14,NA,28,2021-10-22
ms,2020-04-15,NA,28,2021-10-22
ms,2020-04-16,NA,28,2021-10-22
ms,2020-04-17,NA,28,2021-10-22
ms,2020-04-18,NA,28,2021-10-22
ms,2020-04-19,NA,28,2021-10-22
ms,2020-04-20,NA,28,2021-10-22
ms,2020-04-21,NA,28,2021-10-22
ms,2020-04-22,NA,28,2021-10-22
ms,2020-04-23,NA,28,2021-10-22
ms,2020-04-24,NA,28,2021-10-22
ms,2020-04-25,NA,28,2021-10-22
ms,2020-04-26,NA,28,2021-10-22
ms,2020-04-27,NA,28,2021-10-22
ms,2020-04-28,NA,28,2021-10-22
ms,2020-04-29,NA,28,2021-10-22
ms,2020-04-30,NA,28,2021-10-22
ms,2020-05-01,NA,28,2021-10-22
ms,2020-05-02,NA,28,2021-10-22
ms,2020-05-03,NA,28,2021-10-22
ms,2020-05-04,NA,28,2021-10-22
ms,2020-05-05,NA,28,2021-10-22
ms,2020-05-06,NA,28,2021-10-22
ms,2020-05-07,NA,28,2021-10-22
ms,2020-05-08,NA,28,2021-10-22
ms,2020-05-09,NA,28,2021-10-22
ms,2020-05-10,NA,28,2021-10-22
ms,2020-05-11,NA,28,2021-10-22
ms,2020-05-12,NA,28,2021-10-22
ms,2020-05-13,NA,28,2021-10-22
ms,2020-05-14,NA,28,2021-10-22
ms,2020-05-15,NA,28,2021-10-22
ms,2020-05-16,NA,28,2021-10-22
ms,2020-05-17,0,28,2021-10-22
ms,2020-05-18,NA,28,2021-10-22
ms,2020-05-19,NA,28,2021-10-22
ms,2020-05-20,0,28,2021-10-22
ms,2020-05-21,0,28,2021-10-22
ms,2020-05-22,NA,28,2021-10-22
ms,2020-05-23,NA,28,2021-10-22
ms,2020-05-24,0,28,2021-10-22
ms,2020-05-25,NA,28,2021-10-22
ms,2020-05-26,NA,28,2021-10-22
ms,2020-05-27,NA,28,2021-10-22
ms,2020-05-28,NA,28,2021-10-22
ms,2020-05-29,NA,28,2021-10-22
ms,2020-05-30,NA,28,2021-10-22
ms,2020-05-31,NA,28,2021-10-22
ms,2020-06-01,NA,28,2021-10-22
ms,2020-06-02,NA,28,2021-10-22
ms,2020-06-03,NA,28,2021-10-22
ms,2020-06-04,NA,28,2021-10-22
ms,2020-06-05,NA,28,2021-10-22
ms,2020-06-06,NA,28,2021-10-22
ms,2020-06-07,0,28,2021-10-22
ms,2020-06-08,0,28,2021-10-22
ms,2020-06-09,0,28,2021-10-22
ms,2020-06-10,0,28,2021-10-22
ms,2020-06-11,0,28,2021-10-22
ms,2020-06-12,0,28,2021-10-22
ms,2020-06-13,0,28,2021-10-22
ms,2020-06-14,0,28,2021-10-22
ms,2020-06-15,0,28,2021-10-22
ms,2020-06-16,0,28,2021-10-22
ms,2020-06-17,NA,28,2021-10-22
ms,2020-06-18,NA,28,2021-10-22
ms,2020-06-19,NA,28,2021-10-22
ms,2020-06-20,NA,28,2021-10-22
ms,2020-06-21,NA,28,2021-10-22
ms,2020-06-22,NA,28,2021-10-22
ms,2020-06-23,NA,28,2021-10-22
ms,2020-06-24,NA,28,2021-10-22
ms,2020-06-25,NA,28,2021-10-22
ms,2020-06-26,NA,28,2021-10-22
ms,2020-06-27,NA,28,2021-10-22
ms,2020-06-28,NA,28,2021-10-22
ms,2020-06-29,NA,28,2021-10-22
ms,2020-06-30,0,28,2021-10-22
ms,2020-07-01,0,28,2021-10-22
ms,2020-07-02,0,28,2021-10-22
ms,2020-07-03,NA,28,2021-10-22
ms,2020-07-04,0,28,2021-10-22
ms,2020-07-05,NA,28,2021-10-22
ms,2020-07-06,0,28,2021-10-22
ms,2020-07-07,0,28,2021-10-22
ms,2020-07-08,NA,28,2021-10-22
ms,2020-07-09,0,28,2021-10-22
ms,2020-07-10,0,28,2021-10-22
ms,2020-07-11,0,28,2021-10-22
ms,2020-07-12,NA,28,2021-10-22
ms,2020-07-13,0,28,2021-10-22
ms,2020-07-14,52,28,2021-10-22
ms,2020-07-15,88,28,2021-10-22
ms,2020-07-16,88,28,2021-10-22
ms,2020-07-17,74,28,2021-10-22
ms,2020-07-18,59,28,2021-10-22
ms,2020-07-19,71,28,2021-10-22
ms,2020-07-20,87,28,2021-10-22
ms,2020-07-21,61,28,2021-10-22
ms,2020-07-22,106,28,2021-10-22
ms,2020-07-23,107,28,2021-10-22
ms,2020-07-24,101,28,2021-10-22
ms,2020-07-25,93,28,2021-10-22
ms,2020-07-26,91,28,2021-10-22
ms,2020-07-27,121,28,2021-10-22
ms,2020-07-28,113,28,2021-10-22
ms,2020-07-29,110,28,2021-10-22
ms,2020-07-30,115,28,2021-10-22
ms,2020-07-31,102,28,2021-10-22
ms,2020-08-01,101,28,2021-10-22
ms,2020-08-02,83,28,2021-10-22
ms,2020-08-03,112,28,2021-10-22
ms,2020-08-04,111,28,2021-10-22
ms,2020-08-05,137,28,2021-10-22
ms,2020-08-06,117,28,2021-10-22
ms,2020-08-07,130,28,2021-10-22
ms,2020-08-08,107,28,2021-10-22
ms,2020-08-09,83,28,2021-10-22
ms,2020-08-10,112,28,2021-10-22
ms,2020-08-11,103,28,2021-10-22
ms,2020-08-12,116,28,2021-10-22
ms,2020-08-13,179,28,2021-10-22
ms,2020-08-14,124,28,2021-10-22
ms,2020-08-15,117,28,2021-10-22
ms,2020-08-16,83,28,2021-10-22
ms,2020-08-17,109,28,2021-10-22
ms,2020-08-18,82,28,2021-10-22
ms,2020-08-19,95,28,2021-10-22
ms,2020-08-20,77,28,2021-10-22
ms,2020-08-21,79,28,2021-10-22
ms,2020-08-22,76,28,2021-10-22
ms,2020-08-23,82,28,2021-10-22
ms,2020-08-24,94,28,2021-10-22
ms,2020-08-25,93,28,2021-10-22
ms,2020-08-26,78,28,2021-10-22
ms,2020-08-27,85,28,2021-10-22
ms,2020-08-28,115,28,2021-10-22
ms,2020-08-29,79,28,2021-10-22
ms,2020-08-30,81,28,2021-10-22
ms,2020-08-31,101,28,2021-10-22
ms,2020-09-01,90,28,2021-10-22
ms,2020-09-02,77,28,2021-10-22
ms,2020-09-03,78,28,2021-10-22
ms,2020-09-04,79,28,2021-10-22
ms,2020-09-05,67,28,2021-10-22
ms,2020-09-06,72,28,2021-10-22
ms,2020-09-07,74,28,2021-10-22
ms,2020-09-08,74,28,2021-10-22
ms,2020-09-09,101,28,2021-10-22
ms,2020-09-10,70,28,2021-10-22
ms,2020-09-11,64,28,2021-10-22
ms,2020-09-12,62,28,2021-10-22
ms,2020-09-13,59,28,2021-10-22
ms,2020-09-14,66,28,2021-10-22
ms,2020-09-15,65,28,2021-10-22
ms,2020-09-16,72,28,2021-10-22
ms,2020-09-17,70,28,2021-10-22
ms,2020-09-18,82,28,2021-10-22
ms,2020-09-19,45,28,2021-10-22
ms,2020-09-20,50,28,2021-10-22
ms,2020-09-21,88,28,2021-10-22
ms,2020-09-22,63,28,2021-10-22
ms,2020-09-23,61,28,2021-10-22
ms,2020-09-24,68,28,2021-10-22
ms,2020-09-25,64,28,2021-10-22
ms,2020-09-26,55,28,2021-10-22
ms,2020-09-27,62,28,2021-10-22
ms,2020-09-28,59,28,2021-10-22
ms,2020-09-29,51,28,2021-10-22
ms,2020-09-30,57,28,2021-10-22
ms,2020-10-01,64,28,2021-10-22
ms,2020-10-02,67,28,2021-10-22
ms,2020-10-03,72,28,2021-10-22
ms,2020-10-04,72,28,2021-10-22
ms,2020-10-05,108,28,2021-10-22
ms,2020-10-06,103,28,2021-10-22
ms,2020-10-07,83,28,2021-10-22
ms,2020-10-08,100,28,2021-10-22
ms,2020-10-09,79,28,2021-10-22
ms,2020-10-10,74,28,2021-10-22
ms,2020-10-11,73,28,2021-10-22
ms,2020-10-12,86,28,2021-10-22
ms,2020-10-13,77,28,2021-10-22
ms,2020-10-14,83,28,2021-10-22
ms,2020-10-15,108,28,2021-10-22
ms,2020-10-16,96,28,2021-10-22
ms,2020-10-17,79,28,2021-10-22
ms,2020-10-18,83,28,2021-10-22
ms,2020-10-19,122,28,2021-10-22
ms,2020-10-20,95,28,2021-10-22
ms,2020-10-21,78,28,2021-10-22
ms,2020-10-22,82,28,2021-10-22
ms,2020-10-23,80,28,2021-10-22
ms,2020-10-24,73,28,2021-10-22
ms,2020-10-25,51,28,2021-10-22
ms,2020-10-26,76,28,2021-10-22
ms,2020-10-27,95,28,2021-10-22
ms,2020-10-28,79,28,2021-10-22
ms,2020-10-29,66,28,2021-10-22
ms,2020-10-30,70,28,2021-10-22
ms,2020-10-31,60,28,2021-10-22
ms,2020-11-01,70,28,2021-10-22
ms,2020-11-02,76,28,2021-10-22
ms,2020-11-03,78,28,2021-10-22
ms,2020-11-04,78,28,2021-10-22
ms,2020-11-05,62,28,2021-10-22
ms,2020-11-06,84,28,2021-10-22
ms,2020-11-07,92,28,2021-10-22
ms,2020-11-08,68,28,2021-10-22
ms,2020-11-09,106,28,2021-10-22
ms,2020-11-10,110,28,2021-10-22
ms,2020-11-11,84,28,2021-10-22
ms,2020-11-12,74,28,2021-10-22
ms,2020-11-13,85,28,2021-10-22
ms,2020-11-14,89,28,2021-10-22
ms,2020-11-15,108,28,2021-10-22
ms,2020-11-16,125,28,2021-10-22
ms,2020-11-17,99,28,2021-10-22
ms,2020-11-18,130,28,2021-10-22
ms,2020-11-19,146,28,2021-10-22
ms,2020-11-20,130,28,2021-10-22
ms,2020-11-21,116,28,2021-10-22
ms,2020-11-22,104,28,2021-10-22
ms,2020-11-23,147,28,2021-10-22
ms,2020-11-24,133,28,2021-10-22
ms,2020-11-25,132,28,2021-10-22
ms,2020-11-26,120,28,2021-10-22
ms,2020-11-27,133,28,2021-10-22
ms,2020-11-28,111,28,2021-10-22
ms,2020-11-29,140,28,2021-10-22
ms,2020-11-30,127,28,2021-10-22
ms,2020-12-01,151,28,2021-10-22
ms,2020-12-02,153,28,2021-10-22
ms,2020-12-03,152,28,2021-10-22
ms,2020-12-04,121,28,2021-10-22
ms,2020-12-05,133,28,2021-10-22
ms,2020-12-06,122,28,2021-10-22
ms,2020-12-07,133,28,2021-10-22
ms,2020-12-08,156,28,2021-10-22
ms,2020-12-09,166,28,2021-10-22
ms,2020-12-10,174,28,2021-10-22
ms,2020-12-11,161,28,2021-10-22
ms,2020-12-12,130,28,2021-10-22
ms,2020-12-13,124,28,2021-10-22
ms,2020-12-14,167,28,2021-10-22
ms,2020-12-15,157,28,2021-10-22
ms,2020-12-16,169,28,2021-10-22
ms,2020-12-17,137,28,2021-10-22
ms,2020-12-18,168,28,2021-10-22
ms,2020-12-19,168,28,2021-10-22
ms,2020-12-20,149,28,2021-10-22
ms,2020-12-21,194,28,2021-10-22
ms,2020-12-22,190,28,2021-10-22
ms,2020-12-23,197,28,2021-10-22
ms,2020-12-24,129,28,2021-10-22
ms,2020-12-25,125,28,2021-10-22
ms,2020-12-26,144,28,2021-10-22
ms,2020-12-27,143,28,2021-10-22
ms,2020-12-28,198,28,2021-10-22
ms,2020-12-29,177,28,2021-10-22
ms,2020-12-30,164,28,2021-10-22
ms,2020-12-31,182,28,2021-10-22
ms,2021-01-01,156,28,2021-10-22
ms,2021-01-02,152,28,2021-10-22
ms,2021-01-03,157,28,2021-10-22
ms,2021-01-04,191,28,2021-10-22
ms,2021-01-05,186,28,2021-10-22
ms,2021-01-06,186,28,2021-10-22
ms,2021-01-07,127,28,2021-10-22
ms,2021-01-08,146,28,2021-10-22
ms,2021-01-09,140,28,2021-10-22
ms,2021-01-10,123,28,2021-10-22
ms,2021-01-11,152,28,2021-10-22
ms,2021-01-12,126,28,2021-10-22
ms,2021-01-13,128,28,2021-10-22
ms,2021-01-14,133,28,2021-10-22
ms,2021-01-15,131,28,2021-10-22
ms,2021-01-16,113,28,2021-10-22
ms,2021-01-17,101,28,2021-10-22
ms,2021-01-18,117,28,2021-10-22
ms,2021-01-19,129,28,2021-10-22
ms,2021-01-20,104,28,2021-10-22
ms,2021-01-21,113,28,2021-10-22
ms,2021-01-22,101,28,2021-10-22
ms,2021-01-23,78,28,2021-10-22
ms,2021-01-24,79,28,2021-10-22
ms,2021-01-25,114,28,2021-10-22
ms,2021-01-26,110,28,2021-10-22
ms,2021-01-27,90,28,2021-10-22
ms,2021-01-28,79,28,2021-10-22
ms,2021-01-29,86,28,2021-10-22
ms,2021-01-30,75,28,2021-10-22
ms,2021-01-31,75,28,2021-10-22
ms,2021-02-01,97,28,2021-10-22
ms,2021-02-02,74,28,2021-10-22
ms,2021-02-03,65,28,2021-10-22
ms,2021-02-04,76,28,2021-10-22
ms,2021-02-05,66,28,2021-10-22
ms,2021-02-06,51,28,2021-10-22
ms,2021-02-07,48,28,2021-10-22
ms,2021-02-08,68,28,2021-10-22
ms,2021-02-09,71,28,2021-10-22
ms,2021-02-10,49,28,2021-10-22
ms,2021-02-11,58,28,2021-10-22
ms,2021-02-12,48,28,2021-10-22
ms,2021-02-13,43,28,2021-10-22
ms,2021-02-14,31,28,2021-10-22
ms,2021-02-15,37,28,2021-10-22
ms,2021-02-16,40,28,2021-10-22
ms,2021-02-17,42,28,2021-10-22
ms,2021-02-18,43,28,2021-10-22
ms,2021-02-19,44,28,2021-10-22
ms,2021-02-20,49,28,2021-10-22
ms,2021-02-21,48,28,2021-10-22
ms,2021-02-22,53,28,2021-10-22
ms,2021-02-23,48,28,2021-10-22
ms,2021-02-24,41,28,2021-10-22
ms,2021-02-25,50,28,2021-10-22
ms,2021-02-26,41,28,2021-10-22
ms,2021-02-27,35,28,2021-10-22
ms,2021-02-28,33,28,2021-10-22
ms,2021-03-01,37,28,2021-10-22
ms,2021-03-02,36,28,2021-10-22
ms,2021-03-03,36,28,2021-10-22
ms,2021-03-04,39,28,2021-10-22
ms,2021-03-05,38,28,2021-10-22
ms,2021-03-06,34,28,2021-10-22
ms,2021-03-07,21,28,2021-10-22
ms,2021-03-08,34,28,2021-10-22
ms,2021-03-09,31,28,2021-10-22
ms,2021-03-10,39,28,2021-10-22
ms,2021-03-11,31,28,2021-10-22
ms,2021-03-12,36,28,2021-10-22
ms,2021-03-13,20,28,2021-10-22
ms,2021-03-14,21,28,2021-10-22
ms,2021-03-15,39,28,2021-10-22
ms,2021-03-16,21,28,2021-10-22
ms,2021-03-17,22,28,2021-10-22
ms,2021-03-18,35,28,2021-10-22
ms,2021-03-19,26,28,2021-10-22
ms,2021-03-20,16,28,2021-10-22
ms,2021-03-21,26,28,2021-10-22
ms,2021-03-22,30,28,2021-10-22
ms,2021-03-23,18,28,2021-10-22
ms,2021-03-24,21,28,2021-10-22
ms,2021-03-25,19,28,2021-10-22
ms,2021-03-26,18,28,2021-10-22
ms,2021-03-27,17,28,2021-10-22
ms,2021-03-28,11,28,2021-10-22
ms,2021-03-29,27,28,2021-10-22
ms,2021-03-30,22,28,2021-10-22
ms,2021-03-31,22,28,2021-10-22
ms,2021-04-01,15,28,2021-10-22
ms,2021-04-02,12,28,2021-10-22
ms,2021-04-03,12,28,2021-10-22
ms,2021-04-04,17,28,2021-10-22
ms,2021-04-05,21,28,2021-10-22
ms,2021-04-06,16,28,2021-10-22
ms,2021-04-07,13,28,2021-10-22
ms,2021-04-08,22,28,2021-10-22
ms,2021-04-09,21,28,2021-10-22
ms,2021-04-10,19,28,2021-10-22
ms,2021-04-11,13,28,2021-10-22
ms,2021-04-12,25,28,2021-10-22
ms,2021-04-13,17,28,2021-10-22
ms,2021-04-14,16,28,2021-10-22
ms,2021-04-15,21,28,2021-10-22
ms,2021-04-16,23,28,2021-10-22
ms,2021-04-17,17,28,2021-10-22
ms,2021-04-18,24,28,2021-10-22
ms,2021-04-19,30,28,2021-10-22
ms,2021-04-20,43,28,2021-10-22
ms,2021-04-21,12,28,2021-10-22
ms,2021-04-22,17,28,2021-10-22
ms,2021-04-23,26,28,2021-10-22
ms,2021-04-24,26,28,2021-10-22
ms,2021-04-25,16,28,2021-10-22
ms,2021-04-26,27,28,2021-10-22
ms,2021-04-27,36,28,2021-10-22
ms,2021-04-28,29,28,2021-10-22
ms,2021-04-29,33,28,2021-10-22
ms,2021-04-30,26,28,2021-10-22
ms,2021-05-01,24,28,2021-10-22
ms,2021-05-02,28,28,2021-10-22
ms,2021-05-03,34,28,2021-10-22
ms,2021-05-04,32,28,2021-10-22
ms,2021-05-05,24,28,2021-10-22
ms,2021-05-06,19,28,2021-10-22
ms,2021-05-07,24,28,2021-10-22
ms,2021-05-08,23,28,2021-10-22
ms,2021-05-09,24,28,2021-10-22
ms,2021-05-10,30,28,2021-10-22
ms,2021-05-11,17,28,2021-10-22
ms,2021-05-12,26,28,2021-10-22
ms,2021-05-13,25,28,2021-10-22
ms,2021-05-14,24,28,2021-10-22
ms,2021-05-15,19,28,2021-10-22
ms,2021-05-16,22,28,2021-10-22
ms,2021-05-17,30,28,2021-10-22
ms,2021-05-18,27,28,2021-10-22
ms,2021-05-19,33,28,2021-10-22
ms,2021-05-20,29,28,2021-10-22
ms,2021-05-21,23,28,2021-10-22
ms,2021-05-22,28,28,2021-10-22
ms,2021-05-23,20,28,2021-10-22
ms,2021-05-24,29,28,2021-10-22
ms,2021-05-25,21,28,2021-10-22
ms,2021-05-26,23,28,2021-10-22
ms,2021-05-27,32,28,2021-10-22
ms,2021-05-28,24,28,2021-10-22
ms,2021-05-29,29,28,2021-10-22
ms,2021-05-30,31,28,2021-10-22
ms,2021-05-31,32,28,2021-10-22
ms,2021-06-01,34,28,2021-10-22
ms,2021-06-02,28,28,2021-10-22
ms,2021-06-03,35,28,2021-10-22
ms,2021-06-04,30,28,2021-10-22
ms,2021-06-05,30,28,2021-10-22
ms,2021-06-06,33,28,2021-10-22
ms,2021-06-07,48,28,2021-10-22
ms,2021-06-08,34,28,2021-10-22
ms,2021-06-09,29,28,2021-10-22
ms,2021-06-10,35,28,2021-10-22
ms,2021-06-11,33,28,2021-10-22
ms,2021-06-12,29,28,2021-10-22
ms,2021-06-13,33,28,2021-10-22
ms,2021-06-14,31,28,2021-10-22
ms,2021-06-15,32,28,2021-10-22
ms,2021-06-16,32,28,2021-10-22
ms,2021-06-17,33,28,2021-10-22
ms,2021-06-18,33,28,2021-10-22
ms,2021-06-19,28,28,2021-10-22
ms,2021-06-20,36,28,2021-10-22
ms,2021-06-21,36,28,2021-10-22
ms,2021-06-22,29,28,2021-10-22
ms,2021-06-23,31,28,2021-10-22
ms,2021-06-24,34,28,2021-10-22
ms,2021-06-25,36,28,2021-10-22
ms,2021-06-26,33,28,2021-10-22
ms,2021-06-27,28,28,2021-10-22
ms,2021-06-28,23,28,2021-10-22
ms,2021-06-29,36,28,2021-10-22
ms,2021-06-30,37,28,2021-10-22
ms,2021-07-01,31,28,2021-10-22
ms,2021-07-02,21,28,2021-10-22
ms,2021-07-03,33,28,2021-10-22
ms,2021-07-04,26,28,2021-10-22
ms,2021-07-05,37,28,2021-10-22
ms,2021-07-06,36,28,2021-10-22
ms,2021-07-07,36,28,2021-10-22
ms,2021-07-08,48,28,2021-10-22
ms,2021-07-09,47,28,2021-10-22
ms,2021-07-10,43,28,2021-10-22
ms,2021-07-11,42,28,2021-10-22
ms,2021-07-12,43,28,2021-10-22
ms,2021-07-13,50,28,2021-10-22
ms,2021-07-14,58,28,2021-10-22
ms,2021-07-15,57,28,2021-10-22
ms,2021-07-16,67,28,2021-10-22
ms,2021-07-17,58,28,2021-10-22
ms,2021-07-18,63,28,2021-10-22
ms,2021-07-19,76,28,2021-10-22
ms,2021-07-20,62,28,2021-10-22
ms,2021-07-21,95,28,2021-10-22
ms,2021-07-22,77,28,2021-10-22
ms,2021-07-23,79,28,2021-10-22
ms,2021-07-24,73,28,2021-10-22
ms,2021-07-25,81,28,2021-10-22
ms,2021-07-26,126,28,2021-10-22
ms,2021-07-27,117,28,2021-10-22
ms,2021-07-28,118,28,2021-10-22
ms,2021-07-29,120,28,2021-10-22
ms,2021-07-30,124,28,2021-10-22
ms,2021-07-31,137,28,2021-10-22
ms,2021-08-01,139,28,2021-10-22
ms,2021-08-02,157,28,2021-10-22
ms,2021-08-03,167,28,2021-10-22
ms,2021-08-04,183,28,2021-10-22
ms,2021-08-05,174,28,2021-10-22
ms,2021-08-06,154,28,2021-10-22
ms,2021-08-07,166,28,2021-10-22
ms,2021-08-08,155,28,2021-10-22
ms,2021-08-09,221,28,2021-10-22
ms,2021-08-10,193,28,2021-10-22
ms,2021-08-11,225,28,2021-10-22
ms,2021-08-12,195,28,2021-10-22
ms,2021-08-13,206,28,2021-10-22
ms,2021-08-14,156,28,2021-10-22
ms,2021-08-15,168,28,2021-10-22
ms,2021-08-16,208,28,2021-10-22
ms,2021-08-17,201,28,2021-10-22
ms,2021-08-18,208,28,2021-10-22
ms,2021-08-19,183,28,2021-10-22
ms,2021-08-20,170,28,2021-10-22
ms,2021-08-21,158,28,2021-10-22
ms,2021-08-22,161,28,2021-10-22
ms,2021-08-23,180,28,2021-10-22
ms,2021-08-24,166,28,2021-10-22
ms,2021-08-25,170,28,2021-10-22
ms,2021-08-26,143,28,2021-10-22
ms,2021-08-27,170,28,2021-10-22
ms,2021-08-28,142,28,2021-10-22
ms,2021-08-29,132,28,2021-10-22
ms,2021-08-30,159,28,2021-10-22
ms,2021-08-31,161,28,2021-10-22
ms,2021-09-01,170,28,2021-10-22
ms,2021-09-02,130,28,2021-10-22
ms,2021-09-03,127,28,2021-10-22
ms,2021-09-04,112,28,2021-10-22
ms,2021-09-05,113,28,2021-10-22
ms,2021-09-06,123,28,2021-10-22
ms,2021-09-07,128,28,2021-10-22
ms,2021-09-08,122,28,2021-10-22
ms,2021-09-09,104,28,2021-10-22
ms,2021-09-10,99,28,2021-10-22
ms,2021-09-11,80,28,2021-10-22
ms,2021-09-12,70,28,2021-10-22
ms,2021-09-13,98,28,2021-10-22
ms,2021-09-14,74,28,2021-10-22
ms,2021-09-15,84,28,2021-10-22
ms,2021-09-16,68,28,2021-10-22
ms,2021-09-17,72,28,2021-10-22
ms,2021-09-18,64,28,2021-10-22
ms,2021-09-19,74,28,2021-10-22
ms,2021-09-20,74,28,2021-10-22
ms,2021-09-21,76,28,2021-10-22
ms,2021-09-22,61,28,2021-10-22
ms,2021-09-23,75,28,2021-10-22
ms,2021-09-24,52,28,2021-10-22
ms,2021-09-25,41,28,2021-10-22
ms,2021-09-26,49,28,2021-10-22
ms,2021-09-27,55,28,2021-10-22
ms,2021-09-28,55,28,2021-10-22
ms,2021-09-29,43,28,2021-10-22
ms,2021-09-30,35,28,2021-10-22
ms,2021-10-01,43,28,2021-10-22
ms,2021-10-02,41,28,2021-10-22
ms,2021-10-03,42,28,2021-10-22
ms,2021-10-04,46,28,2021-10-22
ms,2021-10-05,42,28,2021-10-22
ms,2021-10-06,35,28,2021-10-22
ms,2021-10-07,30,28,2021-10-22
ms,2021-10-08,32,28,2021-10-22
ms,2021-10-09,29,28,2021-10-22
ms,2021-10-10,15,28,2021-10-22
ms,2021-10-11,36,28,2021-10-22
ms,2021-10-12,37,28,2021-10-22
ms,2021-10-13,27,28,2021-10-22
ms,2021-10-14,21,28,2021-10-22
ms,2021-10-15,32,28,2021-10-22
ms,2021-10-16,15,28,2021-10-22
ms,2021-10-17,27,28,2021-10-22
ms,2021-10-18,27,28,2021-10-22
ms,2021-10-19,41,28,2021-10-22
ms,2021-10-20,31,28,2021-10-22
ms,2021-10-21,31,28,2021-10-22
mo,2020-02-22,NA,29,2021-10-22
mo,2020-02-23,NA,29,2021-10-22
mo,2020-02-24,NA,29,2021-10-22
mo,2020-02-25,NA,29,2021-10-22
mo,2020-02-26,NA,29,2021-10-22
mo,2020-02-27,NA,29,2021-10-22
mo,2020-02-28,NA,29,2021-10-22
mo,2020-02-29,NA,29,2021-10-22
mo,2020-03-01,NA,29,2021-10-22
mo,2020-03-02,NA,29,2021-10-22
mo,2020-03-03,NA,29,2021-10-22
mo,2020-03-04,NA,29,2021-10-22
mo,2020-03-05,NA,29,2021-10-22
mo,2020-03-06,NA,29,2021-10-22
mo,2020-03-07,NA,29,2021-10-22
mo,2020-03-08,NA,29,2021-10-22
mo,2020-03-09,NA,29,2021-10-22
mo,2020-03-10,NA,29,2021-10-22
mo,2020-03-11,NA,29,2021-10-22
mo,2020-03-12,NA,29,2021-10-22
mo,2020-03-13,NA,29,2021-10-22
mo,2020-03-14,NA,29,2021-10-22
mo,2020-03-15,NA,29,2021-10-22
mo,2020-03-16,NA,29,2021-10-22
mo,2020-03-17,NA,29,2021-10-22
mo,2020-03-18,NA,29,2021-10-22
mo,2020-03-19,NA,29,2021-10-22
mo,2020-03-20,NA,29,2021-10-22
mo,2020-03-21,NA,29,2021-10-22
mo,2020-03-22,NA,29,2021-10-22
mo,2020-03-23,NA,29,2021-10-22
mo,2020-03-24,NA,29,2021-10-22
mo,2020-03-25,NA,29,2021-10-22
mo,2020-03-26,NA,29,2021-10-22
mo,2020-03-27,NA,29,2021-10-22
mo,2020-03-28,NA,29,2021-10-22
mo,2020-03-29,NA,29,2021-10-22
mo,2020-03-30,NA,29,2021-10-22
mo,2020-03-31,NA,29,2021-10-22
mo,2020-04-01,NA,29,2021-10-22
mo,2020-04-02,NA,29,2021-10-22
mo,2020-04-03,NA,29,2021-10-22
mo,2020-04-04,NA,29,2021-10-22
mo,2020-04-05,NA,29,2021-10-22
mo,2020-04-06,NA,29,2021-10-22
mo,2020-04-07,NA,29,2021-10-22
mo,2020-04-08,NA,29,2021-10-22
mo,2020-04-09,NA,29,2021-10-22
mo,2020-04-10,NA,29,2021-10-22
mo,2020-04-11,NA,29,2021-10-22
mo,2020-04-12,NA,29,2021-10-22
mo,2020-04-13,NA,29,2021-10-22
mo,2020-04-14,NA,29,2021-10-22
mo,2020-04-15,NA,29,2021-10-22
mo,2020-04-16,NA,29,2021-10-22
mo,2020-04-17,NA,29,2021-10-22
mo,2020-04-18,NA,29,2021-10-22
mo,2020-04-19,NA,29,2021-10-22
mo,2020-04-20,NA,29,2021-10-22
mo,2020-04-21,NA,29,2021-10-22
mo,2020-04-22,NA,29,2021-10-22
mo,2020-04-23,NA,29,2021-10-22
mo,2020-04-24,NA,29,2021-10-22
mo,2020-04-25,NA,29,2021-10-22
mo,2020-04-26,NA,29,2021-10-22
mo,2020-04-27,NA,29,2021-10-22
mo,2020-04-28,NA,29,2021-10-22
mo,2020-04-29,NA,29,2021-10-22
mo,2020-04-30,NA,29,2021-10-22
mo,2020-05-01,NA,29,2021-10-22
mo,2020-05-02,NA,29,2021-10-22
mo,2020-05-03,NA,29,2021-10-22
mo,2020-05-04,NA,29,2021-10-22
mo,2020-05-05,NA,29,2021-10-22
mo,2020-05-06,NA,29,2021-10-22
mo,2020-05-07,NA,29,2021-10-22
mo,2020-05-08,NA,29,2021-10-22
mo,2020-05-09,NA,29,2021-10-22
mo,2020-05-10,NA,29,2021-10-22
mo,2020-05-11,NA,29,2021-10-22
mo,2020-05-12,NA,29,2021-10-22
mo,2020-05-13,NA,29,2021-10-22
mo,2020-05-14,NA,29,2021-10-22
mo,2020-05-15,NA,29,2021-10-22
mo,2020-05-16,NA,29,2021-10-22
mo,2020-05-17,NA,29,2021-10-22
mo,2020-05-18,NA,29,2021-10-22
mo,2020-05-19,NA,29,2021-10-22
mo,2020-05-20,NA,29,2021-10-22
mo,2020-05-21,NA,29,2021-10-22
mo,2020-05-22,NA,29,2021-10-22
mo,2020-05-23,NA,29,2021-10-22
mo,2020-05-24,NA,29,2021-10-22
mo,2020-05-25,NA,29,2021-10-22
mo,2020-05-26,NA,29,2021-10-22
mo,2020-05-27,NA,29,2021-10-22
mo,2020-05-28,NA,29,2021-10-22
mo,2020-05-29,NA,29,2021-10-22
mo,2020-05-30,NA,29,2021-10-22
mo,2020-05-31,NA,29,2021-10-22
mo,2020-06-01,NA,29,2021-10-22
mo,2020-06-02,NA,29,2021-10-22
mo,2020-06-03,NA,29,2021-10-22
mo,2020-06-04,NA,29,2021-10-22
mo,2020-06-05,NA,29,2021-10-22
mo,2020-06-06,NA,29,2021-10-22
mo,2020-06-07,NA,29,2021-10-22
mo,2020-06-08,NA,29,2021-10-22
mo,2020-06-09,NA,29,2021-10-22
mo,2020-06-10,NA,29,2021-10-22
mo,2020-06-11,NA,29,2021-10-22
mo,2020-06-12,NA,29,2021-10-22
mo,2020-06-13,NA,29,2021-10-22
mo,2020-06-14,NA,29,2021-10-22
mo,2020-06-15,NA,29,2021-10-22
mo,2020-06-16,NA,29,2021-10-22
mo,2020-06-17,NA,29,2021-10-22
mo,2020-06-18,NA,29,2021-10-22
mo,2020-06-19,NA,29,2021-10-22
mo,2020-06-20,NA,29,2021-10-22
mo,2020-06-21,NA,29,2021-10-22
mo,2020-06-22,NA,29,2021-10-22
mo,2020-06-23,NA,29,2021-10-22
mo,2020-06-24,NA,29,2021-10-22
mo,2020-06-25,NA,29,2021-10-22
mo,2020-06-26,NA,29,2021-10-22
mo,2020-06-27,NA,29,2021-10-22
mo,2020-06-28,NA,29,2021-10-22
mo,2020-06-29,NA,29,2021-10-22
mo,2020-06-30,NA,29,2021-10-22
mo,2020-07-01,NA,29,2021-10-22
mo,2020-07-02,NA,29,2021-10-22
mo,2020-07-03,NA,29,2021-10-22
mo,2020-07-04,NA,29,2021-10-22
mo,2020-07-05,NA,29,2021-10-22
mo,2020-07-06,NA,29,2021-10-22
mo,2020-07-07,NA,29,2021-10-22
mo,2020-07-08,NA,29,2021-10-22
mo,2020-07-09,NA,29,2021-10-22
mo,2020-07-10,NA,29,2021-10-22
mo,2020-07-11,NA,29,2021-10-22
mo,2020-07-12,NA,29,2021-10-22
mo,2020-07-13,NA,29,2021-10-22
mo,2020-07-14,69,29,2021-10-22
mo,2020-07-15,69,29,2021-10-22
mo,2020-07-16,57,29,2021-10-22
mo,2020-07-17,74,29,2021-10-22
mo,2020-07-18,59,29,2021-10-22
mo,2020-07-19,43,29,2021-10-22
mo,2020-07-20,58,29,2021-10-22
mo,2020-07-21,67,29,2021-10-22
mo,2020-07-22,82,29,2021-10-22
mo,2020-07-23,89,29,2021-10-22
mo,2020-07-24,128,29,2021-10-22
mo,2020-07-25,60,29,2021-10-22
mo,2020-07-26,57,29,2021-10-22
mo,2020-07-27,89,29,2021-10-22
mo,2020-07-28,66,29,2021-10-22
mo,2020-07-29,81,29,2021-10-22
mo,2020-07-30,89,29,2021-10-22
mo,2020-07-31,71,29,2021-10-22
mo,2020-08-01,72,29,2021-10-22
mo,2020-08-02,73,29,2021-10-22
mo,2020-08-03,45,29,2021-10-22
mo,2020-08-04,59,29,2021-10-22
mo,2020-08-05,58,29,2021-10-22
mo,2020-08-06,57,29,2021-10-22
mo,2020-08-07,67,29,2021-10-22
mo,2020-08-08,60,29,2021-10-22
mo,2020-08-09,49,29,2021-10-22
mo,2020-08-10,98,29,2021-10-22
mo,2020-08-11,55,29,2021-10-22
mo,2020-08-12,96,29,2021-10-22
mo,2020-08-13,67,29,2021-10-22
mo,2020-08-14,94,29,2021-10-22
mo,2020-08-15,93,29,2021-10-22
mo,2020-08-16,57,29,2021-10-22
mo,2020-08-17,79,29,2021-10-22
mo,2020-08-18,105,29,2021-10-22
mo,2020-08-19,103,29,2021-10-22
mo,2020-08-20,111,29,2021-10-22
mo,2020-08-21,116,29,2021-10-22
mo,2020-08-22,80,29,2021-10-22
mo,2020-08-23,90,29,2021-10-22
mo,2020-08-24,117,29,2021-10-22
mo,2020-08-25,102,29,2021-10-22
mo,2020-08-26,97,29,2021-10-22
mo,2020-08-27,85,29,2021-10-22
mo,2020-08-28,118,29,2021-10-22
mo,2020-08-29,85,29,2021-10-22
mo,2020-08-30,77,29,2021-10-22
mo,2020-08-31,91,29,2021-10-22
mo,2020-09-01,84,29,2021-10-22
mo,2020-09-02,116,29,2021-10-22
mo,2020-09-03,97,29,2021-10-22
mo,2020-09-04,87,29,2021-10-22
mo,2020-09-05,84,29,2021-10-22
mo,2020-09-06,88,29,2021-10-22
mo,2020-09-07,67,29,2021-10-22
mo,2020-09-08,89,29,2021-10-22
mo,2020-09-09,93,29,2021-10-22
mo,2020-09-10,117,29,2021-10-22
mo,2020-09-11,113,29,2021-10-22
mo,2020-09-12,102,29,2021-10-22
mo,2020-09-13,94,29,2021-10-22
mo,2020-09-14,126,29,2021-10-22
mo,2020-09-15,116,29,2021-10-22
mo,2020-09-16,95,29,2021-10-22
mo,2020-09-17,108,29,2021-10-22
mo,2020-09-18,113,29,2021-10-22
mo,2020-09-19,94,29,2021-10-22
mo,2020-09-20,102,29,2021-10-22
mo,2020-09-21,107,29,2021-10-22
mo,2020-09-22,127,29,2021-10-22
mo,2020-09-23,136,29,2021-10-22
mo,2020-09-24,130,29,2021-10-22
mo,2020-09-25,127,29,2021-10-22
mo,2020-09-26,120,29,2021-10-22
mo,2020-09-27,138,29,2021-10-22
mo,2020-09-28,158,29,2021-10-22
mo,2020-09-29,135,29,2021-10-22
mo,2020-09-30,134,29,2021-10-22
mo,2020-10-01,134,29,2021-10-22
mo,2020-10-02,136,29,2021-10-22
mo,2020-10-03,110,29,2021-10-22
mo,2020-10-04,159,29,2021-10-22
mo,2020-10-05,147,29,2021-10-22
mo,2020-10-06,167,29,2021-10-22
mo,2020-10-07,176,29,2021-10-22
mo,2020-10-08,186,29,2021-10-22
mo,2020-10-09,144,29,2021-10-22
mo,2020-10-10,173,29,2021-10-22
mo,2020-10-11,183,29,2021-10-22
mo,2020-10-12,192,29,2021-10-22
mo,2020-10-13,200,29,2021-10-22
mo,2020-10-14,187,29,2021-10-22
mo,2020-10-15,191,29,2021-10-22
mo,2020-10-16,188,29,2021-10-22
mo,2020-10-17,171,29,2021-10-22
mo,2020-10-18,156,29,2021-10-22
mo,2020-10-19,185,29,2021-10-22
mo,2020-10-20,179,29,2021-10-22
mo,2020-10-21,156,29,2021-10-22
mo,2020-10-22,175,29,2021-10-22
mo,2020-10-23,187,29,2021-10-22
mo,2020-10-24,157,29,2021-10-22
mo,2020-10-25,168,29,2021-10-22
mo,2020-10-26,212,29,2021-10-22
mo,2020-10-27,170,29,2021-10-22
mo,2020-10-28,212,29,2021-10-22
mo,2020-10-29,196,29,2021-10-22
mo,2020-10-30,206,29,2021-10-22
mo,2020-10-31,197,29,2021-10-22
mo,2020-11-01,217,29,2021-10-22
mo,2020-11-02,226,29,2021-10-22
mo,2020-11-03,262,29,2021-10-22
mo,2020-11-04,266,29,2021-10-22
mo,2020-11-05,333,29,2021-10-22
mo,2020-11-06,295,29,2021-10-22
mo,2020-11-07,292,29,2021-10-22
mo,2020-11-08,297,29,2021-10-22
mo,2020-11-09,317,29,2021-10-22
mo,2020-11-10,312,29,2021-10-22
mo,2020-11-11,314,29,2021-10-22
mo,2020-11-12,332,29,2021-10-22
mo,2020-11-13,351,29,2021-10-22
mo,2020-11-14,314,29,2021-10-22
mo,2020-11-15,300,29,2021-10-22
mo,2020-11-16,399,29,2021-10-22
mo,2020-11-17,355,29,2021-10-22
mo,2020-11-18,351,29,2021-10-22
mo,2020-11-19,369,29,2021-10-22
mo,2020-11-20,342,29,2021-10-22
mo,2020-11-21,287,29,2021-10-22
mo,2020-11-22,266,29,2021-10-22
mo,2020-11-23,326,29,2021-10-22
mo,2020-11-24,332,29,2021-10-22
mo,2020-11-25,326,29,2021-10-22
mo,2020-11-26,279,29,2021-10-22
mo,2020-11-27,302,29,2021-10-22
mo,2020-11-28,285,29,2021-10-22
mo,2020-11-29,316,29,2021-10-22
mo,2020-11-30,361,29,2021-10-22
mo,2020-12-01,275,29,2021-10-22
mo,2020-12-02,315,29,2021-10-22
mo,2020-12-03,292,29,2021-10-22
mo,2020-12-04,281,29,2021-10-22
mo,2020-12-05,258,29,2021-10-22
mo,2020-12-06,265,29,2021-10-22
mo,2020-12-07,343,29,2021-10-22
mo,2020-12-08,308,29,2021-10-22
mo,2020-12-09,315,29,2021-10-22
mo,2020-12-10,325,29,2021-10-22
mo,2020-12-11,307,29,2021-10-22
mo,2020-12-12,257,29,2021-10-22
mo,2020-12-13,239,29,2021-10-22
mo,2020-12-14,335,29,2021-10-22
mo,2020-12-15,278,29,2021-10-22
mo,2020-12-16,323,29,2021-10-22
mo,2020-12-17,321,29,2021-10-22
mo,2020-12-18,277,29,2021-10-22
mo,2020-12-19,238,29,2021-10-22
mo,2020-12-20,286,29,2021-10-22
mo,2020-12-21,365,29,2021-10-22
mo,2020-12-22,277,29,2021-10-22
mo,2020-12-23,262,29,2021-10-22
mo,2020-12-24,246,29,2021-10-22
mo,2020-12-25,237,29,2021-10-22
mo,2020-12-26,270,29,2021-10-22
mo,2020-12-27,258,29,2021-10-22
mo,2020-12-28,291,29,2021-10-22
mo,2020-12-29,268,29,2021-10-22
mo,2020-12-30,307,29,2021-10-22
mo,2020-12-31,268,29,2021-10-22
mo,2021-01-01,232,29,2021-10-22
mo,2021-01-02,274,29,2021-10-22
mo,2021-01-03,258,29,2021-10-22
mo,2021-01-04,290,29,2021-10-22
mo,2021-01-05,278,29,2021-10-22
mo,2021-01-06,289,29,2021-10-22
mo,2021-01-07,307,29,2021-10-22
mo,2021-01-08,259,29,2021-10-22
mo,2021-01-09,215,29,2021-10-22
mo,2021-01-10,198,29,2021-10-22
mo,2021-01-11,291,29,2021-10-22
mo,2021-01-12,253,29,2021-10-22
mo,2021-01-13,278,29,2021-10-22
mo,2021-01-14,231,29,2021-10-22
mo,2021-01-15,240,29,2021-10-22
mo,2021-01-16,184,29,2021-10-22
mo,2021-01-17,164,29,2021-10-22
mo,2021-01-18,218,29,2021-10-22
mo,2021-01-19,195,29,2021-10-22
mo,2021-01-20,182,29,2021-10-22
mo,2021-01-21,201,29,2021-10-22
mo,2021-01-22,178,29,2021-10-22
mo,2021-01-23,144,29,2021-10-22
mo,2021-01-24,141,29,2021-10-22
mo,2021-01-25,226,29,2021-10-22
mo,2021-01-26,162,29,2021-10-22
mo,2021-01-27,151,29,2021-10-22
mo,2021-01-28,149,29,2021-10-22
mo,2021-01-29,181,29,2021-10-22
mo,2021-01-30,132,29,2021-10-22
mo,2021-01-31,126,29,2021-10-22
mo,2021-02-01,152,29,2021-10-22
mo,2021-02-02,135,29,2021-10-22
mo,2021-02-03,153,29,2021-10-22
mo,2021-02-04,151,29,2021-10-22
mo,2021-02-05,121,29,2021-10-22
mo,2021-02-06,82,29,2021-10-22
mo,2021-02-07,115,29,2021-10-22
mo,2021-02-08,100,29,2021-10-22
mo,2021-02-09,128,29,2021-10-22
mo,2021-02-10,108,29,2021-10-22
mo,2021-02-11,126,29,2021-10-22
mo,2021-02-12,92,29,2021-10-22
mo,2021-02-13,102,29,2021-10-22
mo,2021-02-14,74,29,2021-10-22
mo,2021-02-15,101,29,2021-10-22
mo,2021-02-16,84,29,2021-10-22
mo,2021-02-17,85,29,2021-10-22
mo,2021-02-18,107,29,2021-10-22
mo,2021-02-19,103,29,2021-10-22
mo,2021-02-20,68,29,2021-10-22
mo,2021-02-21,99,29,2021-10-22
mo,2021-02-22,78,29,2021-10-22
mo,2021-02-23,80,29,2021-10-22
mo,2021-02-24,72,29,2021-10-22
mo,2021-02-25,75,29,2021-10-22
mo,2021-02-26,78,29,2021-10-22
mo,2021-02-27,70,29,2021-10-22
mo,2021-02-28,61,29,2021-10-22
mo,2021-03-01,67,29,2021-10-22
mo,2021-03-02,64,29,2021-10-22
mo,2021-03-03,76,29,2021-10-22
mo,2021-03-04,83,29,2021-10-22
mo,2021-03-05,61,29,2021-10-22
mo,2021-03-06,56,29,2021-10-22
mo,2021-03-07,51,29,2021-10-22
mo,2021-03-08,71,29,2021-10-22
mo,2021-03-09,53,29,2021-10-22
mo,2021-03-10,57,29,2021-10-22
mo,2021-03-11,63,29,2021-10-22
mo,2021-03-12,61,29,2021-10-22
mo,2021-03-13,49,29,2021-10-22
mo,2021-03-14,49,29,2021-10-22
mo,2021-03-15,64,29,2021-10-22
mo,2021-03-16,52,29,2021-10-22
mo,2021-03-17,69,29,2021-10-22
mo,2021-03-18,60,29,2021-10-22
mo,2021-03-19,58,29,2021-10-22
mo,2021-03-20,41,29,2021-10-22
mo,2021-03-21,38,29,2021-10-22
mo,2021-03-22,76,29,2021-10-22
mo,2021-03-23,57,29,2021-10-22
mo,2021-03-24,57,29,2021-10-22
mo,2021-03-25,62,29,2021-10-22
mo,2021-03-26,65,29,2021-10-22
mo,2021-03-27,56,29,2021-10-22
mo,2021-03-28,36,29,2021-10-22
mo,2021-03-29,63,29,2021-10-22
mo,2021-03-30,60,29,2021-10-22
mo,2021-03-31,51,29,2021-10-22
mo,2021-04-01,58,29,2021-10-22
mo,2021-04-02,50,29,2021-10-22
mo,2021-04-03,54,29,2021-10-22
mo,2021-04-04,46,29,2021-10-22
mo,2021-04-05,69,29,2021-10-22
mo,2021-04-06,57,29,2021-10-22
mo,2021-04-07,69,29,2021-10-22
mo,2021-04-08,50,29,2021-10-22
mo,2021-04-09,66,29,2021-10-22
mo,2021-04-10,69,29,2021-10-22
mo,2021-04-11,60,29,2021-10-22
mo,2021-04-12,64,29,2021-10-22
mo,2021-04-13,46,29,2021-10-22
mo,2021-04-14,66,29,2021-10-22
mo,2021-04-15,54,29,2021-10-22
mo,2021-04-16,52,29,2021-10-22
mo,2021-04-17,57,29,2021-10-22
mo,2021-04-18,60,29,2021-10-22
mo,2021-04-19,58,29,2021-10-22
mo,2021-04-20,68,29,2021-10-22
mo,2021-04-21,69,29,2021-10-22
mo,2021-04-22,60,29,2021-10-22
mo,2021-04-23,66,29,2021-10-22
mo,2021-04-24,62,29,2021-10-22
mo,2021-04-25,60,29,2021-10-22
mo,2021-04-26,83,29,2021-10-22
mo,2021-04-27,58,29,2021-10-22
mo,2021-04-28,88,29,2021-10-22
mo,2021-04-29,74,29,2021-10-22
mo,2021-04-30,81,29,2021-10-22
mo,2021-05-01,52,29,2021-10-22
mo,2021-05-02,55,29,2021-10-22
mo,2021-05-03,78,29,2021-10-22
mo,2021-05-04,64,29,2021-10-22
mo,2021-05-05,64,29,2021-10-22
mo,2021-05-06,67,29,2021-10-22
mo,2021-05-07,69,29,2021-10-22
mo,2021-05-08,57,29,2021-10-22
mo,2021-05-09,46,29,2021-10-22
mo,2021-05-10,54,29,2021-10-22
mo,2021-05-11,75,29,2021-10-22
mo,2021-05-12,50,29,2021-10-22
mo,2021-05-13,58,29,2021-10-22
mo,2021-05-14,53,29,2021-10-22
mo,2021-05-15,36,29,2021-10-22
mo,2021-05-16,43,29,2021-10-22
mo,2021-05-17,45,29,2021-10-22
mo,2021-05-18,48,29,2021-10-22
mo,2021-05-19,52,29,2021-10-22
mo,2021-05-20,48,29,2021-10-22
mo,2021-05-21,45,29,2021-10-22
mo,2021-05-22,38,29,2021-10-22
mo,2021-05-23,32,29,2021-10-22
mo,2021-05-24,73,29,2021-10-22
mo,2021-05-25,48,29,2021-10-22
mo,2021-05-26,56,29,2021-10-22
mo,2021-05-27,65,29,2021-10-22
mo,2021-05-28,62,29,2021-10-22
mo,2021-05-29,49,29,2021-10-22
mo,2021-05-30,39,29,2021-10-22
mo,2021-05-31,57,29,2021-10-22
mo,2021-06-01,64,29,2021-10-22
mo,2021-06-02,55,29,2021-10-22
mo,2021-06-03,75,29,2021-10-22
mo,2021-06-04,60,29,2021-10-22
mo,2021-06-05,53,29,2021-10-22
mo,2021-06-06,57,29,2021-10-22
mo,2021-06-07,69,29,2021-10-22
mo,2021-06-08,88,29,2021-10-22
mo,2021-06-09,72,29,2021-10-22
mo,2021-06-10,76,29,2021-10-22
mo,2021-06-11,78,29,2021-10-22
mo,2021-06-12,72,29,2021-10-22
mo,2021-06-13,71,29,2021-10-22
mo,2021-06-14,74,29,2021-10-22
mo,2021-06-15,74,29,2021-10-22
mo,2021-06-16,84,29,2021-10-22
mo,2021-06-17,96,29,2021-10-22
mo,2021-06-18,92,29,2021-10-22
mo,2021-06-19,77,29,2021-10-22
mo,2021-06-20,64,29,2021-10-22
mo,2021-06-21,91,29,2021-10-22
mo,2021-06-22,91,29,2021-10-22
mo,2021-06-23,87,29,2021-10-22
mo,2021-06-24,90,29,2021-10-22
mo,2021-06-25,95,29,2021-10-22
mo,2021-06-26,76,29,2021-10-22
mo,2021-06-27,98,29,2021-10-22
mo,2021-06-28,102,29,2021-10-22
mo,2021-06-29,100,29,2021-10-22
mo,2021-06-30,108,29,2021-10-22
mo,2021-07-01,109,29,2021-10-22
mo,2021-07-02,131,29,2021-10-22
mo,2021-07-03,93,29,2021-10-22
mo,2021-07-04,99,29,2021-10-22
mo,2021-07-05,119,29,2021-10-22
mo,2021-07-06,139,29,2021-10-22
mo,2021-07-07,133,29,2021-10-22
mo,2021-07-08,143,29,2021-10-22
mo,2021-07-09,154,29,2021-10-22
mo,2021-07-10,141,29,2021-10-22
mo,2021-07-11,153,29,2021-10-22
mo,2021-07-12,176,29,2021-10-22
mo,2021-07-13,167,29,2021-10-22
mo,2021-07-14,143,29,2021-10-22
mo,2021-07-15,151,29,2021-10-22
mo,2021-07-16,174,29,2021-10-22
mo,2021-07-17,157,29,2021-10-22
mo,2021-07-18,172,29,2021-10-22
mo,2021-07-19,215,29,2021-10-22
mo,2021-07-20,207,29,2021-10-22
mo,2021-07-21,227,29,2021-10-22
mo,2021-07-22,222,29,2021-10-22
mo,2021-07-23,199,29,2021-10-22
mo,2021-07-24,191,29,2021-10-22
mo,2021-07-25,189,29,2021-10-22
mo,2021-07-26,254,29,2021-10-22
mo,2021-07-27,245,29,2021-10-22
mo,2021-07-28,262,29,2021-10-22
mo,2021-07-29,275,29,2021-10-22
mo,2021-07-30,299,29,2021-10-22
mo,2021-07-31,223,29,2021-10-22
mo,2021-08-01,182,29,2021-10-22
mo,2021-08-02,267,29,2021-10-22
mo,2021-08-03,250,29,2021-10-22
mo,2021-08-04,272,29,2021-10-22
mo,2021-08-05,275,29,2021-10-22
mo,2021-08-06,234,29,2021-10-22
mo,2021-08-07,245,29,2021-10-22
mo,2021-08-08,246,29,2021-10-22
mo,2021-08-09,283,29,2021-10-22
mo,2021-08-10,256,29,2021-10-22
mo,2021-08-11,284,29,2021-10-22
mo,2021-08-12,286,29,2021-10-22
mo,2021-08-13,261,29,2021-10-22
mo,2021-08-14,245,29,2021-10-22
mo,2021-08-15,234,29,2021-10-22
mo,2021-08-16,264,29,2021-10-22
mo,2021-08-17,265,29,2021-10-22
mo,2021-08-18,285,29,2021-10-22
mo,2021-08-19,267,29,2021-10-22
mo,2021-08-20,206,29,2021-10-22
mo,2021-08-21,196,29,2021-10-22
mo,2021-08-22,225,29,2021-10-22
mo,2021-08-23,256,29,2021-10-22
mo,2021-08-24,211,29,2021-10-22
mo,2021-08-25,230,29,2021-10-22
mo,2021-08-26,225,29,2021-10-22
mo,2021-08-27,224,29,2021-10-22
mo,2021-08-28,167,29,2021-10-22
mo,2021-08-29,170,29,2021-10-22
mo,2021-08-30,208,29,2021-10-22
mo,2021-08-31,199,29,2021-10-22
mo,2021-09-01,231,29,2021-10-22
mo,2021-09-02,205,29,2021-10-22
mo,2021-09-03,179,29,2021-10-22
mo,2021-09-04,170,29,2021-10-22
mo,2021-09-05,158,29,2021-10-22
mo,2021-09-06,177,29,2021-10-22
mo,2021-09-07,232,29,2021-10-22
mo,2021-09-08,184,29,2021-10-22
mo,2021-09-09,191,29,2021-10-22
mo,2021-09-10,163,29,2021-10-22
mo,2021-09-11,150,29,2021-10-22
mo,2021-09-12,165,29,2021-10-22
mo,2021-09-13,197,29,2021-10-22
mo,2021-09-14,164,29,2021-10-22
mo,2021-09-15,151,29,2021-10-22
mo,2021-09-16,168,29,2021-10-22
mo,2021-09-17,149,29,2021-10-22
mo,2021-09-18,129,29,2021-10-22
mo,2021-09-19,150,29,2021-10-22
mo,2021-09-20,172,29,2021-10-22
mo,2021-09-21,148,29,2021-10-22
mo,2021-09-22,174,29,2021-10-22
mo,2021-09-23,132,29,2021-10-22
mo,2021-09-24,143,29,2021-10-22
mo,2021-09-25,120,29,2021-10-22
mo,2021-09-26,117,29,2021-10-22
mo,2021-09-27,154,29,2021-10-22
mo,2021-09-28,117,29,2021-10-22
mo,2021-09-29,106,29,2021-10-22
mo,2021-09-30,116,29,2021-10-22
mo,2021-10-01,118,29,2021-10-22
mo,2021-10-02,93,29,2021-10-22
mo,2021-10-03,101,29,2021-10-22
mo,2021-10-04,111,29,2021-10-22
mo,2021-10-05,110,29,2021-10-22
mo,2021-10-06,105,29,2021-10-22
mo,2021-10-07,112,29,2021-10-22
mo,2021-10-08,111,29,2021-10-22
mo,2021-10-09,108,29,2021-10-22
mo,2021-10-10,80,29,2021-10-22
mo,2021-10-11,107,29,2021-10-22
mo,2021-10-12,97,29,2021-10-22
mo,2021-10-13,115,29,2021-10-22
mo,2021-10-14,116,29,2021-10-22
mo,2021-10-15,95,29,2021-10-22
mo,2021-10-16,68,29,2021-10-22
mo,2021-10-17,71,29,2021-10-22
mo,2021-10-18,93,29,2021-10-22
mo,2021-10-19,91,29,2021-10-22
mo,2021-10-20,79,29,2021-10-22
mo,2021-10-21,79,29,2021-10-22
mt,2019-12-31,NA,30,2021-10-22
mt,2020-01-01,NA,30,2021-10-22
mt,2020-01-02,NA,30,2021-10-22
mt,2020-01-03,NA,30,2021-10-22
mt,2020-01-04,NA,30,2021-10-22
mt,2020-01-05,NA,30,2021-10-22
mt,2020-01-06,NA,30,2021-10-22
mt,2020-01-07,NA,30,2021-10-22
mt,2020-01-08,NA,30,2021-10-22
mt,2020-01-09,NA,30,2021-10-22
mt,2020-01-10,NA,30,2021-10-22
mt,2020-01-11,NA,30,2021-10-22
mt,2020-01-12,NA,30,2021-10-22
mt,2020-01-13,NA,30,2021-10-22
mt,2020-01-14,NA,30,2021-10-22
mt,2020-01-15,NA,30,2021-10-22
mt,2020-01-16,NA,30,2021-10-22
mt,2020-01-17,NA,30,2021-10-22
mt,2020-01-18,NA,30,2021-10-22
mt,2020-01-19,NA,30,2021-10-22
mt,2020-01-20,NA,30,2021-10-22
mt,2020-01-21,NA,30,2021-10-22
mt,2020-01-22,NA,30,2021-10-22
mt,2020-01-23,NA,30,2021-10-22
mt,2020-01-24,NA,30,2021-10-22
mt,2020-01-25,NA,30,2021-10-22
mt,2020-01-26,NA,30,2021-10-22
mt,2020-01-27,NA,30,2021-10-22
mt,2020-01-28,NA,30,2021-10-22
mt,2020-01-29,NA,30,2021-10-22
mt,2020-01-30,NA,30,2021-10-22
mt,2020-01-31,NA,30,2021-10-22
mt,2020-02-01,NA,30,2021-10-22
mt,2020-02-02,NA,30,2021-10-22
mt,2020-02-03,NA,30,2021-10-22
mt,2020-02-04,NA,30,2021-10-22
mt,2020-02-05,NA,30,2021-10-22
mt,2020-02-06,NA,30,2021-10-22
mt,2020-02-07,NA,30,2021-10-22
mt,2020-02-08,NA,30,2021-10-22
mt,2020-02-09,NA,30,2021-10-22
mt,2020-02-10,NA,30,2021-10-22
mt,2020-02-11,NA,30,2021-10-22
mt,2020-02-12,NA,30,2021-10-22
mt,2020-02-13,NA,30,2021-10-22
mt,2020-02-14,NA,30,2021-10-22
mt,2020-02-15,NA,30,2021-10-22
mt,2020-02-16,NA,30,2021-10-22
mt,2020-02-17,NA,30,2021-10-22
mt,2020-02-18,NA,30,2021-10-22
mt,2020-02-19,NA,30,2021-10-22
mt,2020-02-20,NA,30,2021-10-22
mt,2020-02-21,NA,30,2021-10-22
mt,2020-02-22,NA,30,2021-10-22
mt,2020-02-23,NA,30,2021-10-22
mt,2020-02-24,NA,30,2021-10-22
mt,2020-02-25,NA,30,2021-10-22
mt,2020-02-26,NA,30,2021-10-22
mt,2020-02-27,NA,30,2021-10-22
mt,2020-02-28,NA,30,2021-10-22
mt,2020-02-29,NA,30,2021-10-22
mt,2020-03-01,NA,30,2021-10-22
mt,2020-03-02,NA,30,2021-10-22
mt,2020-03-03,NA,30,2021-10-22
mt,2020-03-04,NA,30,2021-10-22
mt,2020-03-05,NA,30,2021-10-22
mt,2020-03-06,NA,30,2021-10-22
mt,2020-03-07,NA,30,2021-10-22
mt,2020-03-08,NA,30,2021-10-22
mt,2020-03-09,NA,30,2021-10-22
mt,2020-03-10,NA,30,2021-10-22
mt,2020-03-11,NA,30,2021-10-22
mt,2020-03-12,NA,30,2021-10-22
mt,2020-03-13,NA,30,2021-10-22
mt,2020-03-14,NA,30,2021-10-22
mt,2020-03-15,NA,30,2021-10-22
mt,2020-03-16,NA,30,2021-10-22
mt,2020-03-17,NA,30,2021-10-22
mt,2020-03-18,NA,30,2021-10-22
mt,2020-03-19,NA,30,2021-10-22
mt,2020-03-20,NA,30,2021-10-22
mt,2020-03-21,NA,30,2021-10-22
mt,2020-03-22,NA,30,2021-10-22
mt,2020-03-23,NA,30,2021-10-22
mt,2020-03-24,NA,30,2021-10-22
mt,2020-03-25,NA,30,2021-10-22
mt,2020-03-26,NA,30,2021-10-22
mt,2020-03-27,NA,30,2021-10-22
mt,2020-03-28,NA,30,2021-10-22
mt,2020-03-29,NA,30,2021-10-22
mt,2020-03-30,NA,30,2021-10-22
mt,2020-03-31,NA,30,2021-10-22
mt,2020-04-01,NA,30,2021-10-22
mt,2020-04-02,NA,30,2021-10-22
mt,2020-04-03,NA,30,2021-10-22
mt,2020-04-04,NA,30,2021-10-22
mt,2020-04-05,NA,30,2021-10-22
mt,2020-04-06,NA,30,2021-10-22
mt,2020-04-07,NA,30,2021-10-22
mt,2020-04-08,NA,30,2021-10-22
mt,2020-04-09,NA,30,2021-10-22
mt,2020-04-10,NA,30,2021-10-22
mt,2020-04-11,NA,30,2021-10-22
mt,2020-04-12,NA,30,2021-10-22
mt,2020-04-13,NA,30,2021-10-22
mt,2020-04-14,NA,30,2021-10-22
mt,2020-04-15,NA,30,2021-10-22
mt,2020-04-16,NA,30,2021-10-22
mt,2020-04-17,NA,30,2021-10-22
mt,2020-04-18,NA,30,2021-10-22
mt,2020-04-19,NA,30,2021-10-22
mt,2020-04-20,NA,30,2021-10-22
mt,2020-04-21,NA,30,2021-10-22
mt,2020-04-22,NA,30,2021-10-22
mt,2020-04-23,NA,30,2021-10-22
mt,2020-04-24,NA,30,2021-10-22
mt,2020-04-25,NA,30,2021-10-22
mt,2020-04-26,NA,30,2021-10-22
mt,2020-04-27,NA,30,2021-10-22
mt,2020-04-28,NA,30,2021-10-22
mt,2020-04-29,NA,30,2021-10-22
mt,2020-04-30,NA,30,2021-10-22
mt,2020-05-01,NA,30,2021-10-22
mt,2020-05-02,NA,30,2021-10-22
mt,2020-05-03,NA,30,2021-10-22
mt,2020-05-04,NA,30,2021-10-22
mt,2020-05-05,NA,30,2021-10-22
mt,2020-05-06,NA,30,2021-10-22
mt,2020-05-07,NA,30,2021-10-22
mt,2020-05-08,NA,30,2021-10-22
mt,2020-05-09,NA,30,2021-10-22
mt,2020-05-10,NA,30,2021-10-22
mt,2020-05-11,NA,30,2021-10-22
mt,2020-05-12,NA,30,2021-10-22
mt,2020-05-13,NA,30,2021-10-22
mt,2020-05-14,NA,30,2021-10-22
mt,2020-05-15,NA,30,2021-10-22
mt,2020-05-16,NA,30,2021-10-22
mt,2020-05-17,NA,30,2021-10-22
mt,2020-05-18,NA,30,2021-10-22
mt,2020-05-19,NA,30,2021-10-22
mt,2020-05-20,NA,30,2021-10-22
mt,2020-05-21,NA,30,2021-10-22
mt,2020-05-22,NA,30,2021-10-22
mt,2020-05-23,NA,30,2021-10-22
mt,2020-05-24,NA,30,2021-10-22
mt,2020-05-25,NA,30,2021-10-22
mt,2020-05-26,NA,30,2021-10-22
mt,2020-05-27,NA,30,2021-10-22
mt,2020-05-28,NA,30,2021-10-22
mt,2020-05-29,NA,30,2021-10-22
mt,2020-05-30,NA,30,2021-10-22
mt,2020-05-31,NA,30,2021-10-22
mt,2020-06-01,NA,30,2021-10-22
mt,2020-06-02,NA,30,2021-10-22
mt,2020-06-03,NA,30,2021-10-22
mt,2020-06-04,NA,30,2021-10-22
mt,2020-06-05,NA,30,2021-10-22
mt,2020-06-06,NA,30,2021-10-22
mt,2020-06-07,NA,30,2021-10-22
mt,2020-06-08,NA,30,2021-10-22
mt,2020-06-09,NA,30,2021-10-22
mt,2020-06-10,NA,30,2021-10-22
mt,2020-06-11,NA,30,2021-10-22
mt,2020-06-12,NA,30,2021-10-22
mt,2020-06-13,NA,30,2021-10-22
mt,2020-06-14,NA,30,2021-10-22
mt,2020-06-15,NA,30,2021-10-22
mt,2020-06-16,NA,30,2021-10-22
mt,2020-06-17,NA,30,2021-10-22
mt,2020-06-18,NA,30,2021-10-22
mt,2020-06-19,NA,30,2021-10-22
mt,2020-06-20,NA,30,2021-10-22
mt,2020-06-21,NA,30,2021-10-22
mt,2020-06-22,NA,30,2021-10-22
mt,2020-06-23,NA,30,2021-10-22
mt,2020-06-24,NA,30,2021-10-22
mt,2020-06-25,NA,30,2021-10-22
mt,2020-06-26,NA,30,2021-10-22
mt,2020-06-27,NA,30,2021-10-22
mt,2020-06-28,NA,30,2021-10-22
mt,2020-06-29,NA,30,2021-10-22
mt,2020-06-30,NA,30,2021-10-22
mt,2020-07-01,NA,30,2021-10-22
mt,2020-07-02,NA,30,2021-10-22
mt,2020-07-03,NA,30,2021-10-22
mt,2020-07-04,NA,30,2021-10-22
mt,2020-07-05,NA,30,2021-10-22
mt,2020-07-06,NA,30,2021-10-22
mt,2020-07-07,NA,30,2021-10-22
mt,2020-07-08,NA,30,2021-10-22
mt,2020-07-09,NA,30,2021-10-22
mt,2020-07-10,NA,30,2021-10-22
mt,2020-07-11,NA,30,2021-10-22
mt,2020-07-12,NA,30,2021-10-22
mt,2020-07-13,NA,30,2021-10-22
mt,2020-07-14,3,30,2021-10-22
mt,2020-07-15,16,30,2021-10-22
mt,2020-07-16,7,30,2021-10-22
mt,2020-07-17,8,30,2021-10-22
mt,2020-07-18,6,30,2021-10-22
mt,2020-07-19,6,30,2021-10-22
mt,2020-07-20,16,30,2021-10-22
mt,2020-07-21,13,30,2021-10-22
mt,2020-07-22,12,30,2021-10-22
mt,2020-07-23,16,30,2021-10-22
mt,2020-07-24,13,30,2021-10-22
mt,2020-07-25,11,30,2021-10-22
mt,2020-07-26,14,30,2021-10-22
mt,2020-07-27,16,30,2021-10-22
mt,2020-07-28,18,30,2021-10-22
mt,2020-07-29,23,30,2021-10-22
mt,2020-07-30,13,30,2021-10-22
mt,2020-07-31,18,30,2021-10-22
mt,2020-08-01,18,30,2021-10-22
mt,2020-08-02,15,30,2021-10-22
mt,2020-08-03,16,30,2021-10-22
mt,2020-08-04,13,30,2021-10-22
mt,2020-08-05,15,30,2021-10-22
mt,2020-08-06,17,30,2021-10-22
mt,2020-08-07,20,30,2021-10-22
mt,2020-08-08,20,30,2021-10-22
mt,2020-08-09,15,30,2021-10-22
mt,2020-08-10,15,30,2021-10-22
mt,2020-08-11,19,30,2021-10-22
mt,2020-08-12,17,30,2021-10-22
mt,2020-08-13,21,30,2021-10-22
mt,2020-08-14,17,30,2021-10-22
mt,2020-08-15,20,30,2021-10-22
mt,2020-08-16,15,30,2021-10-22
mt,2020-08-17,18,30,2021-10-22
mt,2020-08-18,20,30,2021-10-22
mt,2020-08-19,17,30,2021-10-22
mt,2020-08-20,16,30,2021-10-22
mt,2020-08-21,14,30,2021-10-22
mt,2020-08-22,14,30,2021-10-22
mt,2020-08-23,17,30,2021-10-22
mt,2020-08-24,26,30,2021-10-22
mt,2020-08-25,20,30,2021-10-22
mt,2020-08-26,18,30,2021-10-22
mt,2020-08-27,21,30,2021-10-22
mt,2020-08-28,17,30,2021-10-22
mt,2020-08-29,20,30,2021-10-22
mt,2020-08-30,25,30,2021-10-22
mt,2020-08-31,29,30,2021-10-22
mt,2020-09-01,20,30,2021-10-22
mt,2020-09-02,16,30,2021-10-22
mt,2020-09-03,17,30,2021-10-22
mt,2020-09-04,13,30,2021-10-22
mt,2020-09-05,14,30,2021-10-22
mt,2020-09-06,20,30,2021-10-22
mt,2020-09-07,16,30,2021-10-22
mt,2020-09-08,23,30,2021-10-22
mt,2020-09-09,13,30,2021-10-22
mt,2020-09-10,14,30,2021-10-22
mt,2020-09-11,14,30,2021-10-22
mt,2020-09-12,9,30,2021-10-22
mt,2020-09-13,19,30,2021-10-22
mt,2020-09-14,18,30,2021-10-22
mt,2020-09-15,23,30,2021-10-22
mt,2020-09-16,14,30,2021-10-22
mt,2020-09-17,23,30,2021-10-22
mt,2020-09-18,23,30,2021-10-22
mt,2020-09-19,22,30,2021-10-22
mt,2020-09-20,27,30,2021-10-22
mt,2020-09-21,28,30,2021-10-22
mt,2020-09-22,28,30,2021-10-22
mt,2020-09-23,37,30,2021-10-22
mt,2020-09-24,45,30,2021-10-22
mt,2020-09-25,46,30,2021-10-22
mt,2020-09-26,60,30,2021-10-22
mt,2020-09-27,34,30,2021-10-22
mt,2020-09-28,45,30,2021-10-22
mt,2020-09-29,64,30,2021-10-22
mt,2020-09-30,34,30,2021-10-22
mt,2020-10-01,45,30,2021-10-22
mt,2020-10-02,40,30,2021-10-22
mt,2020-10-03,44,30,2021-10-22
mt,2020-10-04,47,30,2021-10-22
mt,2020-10-05,51,30,2021-10-22
mt,2020-10-06,56,30,2021-10-22
mt,2020-10-07,42,30,2021-10-22
mt,2020-10-08,60,30,2021-10-22
mt,2020-10-09,53,30,2021-10-22
mt,2020-10-10,55,30,2021-10-22
mt,2020-10-11,57,30,2021-10-22
mt,2020-10-12,80,30,2021-10-22
mt,2020-10-13,71,30,2021-10-22
mt,2020-10-14,59,30,2021-10-22
mt,2020-10-15,65,30,2021-10-22
mt,2020-10-16,57,30,2021-10-22
mt,2020-10-17,49,30,2021-10-22
mt,2020-10-18,65,30,2021-10-22
mt,2020-10-19,72,30,2021-10-22
mt,2020-10-20,73,30,2021-10-22
mt,2020-10-21,70,30,2021-10-22
mt,2020-10-22,49,30,2021-10-22
mt,2020-10-23,40,30,2021-10-22
mt,2020-10-24,51,30,2021-10-22
mt,2020-10-25,46,30,2021-10-22
mt,2020-10-26,83,30,2021-10-22
mt,2020-10-27,61,30,2021-10-22
mt,2020-10-28,51,30,2021-10-22
mt,2020-10-29,81,30,2021-10-22
mt,2020-10-30,69,30,2021-10-22
mt,2020-10-31,55,30,2021-10-22
mt,2020-11-01,62,30,2021-10-22
mt,2020-11-02,85,30,2021-10-22
mt,2020-11-03,84,30,2021-10-22
mt,2020-11-04,82,30,2021-10-22
mt,2020-11-05,81,30,2021-10-22
mt,2020-11-06,88,30,2021-10-22
mt,2020-11-07,75,30,2021-10-22
mt,2020-11-08,80,30,2021-10-22
mt,2020-11-09,77,30,2021-10-22
mt,2020-11-10,81,30,2021-10-22
mt,2020-11-11,72,30,2021-10-22
mt,2020-11-12,93,30,2021-10-22
mt,2020-11-13,105,30,2021-10-22
mt,2020-11-14,82,30,2021-10-22
mt,2020-11-15,64,30,2021-10-22
mt,2020-11-16,86,30,2021-10-22
mt,2020-11-17,91,30,2021-10-22
mt,2020-11-18,93,30,2021-10-22
mt,2020-11-19,96,30,2021-10-22
mt,2020-11-20,89,30,2021-10-22
mt,2020-11-21,79,30,2021-10-22
mt,2020-11-22,65,30,2021-10-22
mt,2020-11-23,77,30,2021-10-22
mt,2020-11-24,102,30,2021-10-22
mt,2020-11-25,69,30,2021-10-22
mt,2020-11-26,71,30,2021-10-22
mt,2020-11-27,68,30,2021-10-22
mt,2020-11-28,58,30,2021-10-22
mt,2020-11-29,57,30,2021-10-22
mt,2020-11-30,73,30,2021-10-22
mt,2020-12-01,54,30,2021-10-22
mt,2020-12-02,55,30,2021-10-22
mt,2020-12-03,67,30,2021-10-22
mt,2020-12-04,55,30,2021-10-22
mt,2020-12-05,43,30,2021-10-22
mt,2020-12-06,45,30,2021-10-22
mt,2020-12-07,53,30,2021-10-22
mt,2020-12-08,78,30,2021-10-22
mt,2020-12-09,74,30,2021-10-22
mt,2020-12-10,67,30,2021-10-22
mt,2020-12-11,60,30,2021-10-22
mt,2020-12-12,48,30,2021-10-22
mt,2020-12-13,54,30,2021-10-22
mt,2020-12-14,69,30,2021-10-22
mt,2020-12-15,48,30,2021-10-22
mt,2020-12-16,53,30,2021-10-22
mt,2020-12-17,40,30,2021-10-22
mt,2020-12-18,49,30,2021-10-22
mt,2020-12-19,26,30,2021-10-22
mt,2020-12-20,40,30,2021-10-22
mt,2020-12-21,47,30,2021-10-22
mt,2020-12-22,44,30,2021-10-22
mt,2020-12-23,36,30,2021-10-22
mt,2020-12-24,32,30,2021-10-22
mt,2020-12-25,28,30,2021-10-22
mt,2020-12-26,43,30,2021-10-22
mt,2020-12-27,35,30,2021-10-22
mt,2020-12-28,45,30,2021-10-22
mt,2020-12-29,38,30,2021-10-22
mt,2020-12-30,30,30,2021-10-22
mt,2020-12-31,37,30,2021-10-22
mt,2021-01-01,31,30,2021-10-22
mt,2021-01-02,40,30,2021-10-22
mt,2021-01-03,37,30,2021-10-22
mt,2021-01-04,42,30,2021-10-22
mt,2021-01-05,39,30,2021-10-22
mt,2021-01-06,43,30,2021-10-22
mt,2021-01-07,49,30,2021-10-22
mt,2021-01-08,33,30,2021-10-22
mt,2021-01-09,32,30,2021-10-22
mt,2021-01-10,36,30,2021-10-22
mt,2021-01-11,44,30,2021-10-22
mt,2021-01-12,51,30,2021-10-22
mt,2021-01-13,55,30,2021-10-22
mt,2021-01-14,47,30,2021-10-22
mt,2021-01-15,40,30,2021-10-22
mt,2021-01-16,35,30,2021-10-22
mt,2021-01-17,30,30,2021-10-22
mt,2021-01-18,39,30,2021-10-22
mt,2021-01-19,30,30,2021-10-22
mt,2021-01-20,43,30,2021-10-22
mt,2021-01-21,31,30,2021-10-22
mt,2021-01-22,32,30,2021-10-22
mt,2021-01-23,18,30,2021-10-22
mt,2021-01-24,20,30,2021-10-22
mt,2021-01-25,29,30,2021-10-22
mt,2021-01-26,29,30,2021-10-22
mt,2021-01-27,25,30,2021-10-22
mt,2021-01-28,23,30,2021-10-22
mt,2021-01-29,26,30,2021-10-22
mt,2021-01-30,29,30,2021-10-22
mt,2021-01-31,21,30,2021-10-22
mt,2021-02-01,27,30,2021-10-22
mt,2021-02-02,25,30,2021-10-22
mt,2021-02-03,26,30,2021-10-22
mt,2021-02-04,22,30,2021-10-22
mt,2021-02-05,20,30,2021-10-22
mt,2021-02-06,15,30,2021-10-22
mt,2021-02-07,12,30,2021-10-22
mt,2021-02-08,25,30,2021-10-22
mt,2021-02-09,17,30,2021-10-22
mt,2021-02-10,30,30,2021-10-22
mt,2021-02-11,11,30,2021-10-22
mt,2021-02-12,9,30,2021-10-22
mt,2021-02-13,24,30,2021-10-22
mt,2021-02-14,22,30,2021-10-22
mt,2021-02-15,23,30,2021-10-22
mt,2021-02-16,29,30,2021-10-22
mt,2021-02-17,24,30,2021-10-22
mt,2021-02-18,15,30,2021-10-22
mt,2021-02-19,20,30,2021-10-22
mt,2021-02-20,14,30,2021-10-22
mt,2021-02-21,22,30,2021-10-22
mt,2021-02-22,13,30,2021-10-22
mt,2021-02-23,10,30,2021-10-22
mt,2021-02-24,14,30,2021-10-22
mt,2021-02-25,16,30,2021-10-22
mt,2021-02-26,15,30,2021-10-22
mt,2021-02-27,10,30,2021-10-22
mt,2021-02-28,16,30,2021-10-22
mt,2021-03-01,15,30,2021-10-22
mt,2021-03-02,20,30,2021-10-22
mt,2021-03-03,14,30,2021-10-22
mt,2021-03-04,20,30,2021-10-22
mt,2021-03-05,14,30,2021-10-22
mt,2021-03-06,12,30,2021-10-22
mt,2021-03-07,13,30,2021-10-22
mt,2021-03-08,12,30,2021-10-22
mt,2021-03-09,19,30,2021-10-22
mt,2021-03-10,21,30,2021-10-22
mt,2021-03-11,14,30,2021-10-22
mt,2021-03-12,15,30,2021-10-22
mt,2021-03-13,14,30,2021-10-22
mt,2021-03-14,17,30,2021-10-22
mt,2021-03-15,15,30,2021-10-22
mt,2021-03-16,11,30,2021-10-22
mt,2021-03-17,7,30,2021-10-22
mt,2021-03-18,12,30,2021-10-22
mt,2021-03-19,7,30,2021-10-22
mt,2021-03-20,7,30,2021-10-22
mt,2021-03-21,10,30,2021-10-22
mt,2021-03-22,13,30,2021-10-22
mt,2021-03-23,8,30,2021-10-22
mt,2021-03-24,11,30,2021-10-22
mt,2021-03-25,12,30,2021-10-22
mt,2021-03-26,14,30,2021-10-22
mt,2021-03-27,14,30,2021-10-22
mt,2021-03-28,8,30,2021-10-22
mt,2021-03-29,10,30,2021-10-22
mt,2021-03-30,9,30,2021-10-22
mt,2021-03-31,13,30,2021-10-22
mt,2021-04-01,8,30,2021-10-22
mt,2021-04-02,4,30,2021-10-22
mt,2021-04-03,10,30,2021-10-22
mt,2021-04-04,10,30,2021-10-22
mt,2021-04-05,10,30,2021-10-22
mt,2021-04-06,10,30,2021-10-22
mt,2021-04-07,7,30,2021-10-22
mt,2021-04-08,18,30,2021-10-22
mt,2021-04-09,11,30,2021-10-22
mt,2021-04-10,9,30,2021-10-22
mt,2021-04-11,8,30,2021-10-22
mt,2021-04-12,9,30,2021-10-22
mt,2021-04-13,8,30,2021-10-22
mt,2021-04-14,8,30,2021-10-22
mt,2021-04-15,12,30,2021-10-22
mt,2021-04-16,13,30,2021-10-22
mt,2021-04-17,12,30,2021-10-22
mt,2021-04-18,6,30,2021-10-22
mt,2021-04-19,13,30,2021-10-22
mt,2021-04-20,14,30,2021-10-22
mt,2021-04-21,9,30,2021-10-22
mt,2021-04-22,9,30,2021-10-22
mt,2021-04-23,11,30,2021-10-22
mt,2021-04-24,9,30,2021-10-22
mt,2021-04-25,12,30,2021-10-22
mt,2021-04-26,18,30,2021-10-22
mt,2021-04-27,12,30,2021-10-22
mt,2021-04-28,13,30,2021-10-22
mt,2021-04-29,19,30,2021-10-22
mt,2021-04-30,15,30,2021-10-22
mt,2021-05-01,11,30,2021-10-22
mt,2021-05-02,15,30,2021-10-22
mt,2021-05-03,18,30,2021-10-22
mt,2021-05-04,14,30,2021-10-22
mt,2021-05-05,27,30,2021-10-22
mt,2021-05-06,15,30,2021-10-22
mt,2021-05-07,11,30,2021-10-22
mt,2021-05-08,12,30,2021-10-22
mt,2021-05-09,13,30,2021-10-22
mt,2021-05-10,18,30,2021-10-22
mt,2021-05-11,13,30,2021-10-22
mt,2021-05-12,13,30,2021-10-22
mt,2021-05-13,9,30,2021-10-22
mt,2021-05-14,12,30,2021-10-22
mt,2021-05-15,12,30,2021-10-22
mt,2021-05-16,8,30,2021-10-22
mt,2021-05-17,17,30,2021-10-22
mt,2021-05-18,16,30,2021-10-22
mt,2021-05-19,22,30,2021-10-22
mt,2021-05-20,21,30,2021-10-22
mt,2021-05-21,18,30,2021-10-22
mt,2021-05-22,17,30,2021-10-22
mt,2021-05-23,22,30,2021-10-22
mt,2021-05-24,22,30,2021-10-22
mt,2021-05-25,19,30,2021-10-22
mt,2021-05-26,21,30,2021-10-22
mt,2021-05-27,20,30,2021-10-22
mt,2021-05-28,17,30,2021-10-22
mt,2021-05-29,13,30,2021-10-22
mt,2021-05-30,17,30,2021-10-22
mt,2021-05-31,18,30,2021-10-22
mt,2021-06-01,21,30,2021-10-22
mt,2021-06-02,25,30,2021-10-22
mt,2021-06-03,13,30,2021-10-22
mt,2021-06-04,15,30,2021-10-22
mt,2021-06-05,13,30,2021-10-22
mt,2021-06-06,14,30,2021-10-22
mt,2021-06-07,10,30,2021-10-22
mt,2021-06-08,12,30,2021-10-22
mt,2021-06-09,16,30,2021-10-22
mt,2021-06-10,11,30,2021-10-22
mt,2021-06-11,7,30,2021-10-22
mt,2021-06-12,10,30,2021-10-22
mt,2021-06-13,12,30,2021-10-22
mt,2021-06-14,19,30,2021-10-22
mt,2021-06-15,11,30,2021-10-22
mt,2021-06-16,16,30,2021-10-22
mt,2021-06-17,10,30,2021-10-22
mt,2021-06-18,12,30,2021-10-22
mt,2021-06-19,12,30,2021-10-22
mt,2021-06-20,14,30,2021-10-22
mt,2021-06-21,20,30,2021-10-22
mt,2021-06-22,8,30,2021-10-22
mt,2021-06-23,13,30,2021-10-22
mt,2021-06-24,9,30,2021-10-22
mt,2021-06-25,5,30,2021-10-22
mt,2021-06-26,11,30,2021-10-22
mt,2021-06-27,10,30,2021-10-22
mt,2021-06-28,9,30,2021-10-22
mt,2021-06-29,9,30,2021-10-22
mt,2021-06-30,18,30,2021-10-22
mt,2021-07-01,7,30,2021-10-22
mt,2021-07-02,7,30,2021-10-22
mt,2021-07-03,5,30,2021-10-22
mt,2021-07-04,7,30,2021-10-22
mt,2021-07-05,12,30,2021-10-22
mt,2021-07-06,12,30,2021-10-22
mt,2021-07-07,13,30,2021-10-22
mt,2021-07-08,16,30,2021-10-22
mt,2021-07-09,14,30,2021-10-22
mt,2021-07-10,15,30,2021-10-22
mt,2021-07-11,15,30,2021-10-22
mt,2021-07-12,21,30,2021-10-22
mt,2021-07-13,15,30,2021-10-22
mt,2021-07-14,10,30,2021-10-22
mt,2021-07-15,13,30,2021-10-22
mt,2021-07-16,9,30,2021-10-22
mt,2021-07-17,12,30,2021-10-22
mt,2021-07-18,12,30,2021-10-22
mt,2021-07-19,19,30,2021-10-22
mt,2021-07-20,10,30,2021-10-22
mt,2021-07-21,23,30,2021-10-22
mt,2021-07-22,18,30,2021-10-22
mt,2021-07-23,12,30,2021-10-22
mt,2021-07-24,10,30,2021-10-22
mt,2021-07-25,13,30,2021-10-22
mt,2021-07-26,25,30,2021-10-22
mt,2021-07-27,24,30,2021-10-22
mt,2021-07-28,22,30,2021-10-22
mt,2021-07-29,30,30,2021-10-22
mt,2021-07-30,26,30,2021-10-22
mt,2021-07-31,25,30,2021-10-22
mt,2021-08-01,29,30,2021-10-22
mt,2021-08-02,38,30,2021-10-22
mt,2021-08-03,27,30,2021-10-22
mt,2021-08-04,25,30,2021-10-22
mt,2021-08-05,35,30,2021-10-22
mt,2021-08-06,21,30,2021-10-22
mt,2021-08-07,28,30,2021-10-22
mt,2021-08-08,29,30,2021-10-22
mt,2021-08-09,41,30,2021-10-22
mt,2021-08-10,48,30,2021-10-22
mt,2021-08-11,41,30,2021-10-22
mt,2021-08-12,29,30,2021-10-22
mt,2021-08-13,37,30,2021-10-22
mt,2021-08-14,36,30,2021-10-22
mt,2021-08-15,44,30,2021-10-22
mt,2021-08-16,49,30,2021-10-22
mt,2021-08-17,44,30,2021-10-22
mt,2021-08-18,36,30,2021-10-22
mt,2021-08-19,48,30,2021-10-22
mt,2021-08-20,59,30,2021-10-22
mt,2021-08-21,50,30,2021-10-22
mt,2021-08-22,54,30,2021-10-22
mt,2021-08-23,42,30,2021-10-22
mt,2021-08-24,40,30,2021-10-22
mt,2021-08-25,50,30,2021-10-22
mt,2021-08-26,67,30,2021-10-22
mt,2021-08-27,49,30,2021-10-22
mt,2021-08-28,60,30,2021-10-22
mt,2021-08-29,55,30,2021-10-22
mt,2021-08-30,62,30,2021-10-22
mt,2021-08-31,55,30,2021-10-22
mt,2021-09-01,56,30,2021-10-22
mt,2021-09-02,75,30,2021-10-22
mt,2021-09-03,73,30,2021-10-22
mt,2021-09-04,55,30,2021-10-22
mt,2021-09-05,70,30,2021-10-22
mt,2021-09-06,78,30,2021-10-22
mt,2021-09-07,98,30,2021-10-22
mt,2021-09-08,86,30,2021-10-22
mt,2021-09-09,78,30,2021-10-22
mt,2021-09-10,96,30,2021-10-22
mt,2021-09-11,83,30,2021-10-22
mt,2021-09-12,84,30,2021-10-22
mt,2021-09-13,95,30,2021-10-22
mt,2021-09-14,80,30,2021-10-22
mt,2021-09-15,96,30,2021-10-22
mt,2021-09-16,83,30,2021-10-22
mt,2021-09-17,75,30,2021-10-22
mt,2021-09-18,76,30,2021-10-22
mt,2021-09-19,86,30,2021-10-22
mt,2021-09-20,107,30,2021-10-22
mt,2021-09-21,103,30,2021-10-22
mt,2021-09-22,103,30,2021-10-22
mt,2021-09-23,81,30,2021-10-22
mt,2021-09-24,95,30,2021-10-22
mt,2021-09-25,90,30,2021-10-22
mt,2021-09-26,94,30,2021-10-22
mt,2021-09-27,101,30,2021-10-22
mt,2021-09-28,90,30,2021-10-22
mt,2021-09-29,90,30,2021-10-22
mt,2021-09-30,109,30,2021-10-22
mt,2021-10-01,105,30,2021-10-22
mt,2021-10-02,98,30,2021-10-22
mt,2021-10-03,107,30,2021-10-22
mt,2021-10-04,133,30,2021-10-22
mt,2021-10-05,113,30,2021-10-22
mt,2021-10-06,117,30,2021-10-22
mt,2021-10-07,114,30,2021-10-22
mt,2021-10-08,131,30,2021-10-22
mt,2021-10-09,100,30,2021-10-22
mt,2021-10-10,97,30,2021-10-22
mt,2021-10-11,118,30,2021-10-22
mt,2021-10-12,88,30,2021-10-22
mt,2021-10-13,96,30,2021-10-22
mt,2021-10-14,96,30,2021-10-22
mt,2021-10-15,94,30,2021-10-22
mt,2021-10-16,76,30,2021-10-22
mt,2021-10-17,85,30,2021-10-22
mt,2021-10-18,109,30,2021-10-22
mt,2021-10-19,92,30,2021-10-22
mt,2021-10-20,96,30,2021-10-22
mt,2021-10-21,96,30,2021-10-22
ne,2020-02-29,NA,31,2021-10-22
ne,2020-03-01,NA,31,2021-10-22
ne,2020-03-02,NA,31,2021-10-22
ne,2020-03-03,NA,31,2021-10-22
ne,2020-03-04,NA,31,2021-10-22
ne,2020-03-05,NA,31,2021-10-22
ne,2020-03-06,NA,31,2021-10-22
ne,2020-03-07,NA,31,2021-10-22
ne,2020-03-08,NA,31,2021-10-22
ne,2020-03-09,NA,31,2021-10-22
ne,2020-03-10,NA,31,2021-10-22
ne,2020-03-11,NA,31,2021-10-22
ne,2020-03-12,NA,31,2021-10-22
ne,2020-03-13,NA,31,2021-10-22
ne,2020-03-14,NA,31,2021-10-22
ne,2020-03-15,NA,31,2021-10-22
ne,2020-03-16,NA,31,2021-10-22
ne,2020-03-17,NA,31,2021-10-22
ne,2020-03-18,NA,31,2021-10-22
ne,2020-03-19,NA,31,2021-10-22
ne,2020-03-20,NA,31,2021-10-22
ne,2020-03-21,NA,31,2021-10-22
ne,2020-03-22,NA,31,2021-10-22
ne,2020-03-23,NA,31,2021-10-22
ne,2020-03-24,NA,31,2021-10-22
ne,2020-03-25,NA,31,2021-10-22
ne,2020-03-26,NA,31,2021-10-22
ne,2020-03-27,NA,31,2021-10-22
ne,2020-03-28,NA,31,2021-10-22
ne,2020-03-29,NA,31,2021-10-22
ne,2020-03-30,NA,31,2021-10-22
ne,2020-03-31,NA,31,2021-10-22
ne,2020-04-01,NA,31,2021-10-22
ne,2020-04-02,NA,31,2021-10-22
ne,2020-04-03,NA,31,2021-10-22
ne,2020-04-04,NA,31,2021-10-22
ne,2020-04-05,NA,31,2021-10-22
ne,2020-04-06,NA,31,2021-10-22
ne,2020-04-07,NA,31,2021-10-22
ne,2020-04-08,NA,31,2021-10-22
ne,2020-04-09,NA,31,2021-10-22
ne,2020-04-10,NA,31,2021-10-22
ne,2020-04-11,NA,31,2021-10-22
ne,2020-04-12,NA,31,2021-10-22
ne,2020-04-13,NA,31,2021-10-22
ne,2020-04-14,NA,31,2021-10-22
ne,2020-04-15,NA,31,2021-10-22
ne,2020-04-16,NA,31,2021-10-22
ne,2020-04-17,NA,31,2021-10-22
ne,2020-04-18,NA,31,2021-10-22
ne,2020-04-19,NA,31,2021-10-22
ne,2020-04-20,NA,31,2021-10-22
ne,2020-04-21,NA,31,2021-10-22
ne,2020-04-22,NA,31,2021-10-22
ne,2020-04-23,NA,31,2021-10-22
ne,2020-04-24,NA,31,2021-10-22
ne,2020-04-25,NA,31,2021-10-22
ne,2020-04-26,NA,31,2021-10-22
ne,2020-04-27,NA,31,2021-10-22
ne,2020-04-28,NA,31,2021-10-22
ne,2020-04-29,NA,31,2021-10-22
ne,2020-04-30,NA,31,2021-10-22
ne,2020-05-01,NA,31,2021-10-22
ne,2020-05-02,NA,31,2021-10-22
ne,2020-05-03,NA,31,2021-10-22
ne,2020-05-04,NA,31,2021-10-22
ne,2020-05-05,NA,31,2021-10-22
ne,2020-05-06,NA,31,2021-10-22
ne,2020-05-07,NA,31,2021-10-22
ne,2020-05-08,NA,31,2021-10-22
ne,2020-05-09,NA,31,2021-10-22
ne,2020-05-10,NA,31,2021-10-22
ne,2020-05-11,NA,31,2021-10-22
ne,2020-05-12,NA,31,2021-10-22
ne,2020-05-13,NA,31,2021-10-22
ne,2020-05-14,NA,31,2021-10-22
ne,2020-05-15,NA,31,2021-10-22
ne,2020-05-16,NA,31,2021-10-22
ne,2020-05-17,NA,31,2021-10-22
ne,2020-05-18,NA,31,2021-10-22
ne,2020-05-19,NA,31,2021-10-22
ne,2020-05-20,NA,31,2021-10-22
ne,2020-05-21,NA,31,2021-10-22
ne,2020-05-22,NA,31,2021-10-22
ne,2020-05-23,NA,31,2021-10-22
ne,2020-05-24,NA,31,2021-10-22
ne,2020-05-25,NA,31,2021-10-22
ne,2020-05-26,NA,31,2021-10-22
ne,2020-05-27,NA,31,2021-10-22
ne,2020-05-28,NA,31,2021-10-22
ne,2020-05-29,NA,31,2021-10-22
ne,2020-05-30,NA,31,2021-10-22
ne,2020-05-31,NA,31,2021-10-22
ne,2020-06-01,NA,31,2021-10-22
ne,2020-06-02,NA,31,2021-10-22
ne,2020-06-03,NA,31,2021-10-22
ne,2020-06-04,NA,31,2021-10-22
ne,2020-06-05,NA,31,2021-10-22
ne,2020-06-06,NA,31,2021-10-22
ne,2020-06-07,NA,31,2021-10-22
ne,2020-06-08,NA,31,2021-10-22
ne,2020-06-09,NA,31,2021-10-22
ne,2020-06-10,NA,31,2021-10-22
ne,2020-06-11,NA,31,2021-10-22
ne,2020-06-12,NA,31,2021-10-22
ne,2020-06-13,NA,31,2021-10-22
ne,2020-06-14,NA,31,2021-10-22
ne,2020-06-15,NA,31,2021-10-22
ne,2020-06-16,NA,31,2021-10-22
ne,2020-06-17,NA,31,2021-10-22
ne,2020-06-18,NA,31,2021-10-22
ne,2020-06-19,NA,31,2021-10-22
ne,2020-06-20,NA,31,2021-10-22
ne,2020-06-21,NA,31,2021-10-22
ne,2020-06-22,NA,31,2021-10-22
ne,2020-06-23,NA,31,2021-10-22
ne,2020-06-24,NA,31,2021-10-22
ne,2020-06-25,NA,31,2021-10-22
ne,2020-06-26,NA,31,2021-10-22
ne,2020-06-27,NA,31,2021-10-22
ne,2020-06-28,NA,31,2021-10-22
ne,2020-06-29,NA,31,2021-10-22
ne,2020-06-30,NA,31,2021-10-22
ne,2020-07-01,NA,31,2021-10-22
ne,2020-07-02,NA,31,2021-10-22
ne,2020-07-03,NA,31,2021-10-22
ne,2020-07-04,NA,31,2021-10-22
ne,2020-07-05,NA,31,2021-10-22
ne,2020-07-06,NA,31,2021-10-22
ne,2020-07-07,NA,31,2021-10-22
ne,2020-07-08,NA,31,2021-10-22
ne,2020-07-09,NA,31,2021-10-22
ne,2020-07-10,NA,31,2021-10-22
ne,2020-07-11,NA,31,2021-10-22
ne,2020-07-12,NA,31,2021-10-22
ne,2020-07-13,NA,31,2021-10-22
ne,2020-07-14,2,31,2021-10-22
ne,2020-07-15,1,31,2021-10-22
ne,2020-07-16,0,31,2021-10-22
ne,2020-07-17,2,31,2021-10-22
ne,2020-07-18,2,31,2021-10-22
ne,2020-07-19,1,31,2021-10-22
ne,2020-07-20,0,31,2021-10-22
ne,2020-07-21,2,31,2021-10-22
ne,2020-07-22,NA,31,2021-10-22
ne,2020-07-23,NA,31,2021-10-22
ne,2020-07-24,6,31,2021-10-22
ne,2020-07-25,4,31,2021-10-22
ne,2020-07-26,2,31,2021-10-22
ne,2020-07-27,4,31,2021-10-22
ne,2020-07-28,4,31,2021-10-22
ne,2020-07-29,3,31,2021-10-22
ne,2020-07-30,0,31,2021-10-22
ne,2020-07-31,0,31,2021-10-22
ne,2020-08-01,0,31,2021-10-22
ne,2020-08-02,0,31,2021-10-22
ne,2020-08-03,0,31,2021-10-22
ne,2020-08-04,0,31,2021-10-22
ne,2020-08-05,0,31,2021-10-22
ne,2020-08-06,13,31,2021-10-22
ne,2020-08-07,8,31,2021-10-22
ne,2020-08-08,11,31,2021-10-22
ne,2020-08-09,15,31,2021-10-22
ne,2020-08-10,17,31,2021-10-22
ne,2020-08-11,5,31,2021-10-22
ne,2020-08-12,9,31,2021-10-22
ne,2020-08-13,12,31,2021-10-22
ne,2020-08-14,13,31,2021-10-22
ne,2020-08-15,11,31,2021-10-22
ne,2020-08-16,11,31,2021-10-22
ne,2020-08-17,9,31,2021-10-22
ne,2020-08-18,5,31,2021-10-22
ne,2020-08-19,10,31,2021-10-22
ne,2020-08-20,16,31,2021-10-22
ne,2020-08-21,12,31,2021-10-22
ne,2020-08-22,9,31,2021-10-22
ne,2020-08-23,12,31,2021-10-22
ne,2020-08-24,17,31,2021-10-22
ne,2020-08-25,11,31,2021-10-22
ne,2020-08-26,15,31,2021-10-22
ne,2020-08-27,12,31,2021-10-22
ne,2020-08-28,10,31,2021-10-22
ne,2020-08-29,17,31,2021-10-22
ne,2020-08-30,16,31,2021-10-22
ne,2020-08-31,12,31,2021-10-22
ne,2020-09-01,21,31,2021-10-22
ne,2020-09-02,8,31,2021-10-22
ne,2020-09-03,13,31,2021-10-22
ne,2020-09-04,16,31,2021-10-22
ne,2020-09-05,9,31,2021-10-22
ne,2020-09-06,9,31,2021-10-22
ne,2020-09-07,10,31,2021-10-22
ne,2020-09-08,30,31,2021-10-22
ne,2020-09-09,12,31,2021-10-22
ne,2020-09-10,14,31,2021-10-22
ne,2020-09-11,18,31,2021-10-22
ne,2020-09-12,13,31,2021-10-22
ne,2020-09-13,16,31,2021-10-22
ne,2020-09-14,45,31,2021-10-22
ne,2020-09-15,17,31,2021-10-22
ne,2020-09-16,16,31,2021-10-22
ne,2020-09-17,12,31,2021-10-22
ne,2020-09-18,15,31,2021-10-22
ne,2020-09-19,20,31,2021-10-22
ne,2020-09-20,26,31,2021-10-22
ne,2020-09-21,26,31,2021-10-22
ne,2020-09-22,26,31,2021-10-22
ne,2020-09-23,20,31,2021-10-22
ne,2020-09-24,15,31,2021-10-22
ne,2020-09-25,31,31,2021-10-22
ne,2020-09-26,19,31,2021-10-22
ne,2020-09-27,22,31,2021-10-22
ne,2020-09-28,30,31,2021-10-22
ne,2020-09-29,30,31,2021-10-22
ne,2020-09-30,21,31,2021-10-22
ne,2020-10-01,24,31,2021-10-22
ne,2020-10-02,30,31,2021-10-22
ne,2020-10-03,27,31,2021-10-22
ne,2020-10-04,38,31,2021-10-22
ne,2020-10-05,32,31,2021-10-22
ne,2020-10-06,22,31,2021-10-22
ne,2020-10-07,36,31,2021-10-22
ne,2020-10-08,26,31,2021-10-22
ne,2020-10-09,35,31,2021-10-22
ne,2020-10-10,24,31,2021-10-22
ne,2020-10-11,37,31,2021-10-22
ne,2020-10-12,48,31,2021-10-22
ne,2020-10-13,58,31,2021-10-22
ne,2020-10-14,47,31,2021-10-22
ne,2020-10-15,36,31,2021-10-22
ne,2020-10-16,48,31,2021-10-22
ne,2020-10-17,40,31,2021-10-22
ne,2020-10-18,42,31,2021-10-22
ne,2020-10-19,63,31,2021-10-22
ne,2020-10-20,76,31,2021-10-22
ne,2020-10-21,53,31,2021-10-22
ne,2020-10-22,43,31,2021-10-22
ne,2020-10-23,45,31,2021-10-22
ne,2020-10-24,55,31,2021-10-22
ne,2020-10-25,33,31,2021-10-22
ne,2020-10-26,68,31,2021-10-22
ne,2020-10-27,81,31,2021-10-22
ne,2020-10-28,105,31,2021-10-22
ne,2020-10-29,76,31,2021-10-22
ne,2020-10-30,93,31,2021-10-22
ne,2020-10-31,60,31,2021-10-22
ne,2020-11-01,84,31,2021-10-22
ne,2020-11-02,117,31,2021-10-22
ne,2020-11-03,109,31,2021-10-22
ne,2020-11-04,105,31,2021-10-22
ne,2020-11-05,109,31,2021-10-22
ne,2020-11-06,111,31,2021-10-22
ne,2020-11-07,110,31,2021-10-22
ne,2020-11-08,117,31,2021-10-22
ne,2020-11-09,144,31,2021-10-22
ne,2020-11-10,135,31,2021-10-22
ne,2020-11-11,135,31,2021-10-22
ne,2020-11-12,122,31,2021-10-22
ne,2020-11-13,114,31,2021-10-22
ne,2020-11-14,120,31,2021-10-22
ne,2020-11-15,141,31,2021-10-22
ne,2020-11-16,148,31,2021-10-22
ne,2020-11-17,142,31,2021-10-22
ne,2020-11-18,149,31,2021-10-22
ne,2020-11-19,142,31,2021-10-22
ne,2020-11-20,110,31,2021-10-22
ne,2020-11-21,112,31,2021-10-22
ne,2020-11-22,96,31,2021-10-22
ne,2020-11-23,105,31,2021-10-22
ne,2020-11-24,126,31,2021-10-22
ne,2020-11-25,121,31,2021-10-22
ne,2020-11-26,95,31,2021-10-22
ne,2020-11-27,108,31,2021-10-22
ne,2020-11-28,97,31,2021-10-22
ne,2020-11-29,74,31,2021-10-22
ne,2020-11-30,113,31,2021-10-22
ne,2020-12-01,114,31,2021-10-22
ne,2020-12-02,107,31,2021-10-22
ne,2020-12-03,95,31,2021-10-22
ne,2020-12-04,80,31,2021-10-22
ne,2020-12-05,65,31,2021-10-22
ne,2020-12-06,77,31,2021-10-22
ne,2020-12-07,87,31,2021-10-22
ne,2020-12-08,81,31,2021-10-22
ne,2020-12-09,83,31,2021-10-22
ne,2020-12-10,91,31,2021-10-22
ne,2020-12-11,74,31,2021-10-22
ne,2020-12-12,67,31,2021-10-22
ne,2020-12-13,59,31,2021-10-22
ne,2020-12-14,77,31,2021-10-22
ne,2020-12-15,49,31,2021-10-22
ne,2020-12-16,69,31,2021-10-22
ne,2020-12-17,58,31,2021-10-22
ne,2020-12-18,65,31,2021-10-22
ne,2020-12-19,48,31,2021-10-22
ne,2020-12-20,58,31,2021-10-22
ne,2020-12-21,66,31,2021-10-22
ne,2020-12-22,62,31,2021-10-22
ne,2020-12-23,49,31,2021-10-22
ne,2020-12-24,47,31,2021-10-22
ne,2020-12-25,42,31,2021-10-22
ne,2020-12-26,50,31,2021-10-22
ne,2020-12-27,42,31,2021-10-22
ne,2020-12-28,40,31,2021-10-22
ne,2020-12-29,60,31,2021-10-22
ne,2020-12-30,62,31,2021-10-22
ne,2020-12-31,54,31,2021-10-22
ne,2021-01-01,51,31,2021-10-22
ne,2021-01-02,46,31,2021-10-22
ne,2021-01-03,66,31,2021-10-22
ne,2021-01-04,70,31,2021-10-22
ne,2021-01-05,52,31,2021-10-22
ne,2021-01-06,53,31,2021-10-22
ne,2021-01-07,54,31,2021-10-22
ne,2021-01-08,55,31,2021-10-22
ne,2021-01-09,60,31,2021-10-22
ne,2021-01-10,59,31,2021-10-22
ne,2021-01-11,57,31,2021-10-22
ne,2021-01-12,59,31,2021-10-22
ne,2021-01-13,56,31,2021-10-22
ne,2021-01-14,50,31,2021-10-22
ne,2021-01-15,34,31,2021-10-22
ne,2021-01-16,35,31,2021-10-22
ne,2021-01-17,39,31,2021-10-22
ne,2021-01-18,54,31,2021-10-22
ne,2021-01-19,49,31,2021-10-22
ne,2021-01-20,53,31,2021-10-22
ne,2021-01-21,48,31,2021-10-22
ne,2021-01-22,27,31,2021-10-22
ne,2021-01-23,34,31,2021-10-22
ne,2021-01-24,25,31,2021-10-22
ne,2021-01-25,33,31,2021-10-22
ne,2021-01-26,25,31,2021-10-22
ne,2021-01-27,40,31,2021-10-22
ne,2021-01-28,25,31,2021-10-22
ne,2021-01-29,28,31,2021-10-22
ne,2021-01-30,35,31,2021-10-22
ne,2021-01-31,22,31,2021-10-22
ne,2021-02-01,30,31,2021-10-22
ne,2021-02-02,25,31,2021-10-22
ne,2021-02-03,36,31,2021-10-22
ne,2021-02-04,31,31,2021-10-22
ne,2021-02-05,27,31,2021-10-22
ne,2021-02-06,15,31,2021-10-22
ne,2021-02-07,23,31,2021-10-22
ne,2021-02-08,18,31,2021-10-22
ne,2021-02-09,20,31,2021-10-22
ne,2021-02-10,16,31,2021-10-22
ne,2021-02-11,17,31,2021-10-22
ne,2021-02-12,15,31,2021-10-22
ne,2021-02-13,16,31,2021-10-22
ne,2021-02-14,12,31,2021-10-22
ne,2021-02-15,21,31,2021-10-22
ne,2021-02-16,25,31,2021-10-22
ne,2021-02-17,17,31,2021-10-22
ne,2021-02-18,17,31,2021-10-22
ne,2021-02-19,23,31,2021-10-22
ne,2021-02-20,18,31,2021-10-22
ne,2021-02-21,17,31,2021-10-22
ne,2021-02-22,22,31,2021-10-22
ne,2021-02-23,22,31,2021-10-22
ne,2021-02-24,21,31,2021-10-22
ne,2021-02-25,22,31,2021-10-22
ne,2021-02-26,20,31,2021-10-22
ne,2021-02-27,20,31,2021-10-22
ne,2021-02-28,14,31,2021-10-22
ne,2021-03-01,17,31,2021-10-22
ne,2021-03-02,22,31,2021-10-22
ne,2021-03-03,18,31,2021-10-22
ne,2021-03-04,9,31,2021-10-22
ne,2021-03-05,14,31,2021-10-22
ne,2021-03-06,9,31,2021-10-22
ne,2021-03-07,14,31,2021-10-22
ne,2021-03-08,11,31,2021-10-22
ne,2021-03-09,20,31,2021-10-22
ne,2021-03-10,11,31,2021-10-22
ne,2021-03-11,11,31,2021-10-22
ne,2021-03-12,18,31,2021-10-22
ne,2021-03-13,11,31,2021-10-22
ne,2021-03-14,12,31,2021-10-22
ne,2021-03-15,15,31,2021-10-22
ne,2021-03-16,14,31,2021-10-22
ne,2021-03-17,12,31,2021-10-22
ne,2021-03-18,16,31,2021-10-22
ne,2021-03-19,14,31,2021-10-22
ne,2021-03-20,12,31,2021-10-22
ne,2021-03-21,10,31,2021-10-22
ne,2021-03-22,13,31,2021-10-22
ne,2021-03-23,13,31,2021-10-22
ne,2021-03-24,8,31,2021-10-22
ne,2021-03-25,11,31,2021-10-22
ne,2021-03-26,8,31,2021-10-22
ne,2021-03-27,19,31,2021-10-22
ne,2021-03-28,9,31,2021-10-22
ne,2021-03-29,16,31,2021-10-22
ne,2021-03-30,19,31,2021-10-22
ne,2021-03-31,14,31,2021-10-22
ne,2021-04-01,14,31,2021-10-22
ne,2021-04-02,19,31,2021-10-22
ne,2021-04-03,12,31,2021-10-22
ne,2021-04-04,16,31,2021-10-22
ne,2021-04-05,27,31,2021-10-22
ne,2021-04-06,24,31,2021-10-22
ne,2021-04-07,25,31,2021-10-22
ne,2021-04-08,15,31,2021-10-22
ne,2021-04-09,16,31,2021-10-22
ne,2021-04-10,14,31,2021-10-22
ne,2021-04-11,11,31,2021-10-22
ne,2021-04-12,23,31,2021-10-22
ne,2021-04-13,16,31,2021-10-22
ne,2021-04-14,22,31,2021-10-22
ne,2021-04-15,20,31,2021-10-22
ne,2021-04-16,21,31,2021-10-22
ne,2021-04-17,22,31,2021-10-22
ne,2021-04-18,18,31,2021-10-22
ne,2021-04-19,18,31,2021-10-22
ne,2021-04-20,15,31,2021-10-22
ne,2021-04-21,14,31,2021-10-22
ne,2021-04-22,16,31,2021-10-22
ne,2021-04-23,11,31,2021-10-22
ne,2021-04-24,11,31,2021-10-22
ne,2021-04-25,18,31,2021-10-22
ne,2021-04-26,20,31,2021-10-22
ne,2021-04-27,14,31,2021-10-22
ne,2021-04-28,16,31,2021-10-22
ne,2021-04-29,15,31,2021-10-22
ne,2021-04-30,16,31,2021-10-22
ne,2021-05-01,13,31,2021-10-22
ne,2021-05-02,14,31,2021-10-22
ne,2021-05-03,12,31,2021-10-22
ne,2021-05-04,12,31,2021-10-22
ne,2021-05-05,14,31,2021-10-22
ne,2021-05-06,11,31,2021-10-22
ne,2021-05-07,15,31,2021-10-22
ne,2021-05-08,8,31,2021-10-22
ne,2021-05-09,16,31,2021-10-22
ne,2021-05-10,18,31,2021-10-22
ne,2021-05-11,13,31,2021-10-22
ne,2021-05-12,15,31,2021-10-22
ne,2021-05-13,9,31,2021-10-22
ne,2021-05-14,7,31,2021-10-22
ne,2021-05-15,7,31,2021-10-22
ne,2021-05-16,10,31,2021-10-22
ne,2021-05-17,9,31,2021-10-22
ne,2021-05-18,8,31,2021-10-22
ne,2021-05-19,9,31,2021-10-22
ne,2021-05-20,11,31,2021-10-22
ne,2021-05-21,8,31,2021-10-22
ne,2021-05-22,7,31,2021-10-22
ne,2021-05-23,4,31,2021-10-22
ne,2021-05-24,13,31,2021-10-22
ne,2021-05-25,7,31,2021-10-22
ne,2021-05-26,4,31,2021-10-22
ne,2021-05-27,9,31,2021-10-22
ne,2021-05-28,5,31,2021-10-22
ne,2021-05-29,6,31,2021-10-22
ne,2021-05-30,7,31,2021-10-22
ne,2021-05-31,6,31,2021-10-22
ne,2021-06-01,7,31,2021-10-22
ne,2021-06-02,5,31,2021-10-22
ne,2021-06-03,5,31,2021-10-22
ne,2021-06-04,2,31,2021-10-22
ne,2021-06-05,6,31,2021-10-22
ne,2021-06-06,6,31,2021-10-22
ne,2021-06-07,8,31,2021-10-22
ne,2021-06-08,2,31,2021-10-22
ne,2021-06-09,1,31,2021-10-22
ne,2021-06-10,8,31,2021-10-22
ne,2021-06-11,6,31,2021-10-22
ne,2021-06-12,6,31,2021-10-22
ne,2021-06-13,9,31,2021-10-22
ne,2021-06-14,9,31,2021-10-22
ne,2021-06-15,6,31,2021-10-22
ne,2021-06-16,7,31,2021-10-22
ne,2021-06-17,5,31,2021-10-22
ne,2021-06-18,9,31,2021-10-22
ne,2021-06-19,4,31,2021-10-22
ne,2021-06-20,1,31,2021-10-22
ne,2021-06-21,6,31,2021-10-22
ne,2021-06-22,5,31,2021-10-22
ne,2021-06-23,7,31,2021-10-22
ne,2021-06-24,4,31,2021-10-22
ne,2021-06-25,2,31,2021-10-22
ne,2021-06-26,2,31,2021-10-22
ne,2021-06-27,5,31,2021-10-22
ne,2021-06-28,7,31,2021-10-22
ne,2021-06-29,9,31,2021-10-22
ne,2021-06-30,5,31,2021-10-22
ne,2021-07-01,10,31,2021-10-22
ne,2021-07-02,4,31,2021-10-22
ne,2021-07-03,4,31,2021-10-22
ne,2021-07-04,5,31,2021-10-22
ne,2021-07-05,6,31,2021-10-22
ne,2021-07-06,13,31,2021-10-22
ne,2021-07-07,4,31,2021-10-22
ne,2021-07-08,6,31,2021-10-22
ne,2021-07-09,10,31,2021-10-22
ne,2021-07-10,14,31,2021-10-22
ne,2021-07-11,13,31,2021-10-22
ne,2021-07-12,8,31,2021-10-22
ne,2021-07-13,15,31,2021-10-22
ne,2021-07-14,13,31,2021-10-22
ne,2021-07-15,15,31,2021-10-22
ne,2021-07-16,14,31,2021-10-22
ne,2021-07-17,15,31,2021-10-22
ne,2021-07-18,10,31,2021-10-22
ne,2021-07-19,18,31,2021-10-22
ne,2021-07-20,15,31,2021-10-22
ne,2021-07-21,18,31,2021-10-22
ne,2021-07-22,21,31,2021-10-22
ne,2021-07-23,12,31,2021-10-22
ne,2021-07-24,17,31,2021-10-22
ne,2021-07-25,12,31,2021-10-22
ne,2021-07-26,24,31,2021-10-22
ne,2021-07-27,13,31,2021-10-22
ne,2021-07-28,21,31,2021-10-22
ne,2021-07-29,26,31,2021-10-22
ne,2021-07-30,21,31,2021-10-22
ne,2021-07-31,13,31,2021-10-22
ne,2021-08-01,17,31,2021-10-22
ne,2021-08-02,20,31,2021-10-22
ne,2021-08-03,18,31,2021-10-22
ne,2021-08-04,27,31,2021-10-22
ne,2021-08-05,31,31,2021-10-22
ne,2021-08-06,27,31,2021-10-22
ne,2021-08-07,18,31,2021-10-22
ne,2021-08-08,34,31,2021-10-22
ne,2021-08-09,26,31,2021-10-22
ne,2021-08-10,30,31,2021-10-22
ne,2021-08-11,36,31,2021-10-22
ne,2021-08-12,28,31,2021-10-22
ne,2021-08-13,27,31,2021-10-22
ne,2021-08-14,29,31,2021-10-22
ne,2021-08-15,31,31,2021-10-22
ne,2021-08-16,36,31,2021-10-22
ne,2021-08-17,28,31,2021-10-22
ne,2021-08-18,38,31,2021-10-22
ne,2021-08-19,30,31,2021-10-22
ne,2021-08-20,36,31,2021-10-22
ne,2021-08-21,35,31,2021-10-22
ne,2021-08-22,41,31,2021-10-22
ne,2021-08-23,40,31,2021-10-22
ne,2021-08-24,47,31,2021-10-22
ne,2021-08-25,43,31,2021-10-22
ne,2021-08-26,46,31,2021-10-22
ne,2021-08-27,45,31,2021-10-22
ne,2021-08-28,33,31,2021-10-22
ne,2021-08-29,29,31,2021-10-22
ne,2021-08-30,52,31,2021-10-22
ne,2021-08-31,53,31,2021-10-22
ne,2021-09-01,55,31,2021-10-22
ne,2021-09-02,44,31,2021-10-22
ne,2021-09-03,41,31,2021-10-22
ne,2021-09-04,32,31,2021-10-22
ne,2021-09-05,36,31,2021-10-22
ne,2021-09-06,58,31,2021-10-22
ne,2021-09-07,46,31,2021-10-22
ne,2021-09-08,29,31,2021-10-22
ne,2021-09-09,45,31,2021-10-22
ne,2021-09-10,43,31,2021-10-22
ne,2021-09-11,46,31,2021-10-22
ne,2021-09-12,53,31,2021-10-22
ne,2021-09-13,61,31,2021-10-22
ne,2021-09-14,49,31,2021-10-22
ne,2021-09-15,44,31,2021-10-22
ne,2021-09-16,54,31,2021-10-22
ne,2021-09-17,56,31,2021-10-22
ne,2021-09-18,53,31,2021-10-22
ne,2021-09-19,65,31,2021-10-22
ne,2021-09-20,59,31,2021-10-22
ne,2021-09-21,48,31,2021-10-22
ne,2021-09-22,34,31,2021-10-22
ne,2021-09-23,53,31,2021-10-22
ne,2021-09-24,44,31,2021-10-22
ne,2021-09-25,46,31,2021-10-22
ne,2021-09-26,50,31,2021-10-22
ne,2021-09-27,65,31,2021-10-22
ne,2021-09-28,35,31,2021-10-22
ne,2021-09-29,44,31,2021-10-22
ne,2021-09-30,56,31,2021-10-22
ne,2021-10-01,33,31,2021-10-22
ne,2021-10-02,44,31,2021-10-22
ne,2021-10-03,38,31,2021-10-22
ne,2021-10-04,52,31,2021-10-22
ne,2021-10-05,56,31,2021-10-22
ne,2021-10-06,41,31,2021-10-22
ne,2021-10-07,36,31,2021-10-22
ne,2021-10-08,48,31,2021-10-22
ne,2021-10-09,51,31,2021-10-22
ne,2021-10-10,49,31,2021-10-22
ne,2021-10-11,52,31,2021-10-22
ne,2021-10-12,45,31,2021-10-22
ne,2021-10-13,44,31,2021-10-22
ne,2021-10-14,50,31,2021-10-22
ne,2021-10-15,45,31,2021-10-22
ne,2021-10-16,38,31,2021-10-22
ne,2021-10-17,44,31,2021-10-22
ne,2021-10-18,45,31,2021-10-22
ne,2021-10-19,42,31,2021-10-22
ne,2021-10-20,35,31,2021-10-22
ne,2021-10-21,35,31,2021-10-22
nv,2020-01-01,132,32,2021-10-22
nv,2020-01-02,132,32,2021-10-22
nv,2020-01-03,132,32,2021-10-22
nv,2020-01-04,132,32,2021-10-22
nv,2020-01-05,132,32,2021-10-22
nv,2020-01-23,NA,32,2021-10-22
nv,2020-01-24,NA,32,2021-10-22
nv,2020-01-25,NA,32,2021-10-22
nv,2020-01-26,NA,32,2021-10-22
nv,2020-01-27,NA,32,2021-10-22
nv,2020-01-28,NA,32,2021-10-22
nv,2020-01-29,NA,32,2021-10-22
nv,2020-01-30,NA,32,2021-10-22
nv,2020-01-31,NA,32,2021-10-22
nv,2020-02-01,NA,32,2021-10-22
nv,2020-02-02,NA,32,2021-10-22
nv,2020-02-03,NA,32,2021-10-22
nv,2020-02-04,NA,32,2021-10-22
nv,2020-02-05,NA,32,2021-10-22
nv,2020-02-06,NA,32,2021-10-22
nv,2020-02-07,NA,32,2021-10-22
nv,2020-02-08,NA,32,2021-10-22
nv,2020-02-09,NA,32,2021-10-22
nv,2020-02-10,NA,32,2021-10-22
nv,2020-02-11,NA,32,2021-10-22
nv,2020-02-12,NA,32,2021-10-22
nv,2020-02-13,NA,32,2021-10-22
nv,2020-02-14,NA,32,2021-10-22
nv,2020-02-15,NA,32,2021-10-22
nv,2020-02-16,NA,32,2021-10-22
nv,2020-02-17,NA,32,2021-10-22
nv,2020-02-18,NA,32,2021-10-22
nv,2020-02-19,NA,32,2021-10-22
nv,2020-02-20,NA,32,2021-10-22
nv,2020-02-21,NA,32,2021-10-22
nv,2020-02-22,NA,32,2021-10-22
nv,2020-02-23,NA,32,2021-10-22
nv,2020-02-24,NA,32,2021-10-22
nv,2020-02-25,NA,32,2021-10-22
nv,2020-02-26,NA,32,2021-10-22
nv,2020-02-27,NA,32,2021-10-22
nv,2020-02-28,NA,32,2021-10-22
nv,2020-02-29,NA,32,2021-10-22
nv,2020-03-01,NA,32,2021-10-22
nv,2020-03-02,NA,32,2021-10-22
nv,2020-03-03,NA,32,2021-10-22
nv,2020-03-04,NA,32,2021-10-22
nv,2020-03-05,NA,32,2021-10-22
nv,2020-03-06,NA,32,2021-10-22
nv,2020-03-07,NA,32,2021-10-22
nv,2020-03-08,NA,32,2021-10-22
nv,2020-03-09,NA,32,2021-10-22
nv,2020-03-10,NA,32,2021-10-22
nv,2020-03-11,NA,32,2021-10-22
nv,2020-03-12,NA,32,2021-10-22
nv,2020-03-13,NA,32,2021-10-22
nv,2020-03-14,NA,32,2021-10-22
nv,2020-03-15,NA,32,2021-10-22
nv,2020-03-16,NA,32,2021-10-22
nv,2020-03-17,NA,32,2021-10-22
nv,2020-03-18,NA,32,2021-10-22
nv,2020-03-19,NA,32,2021-10-22
nv,2020-03-20,NA,32,2021-10-22
nv,2020-03-21,NA,32,2021-10-22
nv,2020-03-22,NA,32,2021-10-22
nv,2020-03-23,NA,32,2021-10-22
nv,2020-03-24,NA,32,2021-10-22
nv,2020-03-25,NA,32,2021-10-22
nv,2020-03-26,NA,32,2021-10-22
nv,2020-03-27,NA,32,2021-10-22
nv,2020-03-28,NA,32,2021-10-22
nv,2020-03-29,NA,32,2021-10-22
nv,2020-03-30,NA,32,2021-10-22
nv,2020-03-31,NA,32,2021-10-22
nv,2020-04-01,NA,32,2021-10-22
nv,2020-04-02,NA,32,2021-10-22
nv,2020-04-03,NA,32,2021-10-22
nv,2020-04-04,NA,32,2021-10-22
nv,2020-04-05,NA,32,2021-10-22
nv,2020-04-06,NA,32,2021-10-22
nv,2020-04-07,NA,32,2021-10-22
nv,2020-04-08,NA,32,2021-10-22
nv,2020-04-09,NA,32,2021-10-22
nv,2020-04-10,NA,32,2021-10-22
nv,2020-04-11,NA,32,2021-10-22
nv,2020-04-12,NA,32,2021-10-22
nv,2020-04-13,NA,32,2021-10-22
nv,2020-04-14,NA,32,2021-10-22
nv,2020-04-15,NA,32,2021-10-22
nv,2020-04-16,NA,32,2021-10-22
nv,2020-04-17,NA,32,2021-10-22
nv,2020-04-18,NA,32,2021-10-22
nv,2020-04-19,NA,32,2021-10-22
nv,2020-04-20,NA,32,2021-10-22
nv,2020-04-21,NA,32,2021-10-22
nv,2020-04-22,NA,32,2021-10-22
nv,2020-04-23,NA,32,2021-10-22
nv,2020-04-24,NA,32,2021-10-22
nv,2020-04-25,NA,32,2021-10-22
nv,2020-04-26,NA,32,2021-10-22
nv,2020-04-27,NA,32,2021-10-22
nv,2020-04-28,NA,32,2021-10-22
nv,2020-04-29,NA,32,2021-10-22
nv,2020-04-30,NA,32,2021-10-22
nv,2020-05-01,NA,32,2021-10-22
nv,2020-05-02,NA,32,2021-10-22
nv,2020-05-03,NA,32,2021-10-22
nv,2020-05-04,NA,32,2021-10-22
nv,2020-05-05,NA,32,2021-10-22
nv,2020-05-06,NA,32,2021-10-22
nv,2020-05-07,NA,32,2021-10-22
nv,2020-05-08,NA,32,2021-10-22
nv,2020-05-09,NA,32,2021-10-22
nv,2020-05-10,NA,32,2021-10-22
nv,2020-05-11,NA,32,2021-10-22
nv,2020-05-12,NA,32,2021-10-22
nv,2020-05-13,NA,32,2021-10-22
nv,2020-05-14,NA,32,2021-10-22
nv,2020-05-15,NA,32,2021-10-22
nv,2020-05-16,NA,32,2021-10-22
nv,2020-05-17,NA,32,2021-10-22
nv,2020-05-18,NA,32,2021-10-22
nv,2020-05-19,NA,32,2021-10-22
nv,2020-05-20,NA,32,2021-10-22
nv,2020-05-21,NA,32,2021-10-22
nv,2020-05-22,NA,32,2021-10-22
nv,2020-05-23,NA,32,2021-10-22
nv,2020-05-24,NA,32,2021-10-22
nv,2020-05-25,NA,32,2021-10-22
nv,2020-05-26,NA,32,2021-10-22
nv,2020-05-27,NA,32,2021-10-22
nv,2020-05-28,NA,32,2021-10-22
nv,2020-05-29,NA,32,2021-10-22
nv,2020-05-30,NA,32,2021-10-22
nv,2020-05-31,NA,32,2021-10-22
nv,2020-06-01,NA,32,2021-10-22
nv,2020-06-02,NA,32,2021-10-22
nv,2020-06-03,NA,32,2021-10-22
nv,2020-06-04,NA,32,2021-10-22
nv,2020-06-05,NA,32,2021-10-22
nv,2020-06-06,NA,32,2021-10-22
nv,2020-06-07,NA,32,2021-10-22
nv,2020-06-08,NA,32,2021-10-22
nv,2020-06-09,NA,32,2021-10-22
nv,2020-06-10,NA,32,2021-10-22
nv,2020-06-11,NA,32,2021-10-22
nv,2020-06-12,NA,32,2021-10-22
nv,2020-06-13,NA,32,2021-10-22
nv,2020-06-14,NA,32,2021-10-22
nv,2020-06-15,NA,32,2021-10-22
nv,2020-06-16,NA,32,2021-10-22
nv,2020-06-17,NA,32,2021-10-22
nv,2020-06-18,NA,32,2021-10-22
nv,2020-06-19,NA,32,2021-10-22
nv,2020-06-20,NA,32,2021-10-22
nv,2020-06-21,NA,32,2021-10-22
nv,2020-06-22,NA,32,2021-10-22
nv,2020-06-23,NA,32,2021-10-22
nv,2020-06-24,NA,32,2021-10-22
nv,2020-06-25,NA,32,2021-10-22
nv,2020-06-26,NA,32,2021-10-22
nv,2020-06-27,NA,32,2021-10-22
nv,2020-06-28,NA,32,2021-10-22
nv,2020-06-29,NA,32,2021-10-22
nv,2020-06-30,NA,32,2021-10-22
nv,2020-07-01,NA,32,2021-10-22
nv,2020-07-02,NA,32,2021-10-22
nv,2020-07-03,NA,32,2021-10-22
nv,2020-07-04,NA,32,2021-10-22
nv,2020-07-05,NA,32,2021-10-22
nv,2020-07-06,NA,32,2021-10-22
nv,2020-07-07,NA,32,2021-10-22
nv,2020-07-08,NA,32,2021-10-22
nv,2020-07-09,NA,32,2021-10-22
nv,2020-07-10,NA,32,2021-10-22
nv,2020-07-11,NA,32,2021-10-22
nv,2020-07-12,NA,32,2021-10-22
nv,2020-07-13,NA,32,2021-10-22
nv,2020-07-14,1,32,2021-10-22
nv,2020-07-15,7,32,2021-10-22
nv,2020-07-16,4,32,2021-10-22
nv,2020-07-17,4,32,2021-10-22
nv,2020-07-18,5,32,2021-10-22
nv,2020-07-19,5,32,2021-10-22
nv,2020-07-20,19,32,2021-10-22
nv,2020-07-21,3,32,2021-10-22
nv,2020-07-22,0,32,2021-10-22
nv,2020-07-23,1,32,2021-10-22
nv,2020-07-24,0,32,2021-10-22
nv,2020-07-25,1,32,2021-10-22
nv,2020-07-26,1,32,2021-10-22
nv,2020-07-27,2,32,2021-10-22
nv,2020-07-28,0,32,2021-10-22
nv,2020-07-29,115,32,2021-10-22
nv,2020-07-30,71,32,2021-10-22
nv,2020-07-31,76,32,2021-10-22
nv,2020-08-01,83,32,2021-10-22
nv,2020-08-02,86,32,2021-10-22
nv,2020-08-03,68,32,2021-10-22
nv,2020-08-04,74,32,2021-10-22
nv,2020-08-05,68,32,2021-10-22
nv,2020-08-06,76,32,2021-10-22
nv,2020-08-07,72,32,2021-10-22
nv,2020-08-08,44,32,2021-10-22
nv,2020-08-09,55,32,2021-10-22
nv,2020-08-10,68,32,2021-10-22
nv,2020-08-11,59,32,2021-10-22
nv,2020-08-12,69,32,2021-10-22
nv,2020-08-13,64,32,2021-10-22
nv,2020-08-14,57,32,2021-10-22
nv,2020-08-15,58,32,2021-10-22
nv,2020-08-16,60,32,2021-10-22
nv,2020-08-17,55,32,2021-10-22
nv,2020-08-18,66,32,2021-10-22
nv,2020-08-19,59,32,2021-10-22
nv,2020-08-20,64,32,2021-10-22
nv,2020-08-21,65,32,2021-10-22
nv,2020-08-22,49,32,2021-10-22
nv,2020-08-23,50,32,2021-10-22
nv,2020-08-24,47,32,2021-10-22
nv,2020-08-25,41,32,2021-10-22
nv,2020-08-26,45,32,2021-10-22
nv,2020-08-27,52,32,2021-10-22
nv,2020-08-28,69,32,2021-10-22
nv,2020-08-29,63,32,2021-10-22
nv,2020-08-30,39,32,2021-10-22
nv,2020-08-31,58,32,2021-10-22
nv,2020-09-01,45,32,2021-10-22
nv,2020-09-02,44,32,2021-10-22
nv,2020-09-03,51,32,2021-10-22
nv,2020-09-04,59,32,2021-10-22
nv,2020-09-05,37,32,2021-10-22
nv,2020-09-06,32,32,2021-10-22
nv,2020-09-07,44,32,2021-10-22
nv,2020-09-08,38,32,2021-10-22
nv,2020-09-09,32,32,2021-10-22
nv,2020-09-10,41,32,2021-10-22
nv,2020-09-11,47,32,2021-10-22
nv,2020-09-12,48,32,2021-10-22
nv,2020-09-13,38,32,2021-10-22
nv,2020-09-14,28,32,2021-10-22
nv,2020-09-15,34,32,2021-10-22
nv,2020-09-16,40,32,2021-10-22
nv,2020-09-17,31,32,2021-10-22
nv,2020-09-18,44,32,2021-10-22
nv,2020-09-19,44,32,2021-10-22
nv,2020-09-20,38,32,2021-10-22
nv,2020-09-21,38,32,2021-10-22
nv,2020-09-22,48,32,2021-10-22
nv,2020-09-23,48,32,2021-10-22
nv,2020-09-24,36,32,2021-10-22
nv,2020-09-25,43,32,2021-10-22
nv,2020-09-26,31,32,2021-10-22
nv,2020-09-27,27,32,2021-10-22
nv,2020-09-28,31,32,2021-10-22
nv,2020-09-29,37,32,2021-10-22
nv,2020-09-30,38,32,2021-10-22
nv,2020-10-01,36,32,2021-10-22
nv,2020-10-02,40,32,2021-10-22
nv,2020-10-03,25,32,2021-10-22
nv,2020-10-04,35,32,2021-10-22
nv,2020-10-05,46,32,2021-10-22
nv,2020-10-06,42,32,2021-10-22
nv,2020-10-07,38,32,2021-10-22
nv,2020-10-08,47,32,2021-10-22
nv,2020-10-09,34,32,2021-10-22
nv,2020-10-10,32,32,2021-10-22
nv,2020-10-11,29,32,2021-10-22
nv,2020-10-12,45,32,2021-10-22
nv,2020-10-13,55,32,2021-10-22
nv,2020-10-14,65,32,2021-10-22
nv,2020-10-15,48,32,2021-10-22
nv,2020-10-16,59,32,2021-10-22
nv,2020-10-17,52,32,2021-10-22
nv,2020-10-18,50,32,2021-10-22
nv,2020-10-19,50,32,2021-10-22
nv,2020-10-20,66,32,2021-10-22
nv,2020-10-21,47,32,2021-10-22
nv,2020-10-22,46,32,2021-10-22
nv,2020-10-23,44,32,2021-10-22
nv,2020-10-24,47,32,2021-10-22
nv,2020-10-25,45,32,2021-10-22
nv,2020-10-26,57,32,2021-10-22
nv,2020-10-27,72,32,2021-10-22
nv,2020-10-28,52,32,2021-10-22
nv,2020-10-29,44,32,2021-10-22
nv,2020-10-30,70,32,2021-10-22
nv,2020-10-31,61,32,2021-10-22
nv,2020-11-01,53,32,2021-10-22
nv,2020-11-02,92,32,2021-10-22
nv,2020-11-03,81,32,2021-10-22
nv,2020-11-04,81,32,2021-10-22
nv,2020-11-05,82,32,2021-10-22
nv,2020-11-06,92,32,2021-10-22
nv,2020-11-07,83,32,2021-10-22
nv,2020-11-08,89,32,2021-10-22
nv,2020-11-09,94,32,2021-10-22
nv,2020-11-10,95,32,2021-10-22
nv,2020-11-11,121,32,2021-10-22
nv,2020-11-12,197,32,2021-10-22
nv,2020-11-13,125,32,2021-10-22
nv,2020-11-14,122,32,2021-10-22
nv,2020-11-15,195,32,2021-10-22
nv,2020-11-16,130,32,2021-10-22
nv,2020-11-17,136,32,2021-10-22
nv,2020-11-18,149,32,2021-10-22
nv,2020-11-19,130,32,2021-10-22
nv,2020-11-20,113,32,2021-10-22
nv,2020-11-21,136,32,2021-10-22
nv,2020-11-22,145,32,2021-10-22
nv,2020-11-23,156,32,2021-10-22
nv,2020-11-24,160,32,2021-10-22
nv,2020-11-25,150,32,2021-10-22
nv,2020-11-26,117,32,2021-10-22
nv,2020-11-27,165,32,2021-10-22
nv,2020-11-28,149,32,2021-10-22
nv,2020-11-29,146,32,2021-10-22
nv,2020-11-30,169,32,2021-10-22
nv,2020-12-01,179,32,2021-10-22
nv,2020-12-02,174,32,2021-10-22
nv,2020-12-03,157,32,2021-10-22
nv,2020-12-04,157,32,2021-10-22
nv,2020-12-05,150,32,2021-10-22
nv,2020-12-06,136,32,2021-10-22
nv,2020-12-07,157,32,2021-10-22
nv,2020-12-08,242,32,2021-10-22
nv,2020-12-09,194,32,2021-10-22
nv,2020-12-10,184,32,2021-10-22
nv,2020-12-11,189,32,2021-10-22
nv,2020-12-12,170,32,2021-10-22
nv,2020-12-13,175,32,2021-10-22
nv,2020-12-14,212,32,2021-10-22
nv,2020-12-15,216,32,2021-10-22
nv,2020-12-16,161,32,2021-10-22
nv,2020-12-17,129,32,2021-10-22
nv,2020-12-18,171,32,2021-10-22
nv,2020-12-19,192,32,2021-10-22
nv,2020-12-20,145,32,2021-10-22
nv,2020-12-21,191,32,2021-10-22
nv,2020-12-22,183,32,2021-10-22
nv,2020-12-23,174,32,2021-10-22
nv,2020-12-24,144,32,2021-10-22
nv,2020-12-25,145,32,2021-10-22
nv,2020-12-26,157,32,2021-10-22
nv,2020-12-27,160,32,2021-10-22
nv,2020-12-28,174,32,2021-10-22
nv,2020-12-29,169,32,2021-10-22
nv,2020-12-30,167,32,2021-10-22
nv,2020-12-31,164,32,2021-10-22
nv,2021-01-01,130,32,2021-10-22
nv,2021-01-02,163,32,2021-10-22
nv,2021-01-03,147,32,2021-10-22
nv,2021-01-04,169,32,2021-10-22
nv,2021-01-05,185,32,2021-10-22
nv,2021-01-06,166,32,2021-10-22
nv,2021-01-07,173,32,2021-10-22
nv,2021-01-08,173,32,2021-10-22
nv,2021-01-09,157,32,2021-10-22
nv,2021-01-10,160,32,2021-10-22
nv,2021-01-11,168,32,2021-10-22
nv,2021-01-12,154,32,2021-10-22
nv,2021-01-13,142,32,2021-10-22
nv,2021-01-14,175,32,2021-10-22
nv,2021-01-15,171,32,2021-10-22
nv,2021-01-16,134,32,2021-10-22
nv,2021-01-17,140,32,2021-10-22
nv,2021-01-18,130,32,2021-10-22
nv,2021-01-19,122,32,2021-10-22
nv,2021-01-20,143,32,2021-10-22
nv,2021-01-21,165,32,2021-10-22
nv,2021-01-22,147,32,2021-10-22
nv,2021-01-23,120,32,2021-10-22
nv,2021-01-24,95,32,2021-10-22
nv,2021-01-25,151,32,2021-10-22
nv,2021-01-26,102,32,2021-10-22
nv,2021-01-27,124,32,2021-10-22
nv,2021-01-28,116,32,2021-10-22
nv,2021-01-29,106,32,2021-10-22
nv,2021-01-30,108,32,2021-10-22
nv,2021-01-31,100,32,2021-10-22
nv,2021-02-01,94,32,2021-10-22
nv,2021-02-02,146,32,2021-10-22
nv,2021-02-03,99,32,2021-10-22
nv,2021-02-04,85,32,2021-10-22
nv,2021-02-05,88,32,2021-10-22
nv,2021-02-06,76,32,2021-10-22
nv,2021-02-07,83,32,2021-10-22
nv,2021-02-08,99,32,2021-10-22
nv,2021-02-09,100,32,2021-10-22
nv,2021-02-10,74,32,2021-10-22
nv,2021-02-11,72,32,2021-10-22
nv,2021-02-12,91,32,2021-10-22
nv,2021-02-13,70,32,2021-10-22
nv,2021-02-14,50,32,2021-10-22
nv,2021-02-15,86,32,2021-10-22
nv,2021-02-16,72,32,2021-10-22
nv,2021-02-17,76,32,2021-10-22
nv,2021-02-18,65,32,2021-10-22
nv,2021-02-19,67,32,2021-10-22
nv,2021-02-20,69,32,2021-10-22
nv,2021-02-21,53,32,2021-10-22
nv,2021-02-22,47,32,2021-10-22
nv,2021-02-23,75,32,2021-10-22
nv,2021-02-24,57,32,2021-10-22
nv,2021-02-25,50,32,2021-10-22
nv,2021-02-26,58,32,2021-10-22
nv,2021-02-27,51,32,2021-10-22
nv,2021-02-28,48,32,2021-10-22
nv,2021-03-01,49,32,2021-10-22
nv,2021-03-02,42,32,2021-10-22
nv,2021-03-03,44,32,2021-10-22
nv,2021-03-04,50,32,2021-10-22
nv,2021-03-05,36,32,2021-10-22
nv,2021-03-06,39,32,2021-10-22
nv,2021-03-07,34,32,2021-10-22
nv,2021-03-08,50,32,2021-10-22
nv,2021-03-09,49,32,2021-10-22
nv,2021-03-10,37,32,2021-10-22
nv,2021-03-11,39,32,2021-10-22
nv,2021-03-12,39,32,2021-10-22
nv,2021-03-13,30,32,2021-10-22
nv,2021-03-14,24,32,2021-10-22
nv,2021-03-15,53,32,2021-10-22
nv,2021-03-16,41,32,2021-10-22
nv,2021-03-17,41,32,2021-10-22
nv,2021-03-18,43,32,2021-10-22
nv,2021-03-19,39,32,2021-10-22
nv,2021-03-20,34,32,2021-10-22
nv,2021-03-21,25,32,2021-10-22
nv,2021-03-22,32,32,2021-10-22
nv,2021-03-23,42,32,2021-10-22
nv,2021-03-24,44,32,2021-10-22
nv,2021-03-25,37,32,2021-10-22
nv,2021-03-26,43,32,2021-10-22
nv,2021-03-27,25,32,2021-10-22
nv,2021-03-28,36,32,2021-10-22
nv,2021-03-29,35,32,2021-10-22
nv,2021-03-30,37,32,2021-10-22
nv,2021-03-31,40,32,2021-10-22
nv,2021-04-01,38,32,2021-10-22
nv,2021-04-02,36,32,2021-10-22
nv,2021-04-03,45,32,2021-10-22
nv,2021-04-04,42,32,2021-10-22
nv,2021-04-05,44,32,2021-10-22
nv,2021-04-06,44,32,2021-10-22
nv,2021-04-07,32,32,2021-10-22
nv,2021-04-08,51,32,2021-10-22
nv,2021-04-09,28,32,2021-10-22
nv,2021-04-10,24,32,2021-10-22
nv,2021-04-11,40,32,2021-10-22
nv,2021-04-12,40,32,2021-10-22
nv,2021-04-13,61,32,2021-10-22
nv,2021-04-14,45,32,2021-10-22
nv,2021-04-15,43,32,2021-10-22
nv,2021-04-16,48,32,2021-10-22
nv,2021-04-17,39,32,2021-10-22
nv,2021-04-18,36,32,2021-10-22
nv,2021-04-19,36,32,2021-10-22
nv,2021-04-20,54,32,2021-10-22
nv,2021-04-21,50,32,2021-10-22
nv,2021-04-22,31,32,2021-10-22
nv,2021-04-23,30,32,2021-10-22
nv,2021-04-24,41,32,2021-10-22
nv,2021-04-25,54,32,2021-10-22
nv,2021-04-26,42,32,2021-10-22
nv,2021-04-27,48,32,2021-10-22
nv,2021-04-28,56,32,2021-10-22
nv,2021-04-29,67,32,2021-10-22
nv,2021-04-30,37,32,2021-10-22
nv,2021-05-01,39,32,2021-10-22
nv,2021-05-02,54,32,2021-10-22
nv,2021-05-03,40,32,2021-10-22
nv,2021-05-04,32,32,2021-10-22
nv,2021-05-05,40,32,2021-10-22
nv,2021-05-06,32,32,2021-10-22
nv,2021-05-07,30,32,2021-10-22
nv,2021-05-08,37,32,2021-10-22
nv,2021-05-09,28,32,2021-10-22
nv,2021-05-10,32,32,2021-10-22
nv,2021-05-11,41,32,2021-10-22
nv,2021-05-12,40,32,2021-10-22
nv,2021-05-13,34,32,2021-10-22
nv,2021-05-14,36,32,2021-10-22
nv,2021-05-15,29,32,2021-10-22
nv,2021-05-16,32,32,2021-10-22
nv,2021-05-17,41,32,2021-10-22
nv,2021-05-18,37,32,2021-10-22
nv,2021-05-19,26,32,2021-10-22
nv,2021-05-20,23,32,2021-10-22
nv,2021-05-21,30,32,2021-10-22
nv,2021-05-22,25,32,2021-10-22
nv,2021-05-23,31,32,2021-10-22
nv,2021-05-24,20,32,2021-10-22
nv,2021-05-25,32,32,2021-10-22
nv,2021-05-26,32,32,2021-10-22
nv,2021-05-27,32,32,2021-10-22
nv,2021-05-28,27,32,2021-10-22
nv,2021-05-29,16,32,2021-10-22
nv,2021-05-30,22,32,2021-10-22
nv,2021-05-31,32,32,2021-10-22
nv,2021-06-01,25,32,2021-10-22
nv,2021-06-02,19,32,2021-10-22
nv,2021-06-03,35,32,2021-10-22
nv,2021-06-04,27,32,2021-10-22
nv,2021-06-05,26,32,2021-10-22
nv,2021-06-06,39,32,2021-10-22
nv,2021-06-07,26,32,2021-10-22
nv,2021-06-08,22,32,2021-10-22
nv,2021-06-09,25,32,2021-10-22
nv,2021-06-10,21,32,2021-10-22
nv,2021-06-11,26,32,2021-10-22
nv,2021-06-12,23,32,2021-10-22
nv,2021-06-13,27,32,2021-10-22
nv,2021-06-14,38,32,2021-10-22
nv,2021-06-15,39,32,2021-10-22
nv,2021-06-16,34,32,2021-10-22
nv,2021-06-17,32,32,2021-10-22
nv,2021-06-18,34,32,2021-10-22
nv,2021-06-19,37,32,2021-10-22
nv,2021-06-20,33,32,2021-10-22
nv,2021-06-21,47,32,2021-10-22
nv,2021-06-22,48,32,2021-10-22
nv,2021-06-23,52,32,2021-10-22
nv,2021-06-24,62,32,2021-10-22
nv,2021-06-25,44,32,2021-10-22
nv,2021-06-26,54,32,2021-10-22
nv,2021-06-27,49,32,2021-10-22
nv,2021-06-28,57,32,2021-10-22
nv,2021-06-29,64,32,2021-10-22
nv,2021-06-30,75,32,2021-10-22
nv,2021-07-01,83,32,2021-10-22
nv,2021-07-02,68,32,2021-10-22
nv,2021-07-03,72,32,2021-10-22
nv,2021-07-04,67,32,2021-10-22
nv,2021-07-05,81,32,2021-10-22
nv,2021-07-06,86,32,2021-10-22
nv,2021-07-07,91,32,2021-10-22
nv,2021-07-08,86,32,2021-10-22
nv,2021-07-09,81,32,2021-10-22
nv,2021-07-10,90,32,2021-10-22
nv,2021-07-11,101,32,2021-10-22
nv,2021-07-12,94,32,2021-10-22
nv,2021-07-13,103,32,2021-10-22
nv,2021-07-14,99,32,2021-10-22
nv,2021-07-15,103,32,2021-10-22
nv,2021-07-16,125,32,2021-10-22
nv,2021-07-17,74,32,2021-10-22
nv,2021-07-18,104,32,2021-10-22
nv,2021-07-19,112,32,2021-10-22
nv,2021-07-20,128,32,2021-10-22
nv,2021-07-21,134,32,2021-10-22
nv,2021-07-22,110,32,2021-10-22
nv,2021-07-23,95,32,2021-10-22
nv,2021-07-24,136,32,2021-10-22
nv,2021-07-25,147,32,2021-10-22
nv,2021-07-26,134,32,2021-10-22
nv,2021-07-27,128,32,2021-10-22
nv,2021-07-28,133,32,2021-10-22
nv,2021-07-29,137,32,2021-10-22
nv,2021-07-30,134,32,2021-10-22
nv,2021-07-31,131,32,2021-10-22
nv,2021-08-01,107,32,2021-10-22
nv,2021-08-02,117,32,2021-10-22
nv,2021-08-03,137,32,2021-10-22
nv,2021-08-04,131,32,2021-10-22
nv,2021-08-05,152,32,2021-10-22
nv,2021-08-06,134,32,2021-10-22
nv,2021-08-07,127,32,2021-10-22
nv,2021-08-08,133,32,2021-10-22
nv,2021-08-09,160,32,2021-10-22
nv,2021-08-10,160,32,2021-10-22
nv,2021-08-11,146,32,2021-10-22
nv,2021-08-12,146,32,2021-10-22
nv,2021-08-13,140,32,2021-10-22
nv,2021-08-14,126,32,2021-10-22
nv,2021-08-15,117,32,2021-10-22
nv,2021-08-16,132,32,2021-10-22
nv,2021-08-17,154,32,2021-10-22
nv,2021-08-18,140,32,2021-10-22
nv,2021-08-19,136,32,2021-10-22
nv,2021-08-20,125,32,2021-10-22
nv,2021-08-21,138,32,2021-10-22
nv,2021-08-22,123,32,2021-10-22
nv,2021-08-23,145,32,2021-10-22
nv,2021-08-24,132,32,2021-10-22
nv,2021-08-25,132,32,2021-10-22
nv,2021-08-26,146,32,2021-10-22
nv,2021-08-27,108,32,2021-10-22
nv,2021-08-28,112,32,2021-10-22
nv,2021-08-29,104,32,2021-10-22
nv,2021-08-30,132,32,2021-10-22
nv,2021-08-31,132,32,2021-10-22
nv,2021-09-01,117,32,2021-10-22
nv,2021-09-02,96,32,2021-10-22
nv,2021-09-03,128,32,2021-10-22
nv,2021-09-04,115,32,2021-10-22
nv,2021-09-05,121,32,2021-10-22
nv,2021-09-06,114,32,2021-10-22
nv,2021-09-07,120,32,2021-10-22
nv,2021-09-08,130,32,2021-10-22
nv,2021-09-09,103,32,2021-10-22
nv,2021-09-10,101,32,2021-10-22
nv,2021-09-11,96,32,2021-10-22
nv,2021-09-12,106,32,2021-10-22
nv,2021-09-13,143,32,2021-10-22
nv,2021-09-14,101,32,2021-10-22
nv,2021-09-15,133,32,2021-10-22
nv,2021-09-16,110,32,2021-10-22
nv,2021-09-17,92,32,2021-10-22
nv,2021-09-18,113,32,2021-10-22
nv,2021-09-19,106,32,2021-10-22
nv,2021-09-20,88,32,2021-10-22
nv,2021-09-21,95,32,2021-10-22
nv,2021-09-22,96,32,2021-10-22
nv,2021-09-23,93,32,2021-10-22
nv,2021-09-24,80,32,2021-10-22
nv,2021-09-25,83,32,2021-10-22
nv,2021-09-26,60,32,2021-10-22
nv,2021-09-27,89,32,2021-10-22
nv,2021-09-28,103,32,2021-10-22
nv,2021-09-29,94,32,2021-10-22
nv,2021-09-30,88,32,2021-10-22
nv,2021-10-01,91,32,2021-10-22
nv,2021-10-02,85,32,2021-10-22
nv,2021-10-03,89,32,2021-10-22
nv,2021-10-04,99,32,2021-10-22
nv,2021-10-05,105,32,2021-10-22
nv,2021-10-06,70,32,2021-10-22
nv,2021-10-07,79,32,2021-10-22
nv,2021-10-08,88,32,2021-10-22
nv,2021-10-09,65,32,2021-10-22
nv,2021-10-10,56,32,2021-10-22
nv,2021-10-11,78,32,2021-10-22
nv,2021-10-12,77,32,2021-10-22
nv,2021-10-13,74,32,2021-10-22
nv,2021-10-14,77,32,2021-10-22
nv,2021-10-15,80,32,2021-10-22
nv,2021-10-16,80,32,2021-10-22
nv,2021-10-17,64,32,2021-10-22
nv,2021-10-18,77,32,2021-10-22
nv,2021-10-19,59,32,2021-10-22
nv,2021-10-20,53,32,2021-10-22
nv,2021-10-21,53,32,2021-10-22
nh,2020-03-26,NA,33,2021-10-22
nh,2020-03-27,NA,33,2021-10-22
nh,2020-03-28,NA,33,2021-10-22
nh,2020-03-29,NA,33,2021-10-22
nh,2020-03-30,NA,33,2021-10-22
nh,2020-03-31,NA,33,2021-10-22
nh,2020-04-01,NA,33,2021-10-22
nh,2020-04-02,NA,33,2021-10-22
nh,2020-04-03,NA,33,2021-10-22
nh,2020-04-04,NA,33,2021-10-22
nh,2020-04-05,NA,33,2021-10-22
nh,2020-04-06,NA,33,2021-10-22
nh,2020-04-07,NA,33,2021-10-22
nh,2020-04-08,NA,33,2021-10-22
nh,2020-04-09,NA,33,2021-10-22
nh,2020-04-10,NA,33,2021-10-22
nh,2020-04-11,NA,33,2021-10-22
nh,2020-04-12,NA,33,2021-10-22
nh,2020-04-13,NA,33,2021-10-22
nh,2020-04-14,NA,33,2021-10-22
nh,2020-04-15,NA,33,2021-10-22
nh,2020-04-16,NA,33,2021-10-22
nh,2020-04-17,NA,33,2021-10-22
nh,2020-04-18,NA,33,2021-10-22
nh,2020-04-19,NA,33,2021-10-22
nh,2020-04-20,NA,33,2021-10-22
nh,2020-04-21,NA,33,2021-10-22
nh,2020-04-22,NA,33,2021-10-22
nh,2020-04-23,NA,33,2021-10-22
nh,2020-04-24,NA,33,2021-10-22
nh,2020-04-25,NA,33,2021-10-22
nh,2020-04-26,NA,33,2021-10-22
nh,2020-04-27,NA,33,2021-10-22
nh,2020-04-28,NA,33,2021-10-22
nh,2020-04-29,NA,33,2021-10-22
nh,2020-04-30,NA,33,2021-10-22
nh,2020-05-01,NA,33,2021-10-22
nh,2020-05-02,NA,33,2021-10-22
nh,2020-05-03,NA,33,2021-10-22
nh,2020-05-04,NA,33,2021-10-22
nh,2020-05-05,NA,33,2021-10-22
nh,2020-05-06,NA,33,2021-10-22
nh,2020-05-07,NA,33,2021-10-22
nh,2020-05-08,NA,33,2021-10-22
nh,2020-05-09,NA,33,2021-10-22
nh,2020-05-10,NA,33,2021-10-22
nh,2020-05-11,NA,33,2021-10-22
nh,2020-05-12,NA,33,2021-10-22
nh,2020-05-13,NA,33,2021-10-22
nh,2020-05-14,NA,33,2021-10-22
nh,2020-05-15,NA,33,2021-10-22
nh,2020-05-16,NA,33,2021-10-22
nh,2020-05-17,NA,33,2021-10-22
nh,2020-05-18,NA,33,2021-10-22
nh,2020-05-19,NA,33,2021-10-22
nh,2020-05-20,NA,33,2021-10-22
nh,2020-05-21,NA,33,2021-10-22
nh,2020-05-22,NA,33,2021-10-22
nh,2020-05-23,NA,33,2021-10-22
nh,2020-05-24,NA,33,2021-10-22
nh,2020-05-25,NA,33,2021-10-22
nh,2020-05-26,NA,33,2021-10-22
nh,2020-05-27,NA,33,2021-10-22
nh,2020-05-28,NA,33,2021-10-22
nh,2020-05-29,NA,33,2021-10-22
nh,2020-05-30,NA,33,2021-10-22
nh,2020-05-31,NA,33,2021-10-22
nh,2020-06-01,NA,33,2021-10-22
nh,2020-06-02,NA,33,2021-10-22
nh,2020-06-03,NA,33,2021-10-22
nh,2020-06-04,NA,33,2021-10-22
nh,2020-06-05,NA,33,2021-10-22
nh,2020-06-06,NA,33,2021-10-22
nh,2020-06-07,NA,33,2021-10-22
nh,2020-06-08,NA,33,2021-10-22
nh,2020-06-09,NA,33,2021-10-22
nh,2020-06-10,NA,33,2021-10-22
nh,2020-06-11,NA,33,2021-10-22
nh,2020-06-12,NA,33,2021-10-22
nh,2020-06-13,NA,33,2021-10-22
nh,2020-06-14,NA,33,2021-10-22
nh,2020-06-15,NA,33,2021-10-22
nh,2020-06-16,NA,33,2021-10-22
nh,2020-06-17,NA,33,2021-10-22
nh,2020-06-18,NA,33,2021-10-22
nh,2020-06-19,NA,33,2021-10-22
nh,2020-06-20,NA,33,2021-10-22
nh,2020-06-21,NA,33,2021-10-22
nh,2020-06-22,NA,33,2021-10-22
nh,2020-06-23,NA,33,2021-10-22
nh,2020-06-24,NA,33,2021-10-22
nh,2020-06-25,NA,33,2021-10-22
nh,2020-06-26,NA,33,2021-10-22
nh,2020-06-27,NA,33,2021-10-22
nh,2020-06-28,NA,33,2021-10-22
nh,2020-06-29,NA,33,2021-10-22
nh,2020-06-30,NA,33,2021-10-22
nh,2020-07-01,NA,33,2021-10-22
nh,2020-07-02,NA,33,2021-10-22
nh,2020-07-03,NA,33,2021-10-22
nh,2020-07-04,NA,33,2021-10-22
nh,2020-07-05,NA,33,2021-10-22
nh,2020-07-06,NA,33,2021-10-22
nh,2020-07-07,NA,33,2021-10-22
nh,2020-07-08,NA,33,2021-10-22
nh,2020-07-09,NA,33,2021-10-22
nh,2020-07-10,NA,33,2021-10-22
nh,2020-07-11,NA,33,2021-10-22
nh,2020-07-12,NA,33,2021-10-22
nh,2020-07-13,NA,33,2021-10-22
nh,2020-07-14,1,33,2021-10-22
nh,2020-07-15,2,33,2021-10-22
nh,2020-07-16,0,33,2021-10-22
nh,2020-07-17,1,33,2021-10-22
nh,2020-07-18,2,33,2021-10-22
nh,2020-07-19,6,33,2021-10-22
nh,2020-07-20,3,33,2021-10-22
nh,2020-07-21,7,33,2021-10-22
nh,2020-07-22,6,33,2021-10-22
nh,2020-07-23,6,33,2021-10-22
nh,2020-07-24,4,33,2021-10-22
nh,2020-07-25,5,33,2021-10-22
nh,2020-07-26,5,33,2021-10-22
nh,2020-07-27,6,33,2021-10-22
nh,2020-07-28,4,33,2021-10-22
nh,2020-07-29,1,33,2021-10-22
nh,2020-07-30,5,33,2021-10-22
nh,2020-07-31,5,33,2021-10-22
nh,2020-08-01,1,33,2021-10-22
nh,2020-08-02,1,33,2021-10-22
nh,2020-08-03,2,33,2021-10-22
nh,2020-08-04,3,33,2021-10-22
nh,2020-08-05,3,33,2021-10-22
nh,2020-08-06,1,33,2021-10-22
nh,2020-08-07,2,33,2021-10-22
nh,2020-08-08,0,33,2021-10-22
nh,2020-08-09,2,33,2021-10-22
nh,2020-08-10,2,33,2021-10-22
nh,2020-08-11,3,33,2021-10-22
nh,2020-08-12,3,33,2021-10-22
nh,2020-08-13,3,33,2021-10-22
nh,2020-08-14,1,33,2021-10-22
nh,2020-08-15,4,33,2021-10-22
nh,2020-08-16,28,33,2021-10-22
nh,2020-08-17,30,33,2021-10-22
nh,2020-08-18,29,33,2021-10-22
nh,2020-08-19,32,33,2021-10-22
nh,2020-08-20,29,33,2021-10-22
nh,2020-08-21,29,33,2021-10-22
nh,2020-08-22,30,33,2021-10-22
nh,2020-08-23,28,33,2021-10-22
nh,2020-08-24,93,33,2021-10-22
nh,2020-08-25,30,33,2021-10-22
nh,2020-08-26,28,33,2021-10-22
nh,2020-08-27,28,33,2021-10-22
nh,2020-08-28,29,33,2021-10-22
nh,2020-08-29,28,33,2021-10-22
nh,2020-08-30,29,33,2021-10-22
nh,2020-08-31,31,33,2021-10-22
nh,2020-09-01,30,33,2021-10-22
nh,2020-09-02,30,33,2021-10-22
nh,2020-09-03,4,33,2021-10-22
nh,2020-09-04,3,33,2021-10-22
nh,2020-09-05,1,33,2021-10-22
nh,2020-09-06,1,33,2021-10-22
nh,2020-09-07,2,33,2021-10-22
nh,2020-09-08,2,33,2021-10-22
nh,2020-09-09,1,33,2021-10-22
nh,2020-09-10,0,33,2021-10-22
nh,2020-09-11,1,33,2021-10-22
nh,2020-09-12,1,33,2021-10-22
nh,2020-09-13,0,33,2021-10-22
nh,2020-09-14,1,33,2021-10-22
nh,2020-09-15,0,33,2021-10-22
nh,2020-09-16,1,33,2021-10-22
nh,2020-09-17,2,33,2021-10-22
nh,2020-09-18,2,33,2021-10-22
nh,2020-09-19,3,33,2021-10-22
nh,2020-09-20,2,33,2021-10-22
nh,2020-09-21,3,33,2021-10-22
nh,2020-09-22,4,33,2021-10-22
nh,2020-09-23,3,33,2021-10-22
nh,2020-09-24,4,33,2021-10-22
nh,2020-09-25,2,33,2021-10-22
nh,2020-09-26,5,33,2021-10-22
nh,2020-09-27,3,33,2021-10-22
nh,2020-09-28,2,33,2021-10-22
nh,2020-09-29,0,33,2021-10-22
nh,2020-09-30,4,33,2021-10-22
nh,2020-10-01,0,33,2021-10-22
nh,2020-10-02,7,33,2021-10-22
nh,2020-10-03,3,33,2021-10-22
nh,2020-10-04,0,33,2021-10-22
nh,2020-10-05,2,33,2021-10-22
nh,2020-10-06,2,33,2021-10-22
nh,2020-10-07,2,33,2021-10-22
nh,2020-10-08,5,33,2021-10-22
nh,2020-10-09,3,33,2021-10-22
nh,2020-10-10,2,33,2021-10-22
nh,2020-10-11,2,33,2021-10-22
nh,2020-10-12,5,33,2021-10-22
nh,2020-10-13,5,33,2021-10-22
nh,2020-10-14,3,33,2021-10-22
nh,2020-10-15,5,33,2021-10-22
nh,2020-10-16,1,33,2021-10-22
nh,2020-10-17,0,33,2021-10-22
nh,2020-10-18,2,33,2021-10-22
nh,2020-10-19,4,33,2021-10-22
nh,2020-10-20,3,33,2021-10-22
nh,2020-10-21,0,33,2021-10-22
nh,2020-10-22,4,33,2021-10-22
nh,2020-10-23,2,33,2021-10-22
nh,2020-10-24,5,33,2021-10-22
nh,2020-10-25,4,33,2021-10-22
nh,2020-10-26,3,33,2021-10-22
nh,2020-10-27,2,33,2021-10-22
nh,2020-10-28,8,33,2021-10-22
nh,2020-10-29,6,33,2021-10-22
nh,2020-10-30,3,33,2021-10-22
nh,2020-10-31,7,33,2021-10-22
nh,2020-11-01,3,33,2021-10-22
nh,2020-11-02,2,33,2021-10-22
nh,2020-11-03,5,33,2021-10-22
nh,2020-11-04,3,33,2021-10-22
nh,2020-11-05,5,33,2021-10-22
nh,2020-11-06,9,33,2021-10-22
nh,2020-11-07,7,33,2021-10-22
nh,2020-11-08,5,33,2021-10-22
nh,2020-11-09,11,33,2021-10-22
nh,2020-11-10,9,33,2021-10-22
nh,2020-11-11,10,33,2021-10-22
nh,2020-11-12,19,33,2021-10-22
nh,2020-11-13,8,33,2021-10-22
nh,2020-11-14,13,33,2021-10-22
nh,2020-11-15,10,33,2021-10-22
nh,2020-11-16,18,33,2021-10-22
nh,2020-11-17,9,33,2021-10-22
nh,2020-11-18,14,33,2021-10-22
nh,2020-11-19,12,33,2021-10-22
nh,2020-11-20,12,33,2021-10-22
nh,2020-11-21,13,33,2021-10-22
nh,2020-11-22,14,33,2021-10-22
nh,2020-11-23,18,33,2021-10-22
nh,2020-11-24,26,33,2021-10-22
nh,2020-11-25,19,33,2021-10-22
nh,2020-11-26,15,33,2021-10-22
nh,2020-11-27,28,33,2021-10-22
nh,2020-11-28,22,33,2021-10-22
nh,2020-11-29,24,33,2021-10-22
nh,2020-11-30,19,33,2021-10-22
nh,2020-12-01,32,33,2021-10-22
nh,2020-12-02,21,33,2021-10-22
nh,2020-12-03,27,33,2021-10-22
nh,2020-12-04,33,33,2021-10-22
nh,2020-12-05,32,33,2021-10-22
nh,2020-12-06,41,33,2021-10-22
nh,2020-12-07,58,33,2021-10-22
nh,2020-12-08,49,33,2021-10-22
nh,2020-12-09,38,33,2021-10-22
nh,2020-12-10,33,33,2021-10-22
nh,2020-12-11,43,33,2021-10-22
nh,2020-12-12,38,33,2021-10-22
nh,2020-12-13,27,33,2021-10-22
nh,2020-12-14,48,33,2021-10-22
nh,2020-12-15,37,33,2021-10-22
nh,2020-12-16,32,33,2021-10-22
nh,2020-12-17,26,33,2021-10-22
nh,2020-12-18,47,33,2021-10-22
nh,2020-12-19,42,33,2021-10-22
nh,2020-12-20,39,33,2021-10-22
nh,2020-12-21,36,33,2021-10-22
nh,2020-12-22,46,33,2021-10-22
nh,2020-12-23,44,33,2021-10-22
nh,2020-12-24,35,33,2021-10-22
nh,2020-12-25,31,33,2021-10-22
nh,2020-12-26,26,33,2021-10-22
nh,2020-12-27,45,33,2021-10-22
nh,2020-12-28,38,33,2021-10-22
nh,2020-12-29,52,33,2021-10-22
nh,2020-12-30,59,33,2021-10-22
nh,2020-12-31,42,33,2021-10-22
nh,2021-01-01,35,33,2021-10-22
nh,2021-01-02,32,33,2021-10-22
nh,2021-01-03,38,33,2021-10-22
nh,2021-01-04,35,33,2021-10-22
nh,2021-01-05,44,33,2021-10-22
nh,2021-01-06,42,33,2021-10-22
nh,2021-01-07,40,33,2021-10-22
nh,2021-01-08,31,33,2021-10-22
nh,2021-01-09,30,33,2021-10-22
nh,2021-01-10,42,33,2021-10-22
nh,2021-01-11,36,33,2021-10-22
nh,2021-01-12,39,33,2021-10-22
nh,2021-01-13,26,33,2021-10-22
nh,2021-01-14,31,33,2021-10-22
nh,2021-01-15,26,33,2021-10-22
nh,2021-01-16,27,33,2021-10-22
nh,2021-01-17,25,33,2021-10-22
nh,2021-01-18,32,33,2021-10-22
nh,2021-01-19,31,33,2021-10-22
nh,2021-01-20,35,33,2021-10-22
nh,2021-01-21,26,33,2021-10-22
nh,2021-01-22,33,33,2021-10-22
nh,2021-01-23,27,33,2021-10-22
nh,2021-01-24,20,33,2021-10-22
nh,2021-01-25,28,33,2021-10-22
nh,2021-01-26,22,33,2021-10-22
nh,2021-01-27,29,33,2021-10-22
nh,2021-01-28,21,33,2021-10-22
nh,2021-01-29,24,33,2021-10-22
nh,2021-01-30,16,33,2021-10-22
nh,2021-01-31,14,33,2021-10-22
nh,2021-02-01,16,33,2021-10-22
nh,2021-02-02,27,33,2021-10-22
nh,2021-02-03,28,33,2021-10-22
nh,2021-02-04,20,33,2021-10-22
nh,2021-02-05,20,33,2021-10-22
nh,2021-02-06,13,33,2021-10-22
nh,2021-02-07,11,33,2021-10-22
nh,2021-02-08,14,33,2021-10-22
nh,2021-02-09,12,33,2021-10-22
nh,2021-02-10,12,33,2021-10-22
nh,2021-02-11,17,33,2021-10-22
nh,2021-02-12,17,33,2021-10-22
nh,2021-02-13,15,33,2021-10-22
nh,2021-02-14,12,33,2021-10-22
nh,2021-02-15,15,33,2021-10-22
nh,2021-02-16,15,33,2021-10-22
nh,2021-02-17,8,33,2021-10-22
nh,2021-02-18,11,33,2021-10-22
nh,2021-02-19,9,33,2021-10-22
nh,2021-02-20,12,33,2021-10-22
nh,2021-02-21,15,33,2021-10-22
nh,2021-02-22,12,33,2021-10-22
nh,2021-02-23,17,33,2021-10-22
nh,2021-02-24,9,33,2021-10-22
nh,2021-02-25,9,33,2021-10-22
nh,2021-02-26,9,33,2021-10-22
nh,2021-02-27,7,33,2021-10-22
nh,2021-02-28,11,33,2021-10-22
nh,2021-03-01,17,33,2021-10-22
nh,2021-03-02,15,33,2021-10-22
nh,2021-03-03,9,33,2021-10-22
nh,2021-03-04,7,33,2021-10-22
nh,2021-03-05,11,33,2021-10-22
nh,2021-03-06,10,33,2021-10-22
nh,2021-03-07,9,33,2021-10-22
nh,2021-03-08,13,33,2021-10-22
nh,2021-03-09,14,33,2021-10-22
nh,2021-03-10,8,33,2021-10-22
nh,2021-03-11,14,33,2021-10-22
nh,2021-03-12,12,33,2021-10-22
nh,2021-03-13,10,33,2021-10-22
nh,2021-03-14,11,33,2021-10-22
nh,2021-03-15,13,33,2021-10-22
nh,2021-03-16,11,33,2021-10-22
nh,2021-03-17,15,33,2021-10-22
nh,2021-03-18,10,33,2021-10-22
nh,2021-03-19,9,33,2021-10-22
nh,2021-03-20,10,33,2021-10-22
nh,2021-03-21,7,33,2021-10-22
nh,2021-03-22,9,33,2021-10-22
nh,2021-03-23,10,33,2021-10-22
nh,2021-03-24,13,33,2021-10-22
nh,2021-03-25,14,33,2021-10-22
nh,2021-03-26,18,33,2021-10-22
nh,2021-03-27,8,33,2021-10-22
nh,2021-03-28,13,33,2021-10-22
nh,2021-03-29,15,33,2021-10-22
nh,2021-03-30,13,33,2021-10-22
nh,2021-03-31,15,33,2021-10-22
nh,2021-04-01,11,33,2021-10-22
nh,2021-04-02,11,33,2021-10-22
nh,2021-04-03,16,33,2021-10-22
nh,2021-04-04,16,33,2021-10-22
nh,2021-04-05,19,33,2021-10-22
nh,2021-04-06,15,33,2021-10-22
nh,2021-04-07,10,33,2021-10-22
nh,2021-04-08,19,33,2021-10-22
nh,2021-04-09,14,33,2021-10-22
nh,2021-04-10,17,33,2021-10-22
nh,2021-04-11,18,33,2021-10-22
nh,2021-04-12,21,33,2021-10-22
nh,2021-04-13,20,33,2021-10-22
nh,2021-04-14,25,33,2021-10-22
nh,2021-04-15,20,33,2021-10-22
nh,2021-04-16,19,33,2021-10-22
nh,2021-04-17,19,33,2021-10-22
nh,2021-04-18,17,33,2021-10-22
nh,2021-04-19,12,33,2021-10-22
nh,2021-04-20,14,33,2021-10-22
nh,2021-04-21,22,33,2021-10-22
nh,2021-04-22,18,33,2021-10-22
nh,2021-04-23,12,33,2021-10-22
nh,2021-04-24,13,33,2021-10-22
nh,2021-04-25,6,33,2021-10-22
nh,2021-04-26,11,33,2021-10-22
nh,2021-04-27,17,33,2021-10-22
nh,2021-04-28,16,33,2021-10-22
nh,2021-04-29,8,33,2021-10-22
nh,2021-04-30,6,33,2021-10-22
nh,2021-05-01,10,33,2021-10-22
nh,2021-05-02,10,33,2021-10-22
nh,2021-05-03,13,33,2021-10-22
nh,2021-05-04,21,33,2021-10-22
nh,2021-05-05,13,33,2021-10-22
nh,2021-05-06,13,33,2021-10-22
nh,2021-05-07,11,33,2021-10-22
nh,2021-05-08,9,33,2021-10-22
nh,2021-05-09,7,33,2021-10-22
nh,2021-05-10,10,33,2021-10-22
nh,2021-05-11,9,33,2021-10-22
nh,2021-05-12,6,33,2021-10-22
nh,2021-05-13,7,33,2021-10-22
nh,2021-05-14,6,33,2021-10-22
nh,2021-05-15,5,33,2021-10-22
nh,2021-05-16,7,33,2021-10-22
nh,2021-05-17,8,33,2021-10-22
nh,2021-05-18,12,33,2021-10-22
nh,2021-05-19,9,33,2021-10-22
nh,2021-05-20,15,33,2021-10-22
nh,2021-05-21,10,33,2021-10-22
nh,2021-05-22,6,33,2021-10-22
nh,2021-05-23,5,33,2021-10-22
nh,2021-05-24,6,33,2021-10-22
nh,2021-05-25,9,33,2021-10-22
nh,2021-05-26,9,33,2021-10-22
nh,2021-05-27,13,33,2021-10-22
nh,2021-05-28,2,33,2021-10-22
nh,2021-05-29,4,33,2021-10-22
nh,2021-05-30,2,33,2021-10-22
nh,2021-05-31,3,33,2021-10-22
nh,2021-06-01,3,33,2021-10-22
nh,2021-06-02,6,33,2021-10-22
nh,2021-06-03,6,33,2021-10-22
nh,2021-06-04,4,33,2021-10-22
nh,2021-06-05,3,33,2021-10-22
nh,2021-06-06,5,33,2021-10-22
nh,2021-06-07,0,33,2021-10-22
nh,2021-06-08,8,33,2021-10-22
nh,2021-06-09,2,33,2021-10-22
nh,2021-06-10,1,33,2021-10-22
nh,2021-06-11,4,33,2021-10-22
nh,2021-06-12,2,33,2021-10-22
nh,2021-06-13,4,33,2021-10-22
nh,2021-06-14,5,33,2021-10-22
nh,2021-06-15,3,33,2021-10-22
nh,2021-06-16,3,33,2021-10-22
nh,2021-06-17,2,33,2021-10-22
nh,2021-06-18,2,33,2021-10-22
nh,2021-06-19,3,33,2021-10-22
nh,2021-06-20,1,33,2021-10-22
nh,2021-06-21,2,33,2021-10-22
nh,2021-06-22,0,33,2021-10-22
nh,2021-06-23,1,33,2021-10-22
nh,2021-06-24,4,33,2021-10-22
nh,2021-06-25,0,33,2021-10-22
nh,2021-06-26,1,33,2021-10-22
nh,2021-06-27,1,33,2021-10-22
nh,2021-06-28,1,33,2021-10-22
nh,2021-06-29,3,33,2021-10-22
nh,2021-06-30,2,33,2021-10-22
nh,2021-07-01,0,33,2021-10-22
nh,2021-07-02,3,33,2021-10-22
nh,2021-07-03,2,33,2021-10-22
nh,2021-07-04,1,33,2021-10-22
nh,2021-07-05,1,33,2021-10-22
nh,2021-07-06,3,33,2021-10-22
nh,2021-07-07,4,33,2021-10-22
nh,2021-07-08,6,33,2021-10-22
nh,2021-07-09,3,33,2021-10-22
nh,2021-07-10,4,33,2021-10-22
nh,2021-07-11,2,33,2021-10-22
nh,2021-07-12,1,33,2021-10-22
nh,2021-07-13,2,33,2021-10-22
nh,2021-07-14,5,33,2021-10-22
nh,2021-07-15,1,33,2021-10-22
nh,2021-07-16,4,33,2021-10-22
nh,2021-07-17,2,33,2021-10-22
nh,2021-07-18,6,33,2021-10-22
nh,2021-07-19,6,33,2021-10-22
nh,2021-07-20,7,33,2021-10-22
nh,2021-07-21,5,33,2021-10-22
nh,2021-07-22,3,33,2021-10-22
nh,2021-07-23,2,33,2021-10-22
nh,2021-07-24,4,33,2021-10-22
nh,2021-07-25,1,33,2021-10-22
nh,2021-07-26,2,33,2021-10-22
nh,2021-07-27,3,33,2021-10-22
nh,2021-07-28,9,33,2021-10-22
nh,2021-07-29,3,33,2021-10-22
nh,2021-07-30,6,33,2021-10-22
nh,2021-07-31,3,33,2021-10-22
nh,2021-08-01,6,33,2021-10-22
nh,2021-08-02,4,33,2021-10-22
nh,2021-08-03,3,33,2021-10-22
nh,2021-08-04,6,33,2021-10-22
nh,2021-08-05,7,33,2021-10-22
nh,2021-08-06,9,33,2021-10-22
nh,2021-08-07,11,33,2021-10-22
nh,2021-08-08,7,33,2021-10-22
nh,2021-08-09,6,33,2021-10-22
nh,2021-08-10,16,33,2021-10-22
nh,2021-08-11,15,33,2021-10-22
nh,2021-08-12,8,33,2021-10-22
nh,2021-08-13,8,33,2021-10-22
nh,2021-08-14,10,33,2021-10-22
nh,2021-08-15,15,33,2021-10-22
nh,2021-08-16,14,33,2021-10-22
nh,2021-08-17,13,33,2021-10-22
nh,2021-08-18,11,33,2021-10-22
nh,2021-08-19,13,33,2021-10-22
nh,2021-08-20,27,33,2021-10-22
nh,2021-08-21,26,33,2021-10-22
nh,2021-08-22,35,33,2021-10-22
nh,2021-08-23,16,33,2021-10-22
nh,2021-08-24,24,33,2021-10-22
nh,2021-08-25,23,33,2021-10-22
nh,2021-08-26,21,33,2021-10-22
nh,2021-08-27,10,33,2021-10-22
nh,2021-08-28,14,33,2021-10-22
nh,2021-08-29,18,33,2021-10-22
nh,2021-08-30,18,33,2021-10-22
nh,2021-08-31,22,33,2021-10-22
nh,2021-09-01,26,33,2021-10-22
nh,2021-09-02,12,33,2021-10-22
nh,2021-09-03,22,33,2021-10-22
nh,2021-09-04,29,33,2021-10-22
nh,2021-09-05,18,33,2021-10-22
nh,2021-09-06,13,33,2021-10-22
nh,2021-09-07,25,33,2021-10-22
nh,2021-09-08,26,33,2021-10-22
nh,2021-09-09,12,33,2021-10-22
nh,2021-09-10,14,33,2021-10-22
nh,2021-09-11,16,33,2021-10-22
nh,2021-09-12,19,33,2021-10-22
nh,2021-09-13,16,33,2021-10-22
nh,2021-09-14,18,33,2021-10-22
nh,2021-09-15,12,33,2021-10-22
nh,2021-09-16,11,33,2021-10-22
nh,2021-09-17,17,33,2021-10-22
nh,2021-09-18,14,33,2021-10-22
nh,2021-09-19,14,33,2021-10-22
nh,2021-09-20,19,33,2021-10-22
nh,2021-09-21,21,33,2021-10-22
nh,2021-09-22,26,33,2021-10-22
nh,2021-09-23,19,33,2021-10-22
nh,2021-09-24,13,33,2021-10-22
nh,2021-09-25,14,33,2021-10-22
nh,2021-09-26,17,33,2021-10-22
nh,2021-09-27,23,33,2021-10-22
nh,2021-09-28,22,33,2021-10-22
nh,2021-09-29,17,33,2021-10-22
nh,2021-09-30,21,33,2021-10-22
nh,2021-10-01,21,33,2021-10-22
nh,2021-10-02,12,33,2021-10-22
nh,2021-10-03,10,33,2021-10-22
nh,2021-10-04,21,33,2021-10-22
nh,2021-10-05,13,33,2021-10-22
nh,2021-10-06,13,33,2021-10-22
nh,2021-10-07,19,33,2021-10-22
nh,2021-10-08,27,33,2021-10-22
nh,2021-10-09,13,33,2021-10-22
nh,2021-10-10,17,33,2021-10-22
nh,2021-10-11,18,33,2021-10-22
nh,2021-10-12,16,33,2021-10-22
nh,2021-10-13,17,33,2021-10-22
nh,2021-10-14,22,33,2021-10-22
nh,2021-10-15,36,33,2021-10-22
nh,2021-10-16,29,33,2021-10-22
nh,2021-10-17,23,33,2021-10-22
nh,2021-10-18,23,33,2021-10-22
nh,2021-10-19,35,33,2021-10-22
nh,2021-10-20,28,33,2021-10-22
nh,2021-10-21,28,33,2021-10-22
nj,2020-02-29,NA,34,2021-10-22
nj,2020-03-01,NA,34,2021-10-22
nj,2020-03-02,NA,34,2021-10-22
nj,2020-03-03,NA,34,2021-10-22
nj,2020-03-04,NA,34,2021-10-22
nj,2020-03-05,NA,34,2021-10-22
nj,2020-03-06,NA,34,2021-10-22
nj,2020-03-07,NA,34,2021-10-22
nj,2020-03-08,NA,34,2021-10-22
nj,2020-03-09,NA,34,2021-10-22
nj,2020-03-10,NA,34,2021-10-22
nj,2020-03-11,NA,34,2021-10-22
nj,2020-03-12,NA,34,2021-10-22
nj,2020-03-13,NA,34,2021-10-22
nj,2020-03-14,NA,34,2021-10-22
nj,2020-03-15,NA,34,2021-10-22
nj,2020-03-16,NA,34,2021-10-22
nj,2020-03-17,NA,34,2021-10-22
nj,2020-03-18,NA,34,2021-10-22
nj,2020-03-19,NA,34,2021-10-22
nj,2020-03-20,NA,34,2021-10-22
nj,2020-03-21,NA,34,2021-10-22
nj,2020-03-22,NA,34,2021-10-22
nj,2020-03-23,NA,34,2021-10-22
nj,2020-03-24,NA,34,2021-10-22
nj,2020-03-25,NA,34,2021-10-22
nj,2020-03-26,NA,34,2021-10-22
nj,2020-03-27,NA,34,2021-10-22
nj,2020-03-28,NA,34,2021-10-22
nj,2020-03-29,NA,34,2021-10-22
nj,2020-03-30,NA,34,2021-10-22
nj,2020-03-31,NA,34,2021-10-22
nj,2020-04-01,NA,34,2021-10-22
nj,2020-04-02,NA,34,2021-10-22
nj,2020-04-03,NA,34,2021-10-22
nj,2020-04-04,NA,34,2021-10-22
nj,2020-04-05,NA,34,2021-10-22
nj,2020-04-06,NA,34,2021-10-22
nj,2020-04-07,NA,34,2021-10-22
nj,2020-04-08,NA,34,2021-10-22
nj,2020-04-09,NA,34,2021-10-22
nj,2020-04-10,NA,34,2021-10-22
nj,2020-04-11,NA,34,2021-10-22
nj,2020-04-12,NA,34,2021-10-22
nj,2020-04-13,NA,34,2021-10-22
nj,2020-04-14,NA,34,2021-10-22
nj,2020-04-15,NA,34,2021-10-22
nj,2020-04-16,NA,34,2021-10-22
nj,2020-04-17,NA,34,2021-10-22
nj,2020-04-18,NA,34,2021-10-22
nj,2020-04-19,NA,34,2021-10-22
nj,2020-04-20,NA,34,2021-10-22
nj,2020-04-21,NA,34,2021-10-22
nj,2020-04-22,NA,34,2021-10-22
nj,2020-04-23,NA,34,2021-10-22
nj,2020-04-24,NA,34,2021-10-22
nj,2020-04-25,NA,34,2021-10-22
nj,2020-04-26,NA,34,2021-10-22
nj,2020-04-27,NA,34,2021-10-22
nj,2020-04-28,NA,34,2021-10-22
nj,2020-04-29,NA,34,2021-10-22
nj,2020-04-30,NA,34,2021-10-22
nj,2020-05-01,NA,34,2021-10-22
nj,2020-05-02,NA,34,2021-10-22
nj,2020-05-03,NA,34,2021-10-22
nj,2020-05-04,NA,34,2021-10-22
nj,2020-05-05,NA,34,2021-10-22
nj,2020-05-06,NA,34,2021-10-22
nj,2020-05-07,NA,34,2021-10-22
nj,2020-05-08,NA,34,2021-10-22
nj,2020-05-09,NA,34,2021-10-22
nj,2020-05-10,NA,34,2021-10-22
nj,2020-05-11,NA,34,2021-10-22
nj,2020-05-12,NA,34,2021-10-22
nj,2020-05-13,NA,34,2021-10-22
nj,2020-05-14,NA,34,2021-10-22
nj,2020-05-15,NA,34,2021-10-22
nj,2020-05-16,NA,34,2021-10-22
nj,2020-05-17,NA,34,2021-10-22
nj,2020-05-18,NA,34,2021-10-22
nj,2020-05-19,NA,34,2021-10-22
nj,2020-05-20,NA,34,2021-10-22
nj,2020-05-21,NA,34,2021-10-22
nj,2020-05-22,NA,34,2021-10-22
nj,2020-05-23,NA,34,2021-10-22
nj,2020-05-24,NA,34,2021-10-22
nj,2020-05-25,NA,34,2021-10-22
nj,2020-05-26,NA,34,2021-10-22
nj,2020-05-27,NA,34,2021-10-22
nj,2020-05-28,NA,34,2021-10-22
nj,2020-05-29,NA,34,2021-10-22
nj,2020-05-30,NA,34,2021-10-22
nj,2020-05-31,NA,34,2021-10-22
nj,2020-06-01,NA,34,2021-10-22
nj,2020-06-02,NA,34,2021-10-22
nj,2020-06-03,NA,34,2021-10-22
nj,2020-06-04,NA,34,2021-10-22
nj,2020-06-05,NA,34,2021-10-22
nj,2020-06-06,NA,34,2021-10-22
nj,2020-06-07,NA,34,2021-10-22
nj,2020-06-08,NA,34,2021-10-22
nj,2020-06-09,NA,34,2021-10-22
nj,2020-06-10,NA,34,2021-10-22
nj,2020-06-11,NA,34,2021-10-22
nj,2020-06-12,NA,34,2021-10-22
nj,2020-06-13,NA,34,2021-10-22
nj,2020-06-14,NA,34,2021-10-22
nj,2020-06-15,NA,34,2021-10-22
nj,2020-06-16,NA,34,2021-10-22
nj,2020-06-17,NA,34,2021-10-22
nj,2020-06-18,NA,34,2021-10-22
nj,2020-06-19,NA,34,2021-10-22
nj,2020-06-20,NA,34,2021-10-22
nj,2020-06-21,NA,34,2021-10-22
nj,2020-06-22,NA,34,2021-10-22
nj,2020-06-23,NA,34,2021-10-22
nj,2020-06-24,NA,34,2021-10-22
nj,2020-06-25,NA,34,2021-10-22
nj,2020-06-26,NA,34,2021-10-22
nj,2020-06-27,NA,34,2021-10-22
nj,2020-06-28,NA,34,2021-10-22
nj,2020-06-29,NA,34,2021-10-22
nj,2020-06-30,NA,34,2021-10-22
nj,2020-07-01,NA,34,2021-10-22
nj,2020-07-02,NA,34,2021-10-22
nj,2020-07-03,NA,34,2021-10-22
nj,2020-07-04,NA,34,2021-10-22
nj,2020-07-05,NA,34,2021-10-22
nj,2020-07-06,NA,34,2021-10-22
nj,2020-07-07,NA,34,2021-10-22
nj,2020-07-08,NA,34,2021-10-22
nj,2020-07-09,NA,34,2021-10-22
nj,2020-07-10,NA,34,2021-10-22
nj,2020-07-11,NA,34,2021-10-22
nj,2020-07-12,NA,34,2021-10-22
nj,2020-07-13,NA,34,2021-10-22
nj,2020-07-14,20,34,2021-10-22
nj,2020-07-15,23,34,2021-10-22
nj,2020-07-16,33,34,2021-10-22
nj,2020-07-17,27,34,2021-10-22
nj,2020-07-18,25,34,2021-10-22
nj,2020-07-19,22,34,2021-10-22
nj,2020-07-20,34,34,2021-10-22
nj,2020-07-21,25,34,2021-10-22
nj,2020-07-22,58,34,2021-10-22
nj,2020-07-23,31,34,2021-10-22
nj,2020-07-24,24,34,2021-10-22
nj,2020-07-25,26,34,2021-10-22
nj,2020-07-26,35,34,2021-10-22
nj,2020-07-27,31,34,2021-10-22
nj,2020-07-28,35,34,2021-10-22
nj,2020-07-29,42,34,2021-10-22
nj,2020-07-30,55,34,2021-10-22
nj,2020-07-31,41,34,2021-10-22
nj,2020-08-01,36,34,2021-10-22
nj,2020-08-02,27,34,2021-10-22
nj,2020-08-03,8,34,2021-10-22
nj,2020-08-04,8,34,2021-10-22
nj,2020-08-05,10,34,2021-10-22
nj,2020-08-06,7,34,2021-10-22
nj,2020-08-07,7,34,2021-10-22
nj,2020-08-08,8,34,2021-10-22
nj,2020-08-09,9,34,2021-10-22
nj,2020-08-10,8,34,2021-10-22
nj,2020-08-11,0,34,2021-10-22
nj,2020-08-12,24,34,2021-10-22
nj,2020-08-13,27,34,2021-10-22
nj,2020-08-14,27,34,2021-10-22
nj,2020-08-15,27,34,2021-10-22
nj,2020-08-16,26,34,2021-10-22
nj,2020-08-17,31,34,2021-10-22
nj,2020-08-18,20,34,2021-10-22
nj,2020-08-19,23,34,2021-10-22
nj,2020-08-20,24,34,2021-10-22
nj,2020-08-21,32,34,2021-10-22
nj,2020-08-22,21,34,2021-10-22
nj,2020-08-23,43,34,2021-10-22
nj,2020-08-24,34,34,2021-10-22
nj,2020-08-25,33,34,2021-10-22
nj,2020-08-26,31,34,2021-10-22
nj,2020-08-27,31,34,2021-10-22
nj,2020-08-28,41,34,2021-10-22
nj,2020-08-29,45,34,2021-10-22
nj,2020-08-30,37,34,2021-10-22
nj,2020-08-31,41,34,2021-10-22
nj,2020-09-01,27,34,2021-10-22
nj,2020-09-02,15,34,2021-10-22
nj,2020-09-03,32,34,2021-10-22
nj,2020-09-04,29,34,2021-10-22
nj,2020-09-05,37,34,2021-10-22
nj,2020-09-06,24,34,2021-10-22
nj,2020-09-07,24,34,2021-10-22
nj,2020-09-08,29,34,2021-10-22
nj,2020-09-09,25,34,2021-10-22
nj,2020-09-10,30,34,2021-10-22
nj,2020-09-11,33,34,2021-10-22
nj,2020-09-12,22,34,2021-10-22
nj,2020-09-13,23,34,2021-10-22
nj,2020-09-14,21,34,2021-10-22
nj,2020-09-15,25,34,2021-10-22
nj,2020-09-16,24,34,2021-10-22
nj,2020-09-17,40,34,2021-10-22
nj,2020-09-18,22,34,2021-10-22
nj,2020-09-19,25,34,2021-10-22
nj,2020-09-20,19,34,2021-10-22
nj,2020-09-21,25,34,2021-10-22
nj,2020-09-22,34,34,2021-10-22
nj,2020-09-23,26,34,2021-10-22
nj,2020-09-24,29,34,2021-10-22
nj,2020-09-25,27,34,2021-10-22
nj,2020-09-26,38,34,2021-10-22
nj,2020-09-27,30,34,2021-10-22
nj,2020-09-28,28,34,2021-10-22
nj,2020-09-29,49,34,2021-10-22
nj,2020-09-30,40,34,2021-10-22
nj,2020-10-01,40,34,2021-10-22
nj,2020-10-02,45,34,2021-10-22
nj,2020-10-03,41,34,2021-10-22
nj,2020-10-04,55,34,2021-10-22
nj,2020-10-05,60,34,2021-10-22
nj,2020-10-06,59,34,2021-10-22
nj,2020-10-07,64,34,2021-10-22
nj,2020-10-08,66,34,2021-10-22
nj,2020-10-09,66,34,2021-10-22
nj,2020-10-10,56,34,2021-10-22
nj,2020-10-11,55,34,2021-10-22
nj,2020-10-12,73,34,2021-10-22
nj,2020-10-13,78,34,2021-10-22
nj,2020-10-14,70,34,2021-10-22
nj,2020-10-15,87,34,2021-10-22
nj,2020-10-16,69,34,2021-10-22
nj,2020-10-17,69,34,2021-10-22
nj,2020-10-18,80,34,2021-10-22
nj,2020-10-19,94,34,2021-10-22
nj,2020-10-20,93,34,2021-10-22
nj,2020-10-21,98,34,2021-10-22
nj,2020-10-22,87,34,2021-10-22
nj,2020-10-23,112,34,2021-10-22
nj,2020-10-24,86,34,2021-10-22
nj,2020-10-25,78,34,2021-10-22
nj,2020-10-26,114,34,2021-10-22
nj,2020-10-27,105,34,2021-10-22
nj,2020-10-28,108,34,2021-10-22
nj,2020-10-29,120,34,2021-10-22
nj,2020-10-30,138,34,2021-10-22
nj,2020-10-31,106,34,2021-10-22
nj,2020-11-01,109,34,2021-10-22
nj,2020-11-02,160,34,2021-10-22
nj,2020-11-03,147,34,2021-10-22
nj,2020-11-04,160,34,2021-10-22
nj,2020-11-05,169,34,2021-10-22
nj,2020-11-06,179,34,2021-10-22
nj,2020-11-07,168,34,2021-10-22
nj,2020-11-08,194,34,2021-10-22
nj,2020-11-09,228,34,2021-10-22
nj,2020-11-10,247,34,2021-10-22
nj,2020-11-11,280,34,2021-10-22
nj,2020-11-12,302,34,2021-10-22
nj,2020-11-13,245,34,2021-10-22
nj,2020-11-14,260,34,2021-10-22
nj,2020-11-15,283,34,2021-10-22
nj,2020-11-16,345,34,2021-10-22
nj,2020-11-17,317,34,2021-10-22
nj,2020-11-18,340,34,2021-10-22
nj,2020-11-19,333,34,2021-10-22
nj,2020-11-20,357,34,2021-10-22
nj,2020-11-21,339,34,2021-10-22
nj,2020-11-22,302,34,2021-10-22
nj,2020-11-23,385,34,2021-10-22
nj,2020-11-24,368,34,2021-10-22
nj,2020-11-25,355,34,2021-10-22
nj,2020-11-26,312,34,2021-10-22
nj,2020-11-27,389,34,2021-10-22
nj,2020-11-28,386,34,2021-10-22
nj,2020-11-29,295,34,2021-10-22
nj,2020-11-30,514,34,2021-10-22
nj,2020-12-01,395,34,2021-10-22
nj,2020-12-02,396,34,2021-10-22
nj,2020-12-03,405,34,2021-10-22
nj,2020-12-04,451,34,2021-10-22
nj,2020-12-05,429,34,2021-10-22
nj,2020-12-06,372,34,2021-10-22
nj,2020-12-07,458,34,2021-10-22
nj,2020-12-08,475,34,2021-10-22
nj,2020-12-09,480,34,2021-10-22
nj,2020-12-10,442,34,2021-10-22
nj,2020-12-11,478,34,2021-10-22
nj,2020-12-12,364,34,2021-10-22
nj,2020-12-13,346,34,2021-10-22
nj,2020-12-14,479,34,2021-10-22
nj,2020-12-15,467,34,2021-10-22
nj,2020-12-16,401,34,2021-10-22
nj,2020-12-17,402,34,2021-10-22
nj,2020-12-18,435,34,2021-10-22
nj,2020-12-19,382,34,2021-10-22
nj,2020-12-20,378,34,2021-10-22
nj,2020-12-21,511,34,2021-10-22
nj,2020-12-22,479,34,2021-10-22
nj,2020-12-23,417,34,2021-10-22
nj,2020-12-24,383,34,2021-10-22
nj,2020-12-25,348,34,2021-10-22
nj,2020-12-26,402,34,2021-10-22
nj,2020-12-27,352,34,2021-10-22
nj,2020-12-28,421,34,2021-10-22
nj,2020-12-29,489,34,2021-10-22
nj,2020-12-30,438,34,2021-10-22
nj,2020-12-31,399,34,2021-10-22
nj,2021-01-01,379,34,2021-10-22
nj,2021-01-02,404,34,2021-10-22
nj,2021-01-03,368,34,2021-10-22
nj,2021-01-04,464,34,2021-10-22
nj,2021-01-05,477,34,2021-10-22
nj,2021-01-06,435,34,2021-10-22
nj,2021-01-07,397,34,2021-10-22
nj,2021-01-08,458,34,2021-10-22
nj,2021-01-09,381,34,2021-10-22
nj,2021-01-10,391,34,2021-10-22
nj,2021-01-11,464,34,2021-10-22
nj,2021-01-12,474,34,2021-10-22
nj,2021-01-13,435,34,2021-10-22
nj,2021-01-14,432,34,2021-10-22
nj,2021-01-15,412,34,2021-10-22
nj,2021-01-16,374,34,2021-10-22
nj,2021-01-17,344,34,2021-10-22
nj,2021-01-18,417,34,2021-10-22
nj,2021-01-19,361,34,2021-10-22
nj,2021-01-20,405,34,2021-10-22
nj,2021-01-21,385,34,2021-10-22
nj,2021-01-22,390,34,2021-10-22
nj,2021-01-23,316,34,2021-10-22
nj,2021-01-24,295,34,2021-10-22
nj,2021-01-25,378,34,2021-10-22
nj,2021-01-26,369,34,2021-10-22
nj,2021-01-27,360,34,2021-10-22
nj,2021-01-28,357,34,2021-10-22
nj,2021-01-29,321,34,2021-10-22
nj,2021-01-30,281,34,2021-10-22
nj,2021-01-31,297,34,2021-10-22
nj,2021-02-01,288,34,2021-10-22
nj,2021-02-02,362,34,2021-10-22
nj,2021-02-03,391,34,2021-10-22
nj,2021-02-04,358,34,2021-10-22
nj,2021-02-05,342,34,2021-10-22
nj,2021-02-06,273,34,2021-10-22
nj,2021-02-07,229,34,2021-10-22
nj,2021-02-08,309,34,2021-10-22
nj,2021-02-09,255,34,2021-10-22
nj,2021-02-10,264,34,2021-10-22
nj,2021-02-11,290,34,2021-10-22
nj,2021-02-12,247,34,2021-10-22
nj,2021-02-13,221,34,2021-10-22
nj,2021-02-14,178,34,2021-10-22
nj,2021-02-15,255,34,2021-10-22
nj,2021-02-16,269,34,2021-10-22
nj,2021-02-17,220,34,2021-10-22
nj,2021-02-18,194,34,2021-10-22
nj,2021-02-19,256,34,2021-10-22
nj,2021-02-20,202,34,2021-10-22
nj,2021-02-21,202,34,2021-10-22
nj,2021-02-22,259,34,2021-10-22
nj,2021-02-23,268,34,2021-10-22
nj,2021-02-24,257,34,2021-10-22
nj,2021-02-25,228,34,2021-10-22
nj,2021-02-26,225,34,2021-10-22
nj,2021-02-27,211,34,2021-10-22
nj,2021-02-28,175,34,2021-10-22
nj,2021-03-01,266,34,2021-10-22
nj,2021-03-02,226,34,2021-10-22
nj,2021-03-03,248,34,2021-10-22
nj,2021-03-04,226,34,2021-10-22
nj,2021-03-05,230,34,2021-10-22
nj,2021-03-06,174,34,2021-10-22
nj,2021-03-07,247,34,2021-10-22
nj,2021-03-08,245,34,2021-10-22
nj,2021-03-09,241,34,2021-10-22
nj,2021-03-10,244,34,2021-10-22
nj,2021-03-11,252,34,2021-10-22
nj,2021-03-12,261,34,2021-10-22
nj,2021-03-13,233,34,2021-10-22
nj,2021-03-14,224,34,2021-10-22
nj,2021-03-15,266,34,2021-10-22
nj,2021-03-16,261,34,2021-10-22
nj,2021-03-17,248,34,2021-10-22
nj,2021-03-18,271,34,2021-10-22
nj,2021-03-19,296,34,2021-10-22
nj,2021-03-20,211,34,2021-10-22
nj,2021-03-21,264,34,2021-10-22
nj,2021-03-22,312,34,2021-10-22
nj,2021-03-23,326,34,2021-10-22
nj,2021-03-24,317,34,2021-10-22
nj,2021-03-25,322,34,2021-10-22
nj,2021-03-26,351,34,2021-10-22
nj,2021-03-27,278,34,2021-10-22
nj,2021-03-28,297,34,2021-10-22
nj,2021-03-29,344,34,2021-10-22
nj,2021-03-30,303,34,2021-10-22
nj,2021-03-31,324,34,2021-10-22
nj,2021-04-01,338,34,2021-10-22
nj,2021-04-02,294,34,2021-10-22
nj,2021-04-03,272,34,2021-10-22
nj,2021-04-04,287,34,2021-10-22
nj,2021-04-05,369,34,2021-10-22
nj,2021-04-06,323,34,2021-10-22
nj,2021-04-07,295,34,2021-10-22
nj,2021-04-08,327,34,2021-10-22
nj,2021-04-09,319,34,2021-10-22
nj,2021-04-10,257,34,2021-10-22
nj,2021-04-11,243,34,2021-10-22
nj,2021-04-12,271,34,2021-10-22
nj,2021-04-13,275,34,2021-10-22
nj,2021-04-14,254,34,2021-10-22
nj,2021-04-15,232,34,2021-10-22
nj,2021-04-16,271,34,2021-10-22
nj,2021-04-17,234,34,2021-10-22
nj,2021-04-18,226,34,2021-10-22
nj,2021-04-19,265,34,2021-10-22
nj,2021-04-20,220,34,2021-10-22
nj,2021-04-21,239,34,2021-10-22
nj,2021-04-22,225,34,2021-10-22
nj,2021-04-23,205,34,2021-10-22
nj,2021-04-24,171,34,2021-10-22
nj,2021-04-25,150,34,2021-10-22
nj,2021-04-26,188,34,2021-10-22
nj,2021-04-27,168,34,2021-10-22
nj,2021-04-28,207,34,2021-10-22
nj,2021-04-29,182,34,2021-10-22
nj,2021-04-30,162,34,2021-10-22
nj,2021-05-01,133,34,2021-10-22
nj,2021-05-02,136,34,2021-10-22
nj,2021-05-03,150,34,2021-10-22
nj,2021-05-04,140,34,2021-10-22
nj,2021-05-05,177,34,2021-10-22
nj,2021-05-06,146,34,2021-10-22
nj,2021-05-07,134,34,2021-10-22
nj,2021-05-08,101,34,2021-10-22
nj,2021-05-09,94,34,2021-10-22
nj,2021-05-10,102,34,2021-10-22
nj,2021-05-11,110,34,2021-10-22
nj,2021-05-12,92,34,2021-10-22
nj,2021-05-13,114,34,2021-10-22
nj,2021-05-14,92,34,2021-10-22
nj,2021-05-15,70,34,2021-10-22
nj,2021-05-16,81,34,2021-10-22
nj,2021-05-17,74,34,2021-10-22
nj,2021-05-18,97,34,2021-10-22
nj,2021-05-19,78,34,2021-10-22
nj,2021-05-20,70,34,2021-10-22
nj,2021-05-21,78,34,2021-10-22
nj,2021-05-22,56,34,2021-10-22
nj,2021-05-23,82,34,2021-10-22
nj,2021-05-24,67,34,2021-10-22
nj,2021-05-25,53,34,2021-10-22
nj,2021-05-26,55,34,2021-10-22
nj,2021-05-27,63,34,2021-10-22
nj,2021-05-28,56,34,2021-10-22
nj,2021-05-29,55,34,2021-10-22
nj,2021-05-30,40,34,2021-10-22
nj,2021-05-31,40,34,2021-10-22
nj,2021-06-01,55,34,2021-10-22
nj,2021-06-02,50,34,2021-10-22
nj,2021-06-03,46,34,2021-10-22
nj,2021-06-04,49,34,2021-10-22
nj,2021-06-05,46,34,2021-10-22
nj,2021-06-06,37,34,2021-10-22
nj,2021-06-07,37,34,2021-10-22
nj,2021-06-08,40,34,2021-10-22
nj,2021-06-09,42,34,2021-10-22
nj,2021-06-10,42,34,2021-10-22
nj,2021-06-11,38,34,2021-10-22
nj,2021-06-12,32,34,2021-10-22
nj,2021-06-13,23,34,2021-10-22
nj,2021-06-14,32,34,2021-10-22
nj,2021-06-15,40,34,2021-10-22
nj,2021-06-16,29,34,2021-10-22
nj,2021-06-17,33,34,2021-10-22
nj,2021-06-18,34,34,2021-10-22
nj,2021-06-19,33,34,2021-10-22
nj,2021-06-20,29,34,2021-10-22
nj,2021-06-21,43,34,2021-10-22
nj,2021-06-22,36,34,2021-10-22
nj,2021-06-23,31,34,2021-10-22
nj,2021-06-24,27,34,2021-10-22
nj,2021-06-25,40,34,2021-10-22
nj,2021-06-26,33,34,2021-10-22
nj,2021-06-27,35,34,2021-10-22
nj,2021-06-28,26,34,2021-10-22
nj,2021-06-29,30,34,2021-10-22
nj,2021-06-30,35,34,2021-10-22
nj,2021-07-01,24,34,2021-10-22
nj,2021-07-02,28,34,2021-10-22
nj,2021-07-03,33,34,2021-10-22
nj,2021-07-04,27,34,2021-10-22
nj,2021-07-05,32,34,2021-10-22
nj,2021-07-06,46,34,2021-10-22
nj,2021-07-07,40,34,2021-10-22
nj,2021-07-08,31,34,2021-10-22
nj,2021-07-09,36,34,2021-10-22
nj,2021-07-10,30,34,2021-10-22
nj,2021-07-11,27,34,2021-10-22
nj,2021-07-12,43,34,2021-10-22
nj,2021-07-13,36,34,2021-10-22
nj,2021-07-14,41,34,2021-10-22
nj,2021-07-15,40,34,2021-10-22
nj,2021-07-16,51,34,2021-10-22
nj,2021-07-17,45,34,2021-10-22
nj,2021-07-18,44,34,2021-10-22
nj,2021-07-19,50,34,2021-10-22
nj,2021-07-20,43,34,2021-10-22
nj,2021-07-21,49,34,2021-10-22
nj,2021-07-22,49,34,2021-10-22
nj,2021-07-23,75,34,2021-10-22
nj,2021-07-24,59,34,2021-10-22
nj,2021-07-25,56,34,2021-10-22
nj,2021-07-26,70,34,2021-10-22
nj,2021-07-27,60,34,2021-10-22
nj,2021-07-28,67,34,2021-10-22
nj,2021-07-29,68,34,2021-10-22
nj,2021-07-30,80,34,2021-10-22
nj,2021-07-31,93,34,2021-10-22
nj,2021-08-01,98,34,2021-10-22
nj,2021-08-02,90,34,2021-10-22
nj,2021-08-03,90,34,2021-10-22
nj,2021-08-04,77,34,2021-10-22
nj,2021-08-05,100,34,2021-10-22
nj,2021-08-06,81,34,2021-10-22
nj,2021-08-07,81,34,2021-10-22
nj,2021-08-08,96,34,2021-10-22
nj,2021-08-09,108,34,2021-10-22
nj,2021-08-10,118,34,2021-10-22
nj,2021-08-11,121,34,2021-10-22
nj,2021-08-12,130,34,2021-10-22
nj,2021-08-13,124,34,2021-10-22
nj,2021-08-14,127,34,2021-10-22
nj,2021-08-15,117,34,2021-10-22
nj,2021-08-16,132,34,2021-10-22
nj,2021-08-17,144,34,2021-10-22
nj,2021-08-18,137,34,2021-10-22
nj,2021-08-19,138,34,2021-10-22
nj,2021-08-20,163,34,2021-10-22
nj,2021-08-21,157,34,2021-10-22
nj,2021-08-22,125,34,2021-10-22
nj,2021-08-23,159,34,2021-10-22
nj,2021-08-24,126,34,2021-10-22
nj,2021-08-25,159,34,2021-10-22
nj,2021-08-26,140,34,2021-10-22
nj,2021-08-27,139,34,2021-10-22
nj,2021-08-28,114,34,2021-10-22
nj,2021-08-29,123,34,2021-10-22
nj,2021-08-30,167,34,2021-10-22
nj,2021-08-31,150,34,2021-10-22
nj,2021-09-01,153,34,2021-10-22
nj,2021-09-02,141,34,2021-10-22
nj,2021-09-03,152,34,2021-10-22
nj,2021-09-04,135,34,2021-10-22
nj,2021-09-05,145,34,2021-10-22
nj,2021-09-06,160,34,2021-10-22
nj,2021-09-07,145,34,2021-10-22
nj,2021-09-08,144,34,2021-10-22
nj,2021-09-09,160,34,2021-10-22
nj,2021-09-10,159,34,2021-10-22
nj,2021-09-11,119,34,2021-10-22
nj,2021-09-12,145,34,2021-10-22
nj,2021-09-13,165,34,2021-10-22
nj,2021-09-14,147,34,2021-10-22
nj,2021-09-15,143,34,2021-10-22
nj,2021-09-16,148,34,2021-10-22
nj,2021-09-17,135,34,2021-10-22
nj,2021-09-18,127,34,2021-10-22
nj,2021-09-19,116,34,2021-10-22
nj,2021-09-20,153,34,2021-10-22
nj,2021-09-21,133,34,2021-10-22
nj,2021-09-22,137,34,2021-10-22
nj,2021-09-23,118,34,2021-10-22
nj,2021-09-24,122,34,2021-10-22
nj,2021-09-25,113,34,2021-10-22
nj,2021-09-26,114,34,2021-10-22
nj,2021-09-27,122,34,2021-10-22
nj,2021-09-28,133,34,2021-10-22
nj,2021-09-29,132,34,2021-10-22
nj,2021-09-30,154,34,2021-10-22
nj,2021-10-01,142,34,2021-10-22
nj,2021-10-02,102,34,2021-10-22
nj,2021-10-03,116,34,2021-10-22
nj,2021-10-04,119,34,2021-10-22
nj,2021-10-05,117,34,2021-10-22
nj,2021-10-06,125,34,2021-10-22
nj,2021-10-07,94,34,2021-10-22
nj,2021-10-08,103,34,2021-10-22
nj,2021-10-09,78,34,2021-10-22
nj,2021-10-10,102,34,2021-10-22
nj,2021-10-11,115,34,2021-10-22
nj,2021-10-12,106,34,2021-10-22
nj,2021-10-13,118,34,2021-10-22
nj,2021-10-14,109,34,2021-10-22
nj,2021-10-15,103,34,2021-10-22
nj,2021-10-16,87,34,2021-10-22
nj,2021-10-17,89,34,2021-10-22
nj,2021-10-18,103,34,2021-10-22
nj,2021-10-19,97,34,2021-10-22
nj,2021-10-20,99,34,2021-10-22
nj,2021-10-21,99,34,2021-10-22
nm,2020-03-13,NA,35,2021-10-22
nm,2020-03-14,NA,35,2021-10-22
nm,2020-03-15,NA,35,2021-10-22
nm,2020-03-16,NA,35,2021-10-22
nm,2020-03-17,NA,35,2021-10-22
nm,2020-03-18,NA,35,2021-10-22
nm,2020-03-19,NA,35,2021-10-22
nm,2020-03-20,NA,35,2021-10-22
nm,2020-03-21,NA,35,2021-10-22
nm,2020-03-22,NA,35,2021-10-22
nm,2020-03-23,NA,35,2021-10-22
nm,2020-03-24,NA,35,2021-10-22
nm,2020-03-25,NA,35,2021-10-22
nm,2020-03-26,NA,35,2021-10-22
nm,2020-03-27,NA,35,2021-10-22
nm,2020-03-28,NA,35,2021-10-22
nm,2020-03-29,NA,35,2021-10-22
nm,2020-03-30,NA,35,2021-10-22
nm,2020-03-31,NA,35,2021-10-22
nm,2020-04-01,NA,35,2021-10-22
nm,2020-04-02,NA,35,2021-10-22
nm,2020-04-03,NA,35,2021-10-22
nm,2020-04-04,NA,35,2021-10-22
nm,2020-04-05,NA,35,2021-10-22
nm,2020-04-06,NA,35,2021-10-22
nm,2020-04-07,NA,35,2021-10-22
nm,2020-04-08,NA,35,2021-10-22
nm,2020-04-09,NA,35,2021-10-22
nm,2020-04-10,NA,35,2021-10-22
nm,2020-04-11,NA,35,2021-10-22
nm,2020-04-12,NA,35,2021-10-22
nm,2020-04-13,NA,35,2021-10-22
nm,2020-04-14,NA,35,2021-10-22
nm,2020-04-15,NA,35,2021-10-22
nm,2020-04-16,NA,35,2021-10-22
nm,2020-04-17,NA,35,2021-10-22
nm,2020-04-18,NA,35,2021-10-22
nm,2020-04-19,NA,35,2021-10-22
nm,2020-04-20,NA,35,2021-10-22
nm,2020-04-21,NA,35,2021-10-22
nm,2020-04-22,NA,35,2021-10-22
nm,2020-04-23,NA,35,2021-10-22
nm,2020-04-24,NA,35,2021-10-22
nm,2020-04-25,NA,35,2021-10-22
nm,2020-04-26,NA,35,2021-10-22
nm,2020-04-27,NA,35,2021-10-22
nm,2020-04-28,NA,35,2021-10-22
nm,2020-04-29,NA,35,2021-10-22
nm,2020-04-30,NA,35,2021-10-22
nm,2020-05-01,NA,35,2021-10-22
nm,2020-05-02,NA,35,2021-10-22
nm,2020-05-03,NA,35,2021-10-22
nm,2020-05-04,NA,35,2021-10-22
nm,2020-05-05,NA,35,2021-10-22
nm,2020-05-06,NA,35,2021-10-22
nm,2020-05-07,NA,35,2021-10-22
nm,2020-05-08,NA,35,2021-10-22
nm,2020-05-09,NA,35,2021-10-22
nm,2020-05-10,NA,35,2021-10-22
nm,2020-05-11,NA,35,2021-10-22
nm,2020-05-12,NA,35,2021-10-22
nm,2020-05-13,NA,35,2021-10-22
nm,2020-05-14,NA,35,2021-10-22
nm,2020-05-15,NA,35,2021-10-22
nm,2020-05-16,NA,35,2021-10-22
nm,2020-05-17,NA,35,2021-10-22
nm,2020-05-18,NA,35,2021-10-22
nm,2020-05-19,NA,35,2021-10-22
nm,2020-05-20,NA,35,2021-10-22
nm,2020-05-21,NA,35,2021-10-22
nm,2020-05-22,NA,35,2021-10-22
nm,2020-05-23,NA,35,2021-10-22
nm,2020-05-24,NA,35,2021-10-22
nm,2020-05-25,NA,35,2021-10-22
nm,2020-05-26,NA,35,2021-10-22
nm,2020-05-27,NA,35,2021-10-22
nm,2020-05-28,NA,35,2021-10-22
nm,2020-05-29,NA,35,2021-10-22
nm,2020-05-30,NA,35,2021-10-22
nm,2020-05-31,NA,35,2021-10-22
nm,2020-06-01,NA,35,2021-10-22
nm,2020-06-02,NA,35,2021-10-22
nm,2020-06-03,NA,35,2021-10-22
nm,2020-06-04,NA,35,2021-10-22
nm,2020-06-05,NA,35,2021-10-22
nm,2020-06-06,NA,35,2021-10-22
nm,2020-06-07,NA,35,2021-10-22
nm,2020-06-08,NA,35,2021-10-22
nm,2020-06-09,NA,35,2021-10-22
nm,2020-06-10,NA,35,2021-10-22
nm,2020-06-11,NA,35,2021-10-22
nm,2020-06-12,NA,35,2021-10-22
nm,2020-06-13,NA,35,2021-10-22
nm,2020-06-14,NA,35,2021-10-22
nm,2020-06-15,NA,35,2021-10-22
nm,2020-06-16,NA,35,2021-10-22
nm,2020-06-17,NA,35,2021-10-22
nm,2020-06-18,NA,35,2021-10-22
nm,2020-06-19,NA,35,2021-10-22
nm,2020-06-20,NA,35,2021-10-22
nm,2020-06-21,NA,35,2021-10-22
nm,2020-06-22,NA,35,2021-10-22
nm,2020-06-23,NA,35,2021-10-22
nm,2020-06-24,NA,35,2021-10-22
nm,2020-06-25,NA,35,2021-10-22
nm,2020-06-26,NA,35,2021-10-22
nm,2020-06-27,NA,35,2021-10-22
nm,2020-06-28,NA,35,2021-10-22
nm,2020-06-29,NA,35,2021-10-22
nm,2020-06-30,NA,35,2021-10-22
nm,2020-07-01,NA,35,2021-10-22
nm,2020-07-02,NA,35,2021-10-22
nm,2020-07-03,NA,35,2021-10-22
nm,2020-07-04,NA,35,2021-10-22
nm,2020-07-05,NA,35,2021-10-22
nm,2020-07-06,NA,35,2021-10-22
nm,2020-07-07,NA,35,2021-10-22
nm,2020-07-08,NA,35,2021-10-22
nm,2020-07-09,NA,35,2021-10-22
nm,2020-07-10,NA,35,2021-10-22
nm,2020-07-11,NA,35,2021-10-22
nm,2020-07-12,NA,35,2021-10-22
nm,2020-07-13,NA,35,2021-10-22
nm,2020-07-14,19,35,2021-10-22
nm,2020-07-15,19,35,2021-10-22
nm,2020-07-16,24,35,2021-10-22
nm,2020-07-17,25,35,2021-10-22
nm,2020-07-18,23,35,2021-10-22
nm,2020-07-19,23,35,2021-10-22
nm,2020-07-20,23,35,2021-10-22
nm,2020-07-21,12,35,2021-10-22
nm,2020-07-22,21,35,2021-10-22
nm,2020-07-23,21,35,2021-10-22
nm,2020-07-24,17,35,2021-10-22
nm,2020-07-25,17,35,2021-10-22
nm,2020-07-26,13,35,2021-10-22
nm,2020-07-27,11,35,2021-10-22
nm,2020-07-28,15,35,2021-10-22
nm,2020-07-29,17,35,2021-10-22
nm,2020-07-30,16,35,2021-10-22
nm,2020-07-31,17,35,2021-10-22
nm,2020-08-01,16,35,2021-10-22
nm,2020-08-02,12,35,2021-10-22
nm,2020-08-03,13,35,2021-10-22
nm,2020-08-04,15,35,2021-10-22
nm,2020-08-05,15,35,2021-10-22
nm,2020-08-06,20,35,2021-10-22
nm,2020-08-07,20,35,2021-10-22
nm,2020-08-08,17,35,2021-10-22
nm,2020-08-09,9,35,2021-10-22
nm,2020-08-10,13,35,2021-10-22
nm,2020-08-11,17,35,2021-10-22
nm,2020-08-12,9,35,2021-10-22
nm,2020-08-13,11,35,2021-10-22
nm,2020-08-14,15,35,2021-10-22
nm,2020-08-15,7,35,2021-10-22
nm,2020-08-16,10,35,2021-10-22
nm,2020-08-17,62,35,2021-10-22
nm,2020-08-18,4,35,2021-10-22
nm,2020-08-19,11,35,2021-10-22
nm,2020-08-20,12,35,2021-10-22
nm,2020-08-21,15,35,2021-10-22
nm,2020-08-22,89,35,2021-10-22
nm,2020-08-23,85,35,2021-10-22
nm,2020-08-24,11,35,2021-10-22
nm,2020-08-25,20,35,2021-10-22
nm,2020-08-26,13,35,2021-10-22
nm,2020-08-27,11,35,2021-10-22
nm,2020-08-28,13,35,2021-10-22
nm,2020-08-29,12,35,2021-10-22
nm,2020-08-30,10,35,2021-10-22
nm,2020-08-31,4,35,2021-10-22
nm,2020-09-01,8,35,2021-10-22
nm,2020-09-02,9,35,2021-10-22
nm,2020-09-03,12,35,2021-10-22
nm,2020-09-04,3,35,2021-10-22
nm,2020-09-05,4,35,2021-10-22
nm,2020-09-06,10,35,2021-10-22
nm,2020-09-07,4,35,2021-10-22
nm,2020-09-08,11,35,2021-10-22
nm,2020-09-09,5,35,2021-10-22
nm,2020-09-10,6,35,2021-10-22
nm,2020-09-11,6,35,2021-10-22
nm,2020-09-12,14,35,2021-10-22
nm,2020-09-13,6,35,2021-10-22
nm,2020-09-14,7,35,2021-10-22
nm,2020-09-15,8,35,2021-10-22
nm,2020-09-16,11,35,2021-10-22
nm,2020-09-17,16,35,2021-10-22
nm,2020-09-18,13,35,2021-10-22
nm,2020-09-19,56,35,2021-10-22
nm,2020-09-20,10,35,2021-10-22
nm,2020-09-21,5,35,2021-10-22
nm,2020-09-22,10,35,2021-10-22
nm,2020-09-23,9,35,2021-10-22
nm,2020-09-24,8,35,2021-10-22
nm,2020-09-25,14,35,2021-10-22
nm,2020-09-26,23,35,2021-10-22
nm,2020-09-27,11,35,2021-10-22
nm,2020-09-28,19,35,2021-10-22
nm,2020-09-29,19,35,2021-10-22
nm,2020-09-30,23,35,2021-10-22
nm,2020-10-01,10,35,2021-10-22
nm,2020-10-02,15,35,2021-10-22
nm,2020-10-03,30,35,2021-10-22
nm,2020-10-04,14,35,2021-10-22
nm,2020-10-05,14,35,2021-10-22
nm,2020-10-06,26,35,2021-10-22
nm,2020-10-07,25,35,2021-10-22
nm,2020-10-08,18,35,2021-10-22
nm,2020-10-09,15,35,2021-10-22
nm,2020-10-10,37,35,2021-10-22
nm,2020-10-11,29,35,2021-10-22
nm,2020-10-12,15,35,2021-10-22
nm,2020-10-13,19,35,2021-10-22
nm,2020-10-14,27,35,2021-10-22
nm,2020-10-15,23,35,2021-10-22
nm,2020-10-16,32,35,2021-10-22
nm,2020-10-17,32,35,2021-10-22
nm,2020-10-18,33,35,2021-10-22
nm,2020-10-19,33,35,2021-10-22
nm,2020-10-20,49,35,2021-10-22
nm,2020-10-21,54,35,2021-10-22
nm,2020-10-22,45,35,2021-10-22
nm,2020-10-23,60,35,2021-10-22
nm,2020-10-24,90,35,2021-10-22
nm,2020-10-25,44,35,2021-10-22
nm,2020-10-26,51,35,2021-10-22
nm,2020-10-27,43,35,2021-10-22
nm,2020-10-28,59,35,2021-10-22
nm,2020-10-29,58,35,2021-10-22
nm,2020-10-30,68,35,2021-10-22
nm,2020-10-31,78,35,2021-10-22
nm,2020-11-01,57,35,2021-10-22
nm,2020-11-02,68,35,2021-10-22
nm,2020-11-03,76,35,2021-10-22
nm,2020-11-04,98,35,2021-10-22
nm,2020-11-05,78,35,2021-10-22
nm,2020-11-06,93,35,2021-10-22
nm,2020-11-07,88,35,2021-10-22
nm,2020-11-08,75,35,2021-10-22
nm,2020-11-09,70,35,2021-10-22
nm,2020-11-10,206,35,2021-10-22
nm,2020-11-11,88,35,2021-10-22
nm,2020-11-12,76,35,2021-10-22
nm,2020-11-13,123,35,2021-10-22
nm,2020-11-14,123,35,2021-10-22
nm,2020-11-15,113,35,2021-10-22
nm,2020-11-16,98,35,2021-10-22
nm,2020-11-17,121,35,2021-10-22
nm,2020-11-18,133,35,2021-10-22
nm,2020-11-19,119,35,2021-10-22
nm,2020-11-20,157,35,2021-10-22
nm,2020-11-21,108,35,2021-10-22
nm,2020-11-22,121,35,2021-10-22
nm,2020-11-23,119,35,2021-10-22
nm,2020-11-24,118,35,2021-10-22
nm,2020-11-25,122,35,2021-10-22
nm,2020-11-26,106,35,2021-10-22
nm,2020-11-27,124,35,2021-10-22
nm,2020-11-28,116,35,2021-10-22
nm,2020-11-29,127,35,2021-10-22
nm,2020-11-30,137,35,2021-10-22
nm,2020-12-01,122,35,2021-10-22
nm,2020-12-02,155,35,2021-10-22
nm,2020-12-03,145,35,2021-10-22
nm,2020-12-04,145,35,2021-10-22
nm,2020-12-05,138,35,2021-10-22
nm,2020-12-06,121,35,2021-10-22
nm,2020-12-07,126,35,2021-10-22
nm,2020-12-08,119,35,2021-10-22
nm,2020-12-09,123,35,2021-10-22
nm,2020-12-10,114,35,2021-10-22
nm,2020-12-11,140,35,2021-10-22
nm,2020-12-12,147,35,2021-10-22
nm,2020-12-13,112,35,2021-10-22
nm,2020-12-14,116,35,2021-10-22
nm,2020-12-15,131,35,2021-10-22
nm,2020-12-16,114,35,2021-10-22
nm,2020-12-17,121,35,2021-10-22
nm,2020-12-18,138,35,2021-10-22
nm,2020-12-19,109,35,2021-10-22
nm,2020-12-20,103,35,2021-10-22
nm,2020-12-21,114,35,2021-10-22
nm,2020-12-22,105,35,2021-10-22
nm,2020-12-23,156,35,2021-10-22
nm,2020-12-24,131,35,2021-10-22
nm,2020-12-25,136,35,2021-10-22
nm,2020-12-26,145,35,2021-10-22
nm,2020-12-27,111,35,2021-10-22
nm,2020-12-28,123,35,2021-10-22
nm,2020-12-29,127,35,2021-10-22
nm,2020-12-30,160,35,2021-10-22
nm,2020-12-31,105,35,2021-10-22
nm,2021-01-01,114,35,2021-10-22
nm,2021-01-02,95,35,2021-10-22
nm,2021-01-03,101,35,2021-10-22
nm,2021-01-04,120,35,2021-10-22
nm,2021-01-05,107,35,2021-10-22
nm,2021-01-06,86,35,2021-10-22
nm,2021-01-07,104,35,2021-10-22
nm,2021-01-08,86,35,2021-10-22
nm,2021-01-09,103,35,2021-10-22
nm,2021-01-10,119,35,2021-10-22
nm,2021-01-11,92,35,2021-10-22
nm,2021-01-12,106,35,2021-10-22
nm,2021-01-13,104,35,2021-10-22
nm,2021-01-14,102,35,2021-10-22
nm,2021-01-15,108,35,2021-10-22
nm,2021-01-16,125,35,2021-10-22
nm,2021-01-17,120,35,2021-10-22
nm,2021-01-18,88,35,2021-10-22
nm,2021-01-19,89,35,2021-10-22
nm,2021-01-20,93,35,2021-10-22
nm,2021-01-21,101,35,2021-10-22
nm,2021-01-22,112,35,2021-10-22
nm,2021-01-23,106,35,2021-10-22
nm,2021-01-24,83,35,2021-10-22
nm,2021-01-25,95,35,2021-10-22
nm,2021-01-26,78,35,2021-10-22
nm,2021-01-27,76,35,2021-10-22
nm,2021-01-28,77,35,2021-10-22
nm,2021-01-29,84,35,2021-10-22
nm,2021-01-30,98,35,2021-10-22
nm,2021-01-31,64,35,2021-10-22
nm,2021-02-01,63,35,2021-10-22
nm,2021-02-02,67,35,2021-10-22
nm,2021-02-03,52,35,2021-10-22
nm,2021-02-04,74,35,2021-10-22
nm,2021-02-05,64,35,2021-10-22
nm,2021-02-06,48,35,2021-10-22
nm,2021-02-07,35,35,2021-10-22
nm,2021-02-08,37,35,2021-10-22
nm,2021-02-09,46,35,2021-10-22
nm,2021-02-10,42,35,2021-10-22
nm,2021-02-11,33,35,2021-10-22
nm,2021-02-12,32,35,2021-10-22
nm,2021-02-13,34,35,2021-10-22
nm,2021-02-14,20,35,2021-10-22
nm,2021-02-15,34,35,2021-10-22
nm,2021-02-16,39,35,2021-10-22
nm,2021-02-17,38,35,2021-10-22
nm,2021-02-18,28,35,2021-10-22
nm,2021-02-19,36,35,2021-10-22
nm,2021-02-20,37,35,2021-10-22
nm,2021-02-21,21,35,2021-10-22
nm,2021-02-22,29,35,2021-10-22
nm,2021-02-23,28,35,2021-10-22
nm,2021-02-24,25,35,2021-10-22
nm,2021-02-25,28,35,2021-10-22
nm,2021-02-26,15,35,2021-10-22
nm,2021-02-27,24,35,2021-10-22
nm,2021-02-28,28,35,2021-10-22
nm,2021-03-01,27,35,2021-10-22
nm,2021-03-02,18,35,2021-10-22
nm,2021-03-03,30,35,2021-10-22
nm,2021-03-04,21,35,2021-10-22
nm,2021-03-05,27,35,2021-10-22
nm,2021-03-06,25,35,2021-10-22
nm,2021-03-07,24,35,2021-10-22
nm,2021-03-08,21,35,2021-10-22
nm,2021-03-09,21,35,2021-10-22
nm,2021-03-10,20,35,2021-10-22
nm,2021-03-11,13,35,2021-10-22
nm,2021-03-12,21,35,2021-10-22
nm,2021-03-13,19,35,2021-10-22
nm,2021-03-14,13,35,2021-10-22
nm,2021-03-15,19,35,2021-10-22
nm,2021-03-16,21,35,2021-10-22
nm,2021-03-17,24,35,2021-10-22
nm,2021-03-18,17,35,2021-10-22
nm,2021-03-19,25,35,2021-10-22
nm,2021-03-20,10,35,2021-10-22
nm,2021-03-21,12,35,2021-10-22
nm,2021-03-22,10,35,2021-10-22
nm,2021-03-23,17,35,2021-10-22
nm,2021-03-24,21,35,2021-10-22
nm,2021-03-25,20,35,2021-10-22
nm,2021-03-26,18,35,2021-10-22
nm,2021-03-27,18,35,2021-10-22
nm,2021-03-28,21,35,2021-10-22
nm,2021-03-29,13,35,2021-10-22
nm,2021-03-30,8,35,2021-10-22
nm,2021-03-31,18,35,2021-10-22
nm,2021-04-01,12,35,2021-10-22
nm,2021-04-02,17,35,2021-10-22
nm,2021-04-03,13,35,2021-10-22
nm,2021-04-04,8,35,2021-10-22
nm,2021-04-05,12,35,2021-10-22
nm,2021-04-06,23,35,2021-10-22
nm,2021-04-07,20,35,2021-10-22
nm,2021-04-08,20,35,2021-10-22
nm,2021-04-09,14,35,2021-10-22
nm,2021-04-10,12,35,2021-10-22
nm,2021-04-11,15,35,2021-10-22
nm,2021-04-12,20,35,2021-10-22
nm,2021-04-13,20,35,2021-10-22
nm,2021-04-14,22,35,2021-10-22
nm,2021-04-15,16,35,2021-10-22
nm,2021-04-16,16,35,2021-10-22
nm,2021-04-17,17,35,2021-10-22
nm,2021-04-18,13,35,2021-10-22
nm,2021-04-19,19,35,2021-10-22
nm,2021-04-20,22,35,2021-10-22
nm,2021-04-21,21,35,2021-10-22
nm,2021-04-22,9,35,2021-10-22
nm,2021-04-23,27,35,2021-10-22
nm,2021-04-24,11,35,2021-10-22
nm,2021-04-25,38,35,2021-10-22
nm,2021-04-26,27,35,2021-10-22
nm,2021-04-27,24,35,2021-10-22
nm,2021-04-28,27,35,2021-10-22
nm,2021-04-29,18,35,2021-10-22
nm,2021-04-30,14,35,2021-10-22
nm,2021-05-01,16,35,2021-10-22
nm,2021-05-02,37,35,2021-10-22
nm,2021-05-03,22,35,2021-10-22
nm,2021-05-04,28,35,2021-10-22
nm,2021-05-05,27,35,2021-10-22
nm,2021-05-06,20,35,2021-10-22
nm,2021-05-07,41,35,2021-10-22
nm,2021-05-08,25,35,2021-10-22
nm,2021-05-09,17,35,2021-10-22
nm,2021-05-10,23,35,2021-10-22
nm,2021-05-11,31,35,2021-10-22
nm,2021-05-12,26,35,2021-10-22
nm,2021-05-13,20,35,2021-10-22
nm,2021-05-14,15,35,2021-10-22
nm,2021-05-15,14,35,2021-10-22
nm,2021-05-16,28,35,2021-10-22
nm,2021-05-17,28,35,2021-10-22
nm,2021-05-18,21,35,2021-10-22
nm,2021-05-19,21,35,2021-10-22
nm,2021-05-20,30,35,2021-10-22
nm,2021-05-21,23,35,2021-10-22
nm,2021-05-22,22,35,2021-10-22
nm,2021-05-23,19,35,2021-10-22
nm,2021-05-24,20,35,2021-10-22
nm,2021-05-25,23,35,2021-10-22
nm,2021-05-26,16,35,2021-10-22
nm,2021-05-27,26,35,2021-10-22
nm,2021-05-28,14,35,2021-10-22
nm,2021-05-29,14,35,2021-10-22
nm,2021-05-30,10,35,2021-10-22
nm,2021-05-31,18,35,2021-10-22
nm,2021-06-01,17,35,2021-10-22
nm,2021-06-02,24,35,2021-10-22
nm,2021-06-03,8,35,2021-10-22
nm,2021-06-04,10,35,2021-10-22
nm,2021-06-05,16,35,2021-10-22
nm,2021-06-06,10,35,2021-10-22
nm,2021-06-07,14,35,2021-10-22
nm,2021-06-08,17,35,2021-10-22
nm,2021-06-09,8,35,2021-10-22
nm,2021-06-10,17,35,2021-10-22
nm,2021-06-11,12,35,2021-10-22
nm,2021-06-12,10,35,2021-10-22
nm,2021-06-13,14,35,2021-10-22
nm,2021-06-14,16,35,2021-10-22
nm,2021-06-15,19,35,2021-10-22
nm,2021-06-16,14,35,2021-10-22
nm,2021-06-17,12,35,2021-10-22
nm,2021-06-18,14,35,2021-10-22
nm,2021-06-19,10,35,2021-10-22
nm,2021-06-20,8,35,2021-10-22
nm,2021-06-21,7,35,2021-10-22
nm,2021-06-22,14,35,2021-10-22
nm,2021-06-23,15,35,2021-10-22
nm,2021-06-24,11,35,2021-10-22
nm,2021-06-25,15,35,2021-10-22
nm,2021-06-26,15,35,2021-10-22
nm,2021-06-27,7,35,2021-10-22
nm,2021-06-28,14,35,2021-10-22
nm,2021-06-29,13,35,2021-10-22
nm,2021-06-30,11,35,2021-10-22
nm,2021-07-01,10,35,2021-10-22
nm,2021-07-02,14,35,2021-10-22
nm,2021-07-03,11,35,2021-10-22
nm,2021-07-04,8,35,2021-10-22
nm,2021-07-05,21,35,2021-10-22
nm,2021-07-06,9,35,2021-10-22
nm,2021-07-07,20,35,2021-10-22
nm,2021-07-08,20,35,2021-10-22
nm,2021-07-09,17,35,2021-10-22
nm,2021-07-10,9,35,2021-10-22
nm,2021-07-11,8,35,2021-10-22
nm,2021-07-12,18,35,2021-10-22
nm,2021-07-13,13,35,2021-10-22
nm,2021-07-14,13,35,2021-10-22
nm,2021-07-15,13,35,2021-10-22
nm,2021-07-16,14,35,2021-10-22
nm,2021-07-17,20,35,2021-10-22
nm,2021-07-18,16,35,2021-10-22
nm,2021-07-19,20,35,2021-10-22
nm,2021-07-20,14,35,2021-10-22
nm,2021-07-21,23,35,2021-10-22
nm,2021-07-22,24,35,2021-10-22
nm,2021-07-23,18,35,2021-10-22
nm,2021-07-24,18,35,2021-10-22
nm,2021-07-25,25,35,2021-10-22
nm,2021-07-26,24,35,2021-10-22
nm,2021-07-27,33,35,2021-10-22
nm,2021-07-28,21,35,2021-10-22
nm,2021-07-29,22,35,2021-10-22
nm,2021-07-30,24,35,2021-10-22
nm,2021-07-31,33,35,2021-10-22
nm,2021-08-01,28,35,2021-10-22
nm,2021-08-02,31,35,2021-10-22
nm,2021-08-03,29,35,2021-10-22
nm,2021-08-04,43,35,2021-10-22
nm,2021-08-05,29,35,2021-10-22
nm,2021-08-06,39,35,2021-10-22
nm,2021-08-07,40,35,2021-10-22
nm,2021-08-08,39,35,2021-10-22
nm,2021-08-09,37,35,2021-10-22
nm,2021-08-10,54,35,2021-10-22
nm,2021-08-11,37,35,2021-10-22
nm,2021-08-12,55,35,2021-10-22
nm,2021-08-13,47,35,2021-10-22
nm,2021-08-14,49,35,2021-10-22
nm,2021-08-15,55,35,2021-10-22
nm,2021-08-16,65,35,2021-10-22
nm,2021-08-17,56,35,2021-10-22
nm,2021-08-18,52,35,2021-10-22
nm,2021-08-19,48,35,2021-10-22
nm,2021-08-20,58,35,2021-10-22
nm,2021-08-21,55,35,2021-10-22
nm,2021-08-22,69,35,2021-10-22
nm,2021-08-23,63,35,2021-10-22
nm,2021-08-24,58,35,2021-10-22
nm,2021-08-25,57,35,2021-10-22
nm,2021-08-26,85,35,2021-10-22
nm,2021-08-27,64,35,2021-10-22
nm,2021-08-28,57,35,2021-10-22
nm,2021-08-29,64,35,2021-10-22
nm,2021-08-30,61,35,2021-10-22
nm,2021-08-31,69,35,2021-10-22
nm,2021-09-01,73,35,2021-10-22
nm,2021-09-02,63,35,2021-10-22
nm,2021-09-03,72,35,2021-10-22
nm,2021-09-04,66,35,2021-10-22
nm,2021-09-05,48,35,2021-10-22
nm,2021-09-06,44,35,2021-10-22
nm,2021-09-07,54,35,2021-10-22
nm,2021-09-08,57,35,2021-10-22
nm,2021-09-09,62,35,2021-10-22
nm,2021-09-10,55,35,2021-10-22
nm,2021-09-11,59,35,2021-10-22
nm,2021-09-12,52,35,2021-10-22
nm,2021-09-13,62,35,2021-10-22
nm,2021-09-14,62,35,2021-10-22
nm,2021-09-15,55,35,2021-10-22
nm,2021-09-16,51,35,2021-10-22
nm,2021-09-17,57,35,2021-10-22
nm,2021-09-18,34,35,2021-10-22
nm,2021-09-19,44,35,2021-10-22
nm,2021-09-20,55,35,2021-10-22
nm,2021-09-21,41,35,2021-10-22
nm,2021-09-22,43,35,2021-10-22
nm,2021-09-23,45,35,2021-10-22
nm,2021-09-24,50,35,2021-10-22
nm,2021-09-25,33,35,2021-10-22
nm,2021-09-26,44,35,2021-10-22
nm,2021-09-27,39,35,2021-10-22
nm,2021-09-28,59,35,2021-10-22
nm,2021-09-29,56,35,2021-10-22
nm,2021-09-30,56,35,2021-10-22
nm,2021-10-01,57,35,2021-10-22
nm,2021-10-02,30,35,2021-10-22
nm,2021-10-03,41,35,2021-10-22
nm,2021-10-04,49,35,2021-10-22
nm,2021-10-05,80,35,2021-10-22
nm,2021-10-06,69,35,2021-10-22
nm,2021-10-07,53,35,2021-10-22
nm,2021-10-08,36,35,2021-10-22
nm,2021-10-09,36,35,2021-10-22
nm,2021-10-10,35,35,2021-10-22
nm,2021-10-11,58,35,2021-10-22
nm,2021-10-12,55,35,2021-10-22
nm,2021-10-13,53,35,2021-10-22
nm,2021-10-14,67,35,2021-10-22
nm,2021-10-15,46,35,2021-10-22
nm,2021-10-16,35,35,2021-10-22
nm,2021-10-17,49,35,2021-10-22
nm,2021-10-18,63,35,2021-10-22
nm,2021-10-19,59,35,2021-10-22
nm,2021-10-20,65,35,2021-10-22
nm,2021-10-21,65,35,2021-10-22
ny,2020-03-13,NA,36,2021-10-22
ny,2020-03-14,NA,36,2021-10-22
ny,2020-03-15,NA,36,2021-10-22
ny,2020-03-16,NA,36,2021-10-22
ny,2020-03-17,NA,36,2021-10-22
ny,2020-03-18,NA,36,2021-10-22
ny,2020-03-19,NA,36,2021-10-22
ny,2020-03-20,NA,36,2021-10-22
ny,2020-03-21,NA,36,2021-10-22
ny,2020-03-22,NA,36,2021-10-22
ny,2020-03-23,NA,36,2021-10-22
ny,2020-03-24,NA,36,2021-10-22
ny,2020-03-25,NA,36,2021-10-22
ny,2020-03-26,NA,36,2021-10-22
ny,2020-03-27,NA,36,2021-10-22
ny,2020-03-28,NA,36,2021-10-22
ny,2020-03-29,NA,36,2021-10-22
ny,2020-03-30,NA,36,2021-10-22
ny,2020-03-31,NA,36,2021-10-22
ny,2020-04-01,NA,36,2021-10-22
ny,2020-04-02,NA,36,2021-10-22
ny,2020-04-03,NA,36,2021-10-22
ny,2020-04-04,NA,36,2021-10-22
ny,2020-04-05,NA,36,2021-10-22
ny,2020-04-06,NA,36,2021-10-22
ny,2020-04-07,NA,36,2021-10-22
ny,2020-04-08,NA,36,2021-10-22
ny,2020-04-09,NA,36,2021-10-22
ny,2020-04-10,0,36,2021-10-22
ny,2020-04-11,0,36,2021-10-22
ny,2020-04-12,NA,36,2021-10-22
ny,2020-04-13,NA,36,2021-10-22
ny,2020-04-14,NA,36,2021-10-22
ny,2020-04-15,NA,36,2021-10-22
ny,2020-04-16,NA,36,2021-10-22
ny,2020-04-17,0,36,2021-10-22
ny,2020-04-18,1,36,2021-10-22
ny,2020-04-19,NA,36,2021-10-22
ny,2020-04-20,NA,36,2021-10-22
ny,2020-04-21,NA,36,2021-10-22
ny,2020-04-22,NA,36,2021-10-22
ny,2020-04-23,NA,36,2021-10-22
ny,2020-04-24,0,36,2021-10-22
ny,2020-04-25,0,36,2021-10-22
ny,2020-04-26,1,36,2021-10-22
ny,2020-04-27,0,36,2021-10-22
ny,2020-04-28,0,36,2021-10-22
ny,2020-04-29,0,36,2021-10-22
ny,2020-04-30,0,36,2021-10-22
ny,2020-05-01,0,36,2021-10-22
ny,2020-05-02,0,36,2021-10-22
ny,2020-05-03,0,36,2021-10-22
ny,2020-05-04,0,36,2021-10-22
ny,2020-05-05,0,36,2021-10-22
ny,2020-05-06,1,36,2021-10-22
ny,2020-05-07,0,36,2021-10-22
ny,2020-05-08,0,36,2021-10-22
ny,2020-05-09,0,36,2021-10-22
ny,2020-05-10,1,36,2021-10-22
ny,2020-05-11,0,36,2021-10-22
ny,2020-05-12,0,36,2021-10-22
ny,2020-05-13,NA,36,2021-10-22
ny,2020-05-14,0,36,2021-10-22
ny,2020-05-15,0,36,2021-10-22
ny,2020-05-16,0,36,2021-10-22
ny,2020-05-17,1,36,2021-10-22
ny,2020-05-18,1,36,2021-10-22
ny,2020-05-19,1,36,2021-10-22
ny,2020-05-20,1,36,2021-10-22
ny,2020-05-21,0,36,2021-10-22
ny,2020-05-22,1,36,2021-10-22
ny,2020-05-23,0,36,2021-10-22
ny,2020-05-24,0,36,2021-10-22
ny,2020-05-25,1,36,2021-10-22
ny,2020-05-26,0,36,2021-10-22
ny,2020-05-27,0,36,2021-10-22
ny,2020-05-28,0,36,2021-10-22
ny,2020-05-29,0,36,2021-10-22
ny,2020-05-30,0,36,2021-10-22
ny,2020-05-31,0,36,2021-10-22
ny,2020-06-01,0,36,2021-10-22
ny,2020-06-02,2,36,2021-10-22
ny,2020-06-03,0,36,2021-10-22
ny,2020-06-04,1,36,2021-10-22
ny,2020-06-05,0,36,2021-10-22
ny,2020-06-06,0,36,2021-10-22
ny,2020-06-07,0,36,2021-10-22
ny,2020-06-08,0,36,2021-10-22
ny,2020-06-09,0,36,2021-10-22
ny,2020-06-10,1,36,2021-10-22
ny,2020-06-11,0,36,2021-10-22
ny,2020-06-12,0,36,2021-10-22
ny,2020-06-13,0,36,2021-10-22
ny,2020-06-14,0,36,2021-10-22
ny,2020-06-15,0,36,2021-10-22
ny,2020-06-16,0,36,2021-10-22
ny,2020-06-17,0,36,2021-10-22
ny,2020-06-18,0,36,2021-10-22
ny,2020-06-19,0,36,2021-10-22
ny,2020-06-20,0,36,2021-10-22
ny,2020-06-21,0,36,2021-10-22
ny,2020-06-22,0,36,2021-10-22
ny,2020-06-23,0,36,2021-10-22
ny,2020-06-24,0,36,2021-10-22
ny,2020-06-25,0,36,2021-10-22
ny,2020-06-26,0,36,2021-10-22
ny,2020-06-27,0,36,2021-10-22
ny,2020-06-28,0,36,2021-10-22
ny,2020-06-29,0,36,2021-10-22
ny,2020-06-30,0,36,2021-10-22
ny,2020-07-01,0,36,2021-10-22
ny,2020-07-02,0,36,2021-10-22
ny,2020-07-03,0,36,2021-10-22
ny,2020-07-04,0,36,2021-10-22
ny,2020-07-05,0,36,2021-10-22
ny,2020-07-06,0,36,2021-10-22
ny,2020-07-07,0,36,2021-10-22
ny,2020-07-08,0,36,2021-10-22
ny,2020-07-09,0,36,2021-10-22
ny,2020-07-10,0,36,2021-10-22
ny,2020-07-11,0,36,2021-10-22
ny,2020-07-12,0,36,2021-10-22
ny,2020-07-13,0,36,2021-10-22
ny,2020-07-14,54,36,2021-10-22
ny,2020-07-15,68,36,2021-10-22
ny,2020-07-16,68,36,2021-10-22
ny,2020-07-17,55,36,2021-10-22
ny,2020-07-18,25,36,2021-10-22
ny,2020-07-19,45,36,2021-10-22
ny,2020-07-20,113,36,2021-10-22
ny,2020-07-21,145,36,2021-10-22
ny,2020-07-22,60,36,2021-10-22
ny,2020-07-23,62,36,2021-10-22
ny,2020-07-24,78,36,2021-10-22
ny,2020-07-25,72,36,2021-10-22
ny,2020-07-26,73,36,2021-10-22
ny,2020-07-27,68,36,2021-10-22
ny,2020-07-28,78,36,2021-10-22
ny,2020-07-29,89,36,2021-10-22
ny,2020-07-30,73,36,2021-10-22
ny,2020-07-31,74,36,2021-10-22
ny,2020-08-01,69,36,2021-10-22
ny,2020-08-02,88,36,2021-10-22
ny,2020-08-03,76,36,2021-10-22
ny,2020-08-04,73,36,2021-10-22
ny,2020-08-05,86,36,2021-10-22
ny,2020-08-06,79,36,2021-10-22
ny,2020-08-07,68,36,2021-10-22
ny,2020-08-08,56,36,2021-10-22
ny,2020-08-09,66,36,2021-10-22
ny,2020-08-10,90,36,2021-10-22
ny,2020-08-11,72,36,2021-10-22
ny,2020-08-12,79,36,2021-10-22
ny,2020-08-13,75,36,2021-10-22
ny,2020-08-14,75,36,2021-10-22
ny,2020-08-15,63,36,2021-10-22
ny,2020-08-16,55,36,2021-10-22
ny,2020-08-17,89,36,2021-10-22
ny,2020-08-18,72,36,2021-10-22
ny,2020-08-19,74,36,2021-10-22
ny,2020-08-20,69,36,2021-10-22
ny,2020-08-21,455,36,2021-10-22
ny,2020-08-22,73,36,2021-10-22
ny,2020-08-23,62,36,2021-10-22
ny,2020-08-24,78,36,2021-10-22
ny,2020-08-25,80,36,2021-10-22
ny,2020-08-26,84,36,2021-10-22
ny,2020-08-27,81,36,2021-10-22
ny,2020-08-28,66,36,2021-10-22
ny,2020-08-29,56,36,2021-10-22
ny,2020-08-30,62,36,2021-10-22
ny,2020-08-31,90,36,2021-10-22
ny,2020-09-01,60,36,2021-10-22
ny,2020-09-02,75,36,2021-10-22
ny,2020-09-03,83,36,2021-10-22
ny,2020-09-04,74,36,2021-10-22
ny,2020-09-05,67,36,2021-10-22
ny,2020-09-06,78,36,2021-10-22
ny,2020-09-07,83,36,2021-10-22
ny,2020-09-08,103,36,2021-10-22
ny,2020-09-09,94,36,2021-10-22
ny,2020-09-10,82,36,2021-10-22
ny,2020-09-11,89,36,2021-10-22
ny,2020-09-12,75,36,2021-10-22
ny,2020-09-13,85,36,2021-10-22
ny,2020-09-14,78,36,2021-10-22
ny,2020-09-15,92,36,2021-10-22
ny,2020-09-16,94,36,2021-10-22
ny,2020-09-17,84,36,2021-10-22
ny,2020-09-18,107,36,2021-10-22
ny,2020-09-19,67,36,2021-10-22
ny,2020-09-20,78,36,2021-10-22
ny,2020-09-21,91,36,2021-10-22
ny,2020-09-22,103,36,2021-10-22
ny,2020-09-23,118,36,2021-10-22
ny,2020-09-24,118,36,2021-10-22
ny,2020-09-25,109,36,2021-10-22
ny,2020-09-26,91,36,2021-10-22
ny,2020-09-27,227,36,2021-10-22
ny,2020-09-28,115,36,2021-10-22
ny,2020-09-29,106,36,2021-10-22
ny,2020-09-30,132,36,2021-10-22
ny,2020-10-01,98,36,2021-10-22
ny,2020-10-02,104,36,2021-10-22
ny,2020-10-03,85,36,2021-10-22
ny,2020-10-04,113,36,2021-10-22
ny,2020-10-05,138,36,2021-10-22
ny,2020-10-06,115,36,2021-10-22
ny,2020-10-07,133,36,2021-10-22
ny,2020-10-08,157,36,2021-10-22
ny,2020-10-09,150,36,2021-10-22
ny,2020-10-10,149,36,2021-10-22
ny,2020-10-11,141,36,2021-10-22
ny,2020-10-12,156,36,2021-10-22
ny,2020-10-13,161,36,2021-10-22
ny,2020-10-14,150,36,2021-10-22
ny,2020-10-15,146,36,2021-10-22
ny,2020-10-16,163,36,2021-10-22
ny,2020-10-17,109,36,2021-10-22
ny,2020-10-18,114,36,2021-10-22
ny,2020-10-19,141,36,2021-10-22
ny,2020-10-20,176,36,2021-10-22
ny,2020-10-21,157,36,2021-10-22
ny,2020-10-22,165,36,2021-10-22
ny,2020-10-23,146,36,2021-10-22
ny,2020-10-24,137,36,2021-10-22
ny,2020-10-25,114,36,2021-10-22
ny,2020-10-26,157,36,2021-10-22
ny,2020-10-27,167,36,2021-10-22
ny,2020-10-28,150,36,2021-10-22
ny,2020-10-29,163,36,2021-10-22
ny,2020-10-30,140,36,2021-10-22
ny,2020-10-31,126,36,2021-10-22
ny,2020-11-01,144,36,2021-10-22
ny,2020-11-02,201,36,2021-10-22
ny,2020-11-03,260,36,2021-10-22
ny,2020-11-04,288,36,2021-10-22
ny,2020-11-05,315,36,2021-10-22
ny,2020-11-06,298,36,2021-10-22
ny,2020-11-07,293,36,2021-10-22
ny,2020-11-08,206,36,2021-10-22
ny,2020-11-09,363,36,2021-10-22
ny,2020-11-10,425,36,2021-10-22
ny,2020-11-11,452,36,2021-10-22
ny,2020-11-12,446,36,2021-10-22
ny,2020-11-13,403,36,2021-10-22
ny,2020-11-14,386,36,2021-10-22
ny,2020-11-15,316,36,2021-10-22
ny,2020-11-16,380,36,2021-10-22
ny,2020-11-17,452,36,2021-10-22
ny,2020-11-18,471,36,2021-10-22
ny,2020-11-19,500,36,2021-10-22
ny,2020-11-20,534,36,2021-10-22
ny,2020-11-21,462,36,2021-10-22
ny,2020-11-22,476,36,2021-10-22
ny,2020-11-23,580,36,2021-10-22
ny,2020-11-24,578,36,2021-10-22
ny,2020-11-25,567,36,2021-10-22
ny,2020-11-26,540,36,2021-10-22
ny,2020-11-27,625,36,2021-10-22
ny,2020-11-28,569,36,2021-10-22
ny,2020-11-29,521,36,2021-10-22
ny,2020-11-30,609,36,2021-10-22
ny,2020-12-01,734,36,2021-10-22
ny,2020-12-02,677,36,2021-10-22
ny,2020-12-03,751,36,2021-10-22
ny,2020-12-04,747,36,2021-10-22
ny,2020-12-05,678,36,2021-10-22
ny,2020-12-06,607,36,2021-10-22
ny,2020-12-07,759,36,2021-10-22
ny,2020-12-08,888,36,2021-10-22
ny,2020-12-09,891,36,2021-10-22
ny,2020-12-10,865,36,2021-10-22
ny,2020-12-11,896,36,2021-10-22
ny,2020-12-12,796,36,2021-10-22
ny,2020-12-13,766,36,2021-10-22
ny,2020-12-14,876,36,2021-10-22
ny,2020-12-15,940,36,2021-10-22
ny,2020-12-16,830,36,2021-10-22
ny,2020-12-17,885,36,2021-10-22
ny,2020-12-18,1001,36,2021-10-22
ny,2020-12-19,857,36,2021-10-22
ny,2020-12-20,821,36,2021-10-22
ny,2020-12-21,1053,36,2021-10-22
ny,2020-12-22,1056,36,2021-10-22
ny,2020-12-23,1000,36,2021-10-22
ny,2020-12-24,1007,36,2021-10-22
ny,2020-12-25,941,36,2021-10-22
ny,2020-12-26,1011,36,2021-10-22
ny,2020-12-27,863,36,2021-10-22
ny,2020-12-28,1083,36,2021-10-22
ny,2020-12-29,1133,36,2021-10-22
ny,2020-12-30,1100,36,2021-10-22
ny,2020-12-31,993,36,2021-10-22
ny,2021-01-01,998,36,2021-10-22
ny,2021-01-02,1041,36,2021-10-22
ny,2021-01-03,930,36,2021-10-22
ny,2021-01-04,1192,36,2021-10-22
ny,2021-01-05,1174,36,2021-10-22
ny,2021-01-06,1185,36,2021-10-22
ny,2021-01-07,1168,36,2021-10-22
ny,2021-01-08,1135,36,2021-10-22
ny,2021-01-09,1026,36,2021-10-22
ny,2021-01-10,950,36,2021-10-22
ny,2021-01-11,1081,36,2021-10-22
ny,2021-01-12,1176,36,2021-10-22
ny,2021-01-13,1175,36,2021-10-22
ny,2021-01-14,1190,36,2021-10-22
ny,2021-01-15,1116,36,2021-10-22
ny,2021-01-16,1010,36,2021-10-22
ny,2021-01-17,858,36,2021-10-22
ny,2021-01-18,1056,36,2021-10-22
ny,2021-01-19,945,36,2021-10-22
ny,2021-01-20,984,36,2021-10-22
ny,2021-01-21,1004,36,2021-10-22
ny,2021-01-22,982,36,2021-10-22
ny,2021-01-23,800,36,2021-10-22
ny,2021-01-24,778,36,2021-10-22
ny,2021-01-25,970,36,2021-10-22
ny,2021-01-26,893,36,2021-10-22
ny,2021-01-27,961,36,2021-10-22
ny,2021-01-28,829,36,2021-10-22
ny,2021-01-29,863,36,2021-10-22
ny,2021-01-30,693,36,2021-10-22
ny,2021-01-31,699,36,2021-10-22
ny,2021-02-01,653,36,2021-10-22
ny,2021-02-02,873,36,2021-10-22
ny,2021-02-03,962,36,2021-10-22
ny,2021-02-04,895,36,2021-10-22
ny,2021-02-05,817,36,2021-10-22
ny,2021-02-06,724,36,2021-10-22
ny,2021-02-07,664,36,2021-10-22
ny,2021-02-08,781,36,2021-10-22
ny,2021-02-09,805,36,2021-10-22
ny,2021-02-10,703,36,2021-10-22
ny,2021-02-11,695,36,2021-10-22
ny,2021-02-12,666,36,2021-10-22
ny,2021-02-13,576,36,2021-10-22
ny,2021-02-14,557,36,2021-10-22
ny,2021-02-15,635,36,2021-10-22
ny,2021-02-16,679,36,2021-10-22
ny,2021-02-17,613,36,2021-10-22
ny,2021-02-18,556,36,2021-10-22
ny,2021-02-19,582,36,2021-10-22
ny,2021-02-20,530,36,2021-10-22
ny,2021-02-21,576,36,2021-10-22
ny,2021-02-22,611,36,2021-10-22
ny,2021-02-23,639,36,2021-10-22
ny,2021-02-24,678,36,2021-10-22
ny,2021-02-25,596,36,2021-10-22
ny,2021-02-26,598,36,2021-10-22
ny,2021-02-27,536,36,2021-10-22
ny,2021-02-28,480,36,2021-10-22
ny,2021-03-01,620,36,2021-10-22
ny,2021-03-02,587,36,2021-10-22
ny,2021-03-03,571,36,2021-10-22
ny,2021-03-04,553,36,2021-10-22
ny,2021-03-05,518,36,2021-10-22
ny,2021-03-06,476,36,2021-10-22
ny,2021-03-07,479,36,2021-10-22
ny,2021-03-08,531,36,2021-10-22
ny,2021-03-09,584,36,2021-10-22
ny,2021-03-10,554,36,2021-10-22
ny,2021-03-11,596,36,2021-10-22
ny,2021-03-12,523,36,2021-10-22
ny,2021-03-13,453,36,2021-10-22
ny,2021-03-14,504,36,2021-10-22
ny,2021-03-15,536,36,2021-10-22
ny,2021-03-16,555,36,2021-10-22
ny,2021-03-17,606,36,2021-10-22
ny,2021-03-18,571,36,2021-10-22
ny,2021-03-19,531,36,2021-10-22
ny,2021-03-20,493,36,2021-10-22
ny,2021-03-21,534,36,2021-10-22
ny,2021-03-22,584,36,2021-10-22
ny,2021-03-23,570,36,2021-10-22
ny,2021-03-24,612,36,2021-10-22
ny,2021-03-25,595,36,2021-10-22
ny,2021-03-26,624,36,2021-10-22
ny,2021-03-27,505,36,2021-10-22
ny,2021-03-28,489,36,2021-10-22
ny,2021-03-29,580,36,2021-10-22
ny,2021-03-30,584,36,2021-10-22
ny,2021-03-31,559,36,2021-10-22
ny,2021-04-01,555,36,2021-10-22
ny,2021-04-02,497,36,2021-10-22
ny,2021-04-03,498,36,2021-10-22
ny,2021-04-04,493,36,2021-10-22
ny,2021-04-05,579,36,2021-10-22
ny,2021-04-06,556,36,2021-10-22
ny,2021-04-07,520,36,2021-10-22
ny,2021-04-08,494,36,2021-10-22
ny,2021-04-09,486,36,2021-10-22
ny,2021-04-10,445,36,2021-10-22
ny,2021-04-11,415,36,2021-10-22
ny,2021-04-12,482,36,2021-10-22
ny,2021-04-13,456,36,2021-10-22
ny,2021-04-14,493,36,2021-10-22
ny,2021-04-15,516,36,2021-10-22
ny,2021-04-16,485,36,2021-10-22
ny,2021-04-17,421,36,2021-10-22
ny,2021-04-18,381,36,2021-10-22
ny,2021-04-19,473,36,2021-10-22
ny,2021-04-20,393,36,2021-10-22
ny,2021-04-21,375,36,2021-10-22
ny,2021-04-22,404,36,2021-10-22
ny,2021-04-23,404,36,2021-10-22
ny,2021-04-24,325,36,2021-10-22
ny,2021-04-25,280,36,2021-10-22
ny,2021-04-26,374,36,2021-10-22
ny,2021-04-27,310,36,2021-10-22
ny,2021-04-28,350,36,2021-10-22
ny,2021-04-29,303,36,2021-10-22
ny,2021-04-30,273,36,2021-10-22
ny,2021-05-01,232,36,2021-10-22
ny,2021-05-02,261,36,2021-10-22
ny,2021-05-03,296,36,2021-10-22
ny,2021-05-04,293,36,2021-10-22
ny,2021-05-05,264,36,2021-10-22
ny,2021-05-06,250,36,2021-10-22
ny,2021-05-07,215,36,2021-10-22
ny,2021-05-08,211,36,2021-10-22
ny,2021-05-09,194,36,2021-10-22
ny,2021-05-10,215,36,2021-10-22
ny,2021-05-11,224,36,2021-10-22
ny,2021-05-12,214,36,2021-10-22
ny,2021-05-13,186,36,2021-10-22
ny,2021-05-14,208,36,2021-10-22
ny,2021-05-15,160,36,2021-10-22
ny,2021-05-16,156,36,2021-10-22
ny,2021-05-17,204,36,2021-10-22
ny,2021-05-18,200,36,2021-10-22
ny,2021-05-19,175,36,2021-10-22
ny,2021-05-20,168,36,2021-10-22
ny,2021-05-21,161,36,2021-10-22
ny,2021-05-22,135,36,2021-10-22
ny,2021-05-23,143,36,2021-10-22
ny,2021-05-24,146,36,2021-10-22
ny,2021-05-25,145,36,2021-10-22
ny,2021-05-26,156,36,2021-10-22
ny,2021-05-27,137,36,2021-10-22
ny,2021-05-28,134,36,2021-10-22
ny,2021-05-29,90,36,2021-10-22
ny,2021-05-30,108,36,2021-10-22
ny,2021-05-31,91,36,2021-10-22
ny,2021-06-01,113,36,2021-10-22
ny,2021-06-02,106,36,2021-10-22
ny,2021-06-03,121,36,2021-10-22
ny,2021-06-04,90,36,2021-10-22
ny,2021-06-05,70,36,2021-10-22
ny,2021-06-06,79,36,2021-10-22
ny,2021-06-07,94,36,2021-10-22
ny,2021-06-08,112,36,2021-10-22
ny,2021-06-09,80,36,2021-10-22
ny,2021-06-10,95,36,2021-10-22
ny,2021-06-11,79,36,2021-10-22
ny,2021-06-12,49,36,2021-10-22
ny,2021-06-13,86,36,2021-10-22
ny,2021-06-14,78,36,2021-10-22
ny,2021-06-15,67,36,2021-10-22
ny,2021-06-16,65,36,2021-10-22
ny,2021-06-17,72,36,2021-10-22
ny,2021-06-18,49,36,2021-10-22
ny,2021-06-19,54,36,2021-10-22
ny,2021-06-20,66,36,2021-10-22
ny,2021-06-21,68,36,2021-10-22
ny,2021-06-22,61,36,2021-10-22
ny,2021-06-23,70,36,2021-10-22
ny,2021-06-24,55,36,2021-10-22
ny,2021-06-25,43,36,2021-10-22
ny,2021-06-26,53,36,2021-10-22
ny,2021-06-27,50,36,2021-10-22
ny,2021-06-28,60,36,2021-10-22
ny,2021-06-29,58,36,2021-10-22
ny,2021-06-30,51,36,2021-10-22
ny,2021-07-01,55,36,2021-10-22
ny,2021-07-02,58,36,2021-10-22
ny,2021-07-03,46,36,2021-10-22
ny,2021-07-04,57,36,2021-10-22
ny,2021-07-05,61,36,2021-10-22
ny,2021-07-06,66,36,2021-10-22
ny,2021-07-07,49,36,2021-10-22
ny,2021-07-08,51,36,2021-10-22
ny,2021-07-09,52,36,2021-10-22
ny,2021-07-10,48,36,2021-10-22
ny,2021-07-11,57,36,2021-10-22
ny,2021-07-12,54,36,2021-10-22
ny,2021-07-13,58,36,2021-10-22
ny,2021-07-14,88,36,2021-10-22
ny,2021-07-15,76,36,2021-10-22
ny,2021-07-16,64,36,2021-10-22
ny,2021-07-17,71,36,2021-10-22
ny,2021-07-18,71,36,2021-10-22
ny,2021-07-19,93,36,2021-10-22
ny,2021-07-20,99,36,2021-10-22
ny,2021-07-21,113,36,2021-10-22
ny,2021-07-22,77,36,2021-10-22
ny,2021-07-23,98,36,2021-10-22
ny,2021-07-24,85,36,2021-10-22
ny,2021-07-25,95,36,2021-10-22
ny,2021-07-26,108,36,2021-10-22
ny,2021-07-27,121,36,2021-10-22
ny,2021-07-28,134,36,2021-10-22
ny,2021-07-29,132,36,2021-10-22
ny,2021-07-30,136,36,2021-10-22
ny,2021-07-31,123,36,2021-10-22
ny,2021-08-01,138,36,2021-10-22
ny,2021-08-02,161,36,2021-10-22
ny,2021-08-03,210,36,2021-10-22
ny,2021-08-04,210,36,2021-10-22
ny,2021-08-05,201,36,2021-10-22
ny,2021-08-06,244,36,2021-10-22
ny,2021-08-07,189,36,2021-10-22
ny,2021-08-08,242,36,2021-10-22
ny,2021-08-09,227,36,2021-10-22
ny,2021-08-10,285,36,2021-10-22
ny,2021-08-11,301,36,2021-10-22
ny,2021-08-12,316,36,2021-10-22
ny,2021-08-13,301,36,2021-10-22
ny,2021-08-14,238,36,2021-10-22
ny,2021-08-15,251,36,2021-10-22
ny,2021-08-16,333,36,2021-10-22
ny,2021-08-17,326,36,2021-10-22
ny,2021-08-18,291,36,2021-10-22
ny,2021-08-19,307,36,2021-10-22
ny,2021-08-20,264,36,2021-10-22
ny,2021-08-21,264,36,2021-10-22
ny,2021-08-22,251,36,2021-10-22
ny,2021-08-23,336,36,2021-10-22
ny,2021-08-24,334,36,2021-10-22
ny,2021-08-25,334,36,2021-10-22
ny,2021-08-26,318,36,2021-10-22
ny,2021-08-27,283,36,2021-10-22
ny,2021-08-28,272,36,2021-10-22
ny,2021-08-29,240,36,2021-10-22
ny,2021-08-30,348,36,2021-10-22
ny,2021-08-31,358,36,2021-10-22
ny,2021-09-01,363,36,2021-10-22
ny,2021-09-02,322,36,2021-10-22
ny,2021-09-03,316,36,2021-10-22
ny,2021-09-04,288,36,2021-10-22
ny,2021-09-05,298,36,2021-10-22
ny,2021-09-06,294,36,2021-10-22
ny,2021-09-07,339,36,2021-10-22
ny,2021-09-08,300,36,2021-10-22
ny,2021-09-09,353,36,2021-10-22
ny,2021-09-10,312,36,2021-10-22
ny,2021-09-11,288,36,2021-10-22
ny,2021-09-12,314,36,2021-10-22
ny,2021-09-13,304,36,2021-10-22
ny,2021-09-14,314,36,2021-10-22
ny,2021-09-15,327,36,2021-10-22
ny,2021-09-16,318,36,2021-10-22
ny,2021-09-17,322,36,2021-10-22
ny,2021-09-18,258,36,2021-10-22
ny,2021-09-19,272,36,2021-10-22
ny,2021-09-20,315,36,2021-10-22
ny,2021-09-21,276,36,2021-10-22
ny,2021-09-22,317,36,2021-10-22
ny,2021-09-23,335,36,2021-10-22
ny,2021-09-24,287,36,2021-10-22
ny,2021-09-25,256,36,2021-10-22
ny,2021-09-26,233,36,2021-10-22
ny,2021-09-27,310,36,2021-10-22
ny,2021-09-28,278,36,2021-10-22
ny,2021-09-29,252,36,2021-10-22
ny,2021-09-30,288,36,2021-10-22
ny,2021-10-01,287,36,2021-10-22
ny,2021-10-02,250,36,2021-10-22
ny,2021-10-03,264,36,2021-10-22
ny,2021-10-04,322,36,2021-10-22
ny,2021-10-05,262,36,2021-10-22
ny,2021-10-06,275,36,2021-10-22
ny,2021-10-07,279,36,2021-10-22
ny,2021-10-08,273,36,2021-10-22
ny,2021-10-09,225,36,2021-10-22
ny,2021-10-10,248,36,2021-10-22
ny,2021-10-11,278,36,2021-10-22
ny,2021-10-12,287,36,2021-10-22
ny,2021-10-13,315,36,2021-10-22
ny,2021-10-14,301,36,2021-10-22
ny,2021-10-15,287,36,2021-10-22
ny,2021-10-16,238,36,2021-10-22
ny,2021-10-17,224,36,2021-10-22
ny,2021-10-18,262,36,2021-10-22
ny,2021-10-19,273,36,2021-10-22
ny,2021-10-20,259,36,2021-10-22
ny,2021-10-21,257,36,2021-10-22
nc,2019-12-31,NA,37,2021-10-22
nc,2020-01-01,NA,37,2021-10-22
nc,2020-01-02,NA,37,2021-10-22
nc,2020-01-03,NA,37,2021-10-22
nc,2020-01-04,NA,37,2021-10-22
nc,2020-01-05,NA,37,2021-10-22
nc,2020-01-06,NA,37,2021-10-22
nc,2020-01-07,NA,37,2021-10-22
nc,2020-01-08,NA,37,2021-10-22
nc,2020-01-09,NA,37,2021-10-22
nc,2020-01-10,NA,37,2021-10-22
nc,2020-01-11,NA,37,2021-10-22
nc,2020-01-12,NA,37,2021-10-22
nc,2020-01-13,NA,37,2021-10-22
nc,2020-01-14,NA,37,2021-10-22
nc,2020-01-15,NA,37,2021-10-22
nc,2020-01-16,NA,37,2021-10-22
nc,2020-01-17,NA,37,2021-10-22
nc,2020-01-18,NA,37,2021-10-22
nc,2020-01-19,NA,37,2021-10-22
nc,2020-01-20,NA,37,2021-10-22
nc,2020-01-21,NA,37,2021-10-22
nc,2020-01-22,NA,37,2021-10-22
nc,2020-01-23,NA,37,2021-10-22
nc,2020-01-24,NA,37,2021-10-22
nc,2020-01-25,NA,37,2021-10-22
nc,2020-01-26,NA,37,2021-10-22
nc,2020-01-27,NA,37,2021-10-22
nc,2020-01-28,NA,37,2021-10-22
nc,2020-01-29,NA,37,2021-10-22
nc,2020-01-30,NA,37,2021-10-22
nc,2020-01-31,NA,37,2021-10-22
nc,2020-02-01,NA,37,2021-10-22
nc,2020-02-02,NA,37,2021-10-22
nc,2020-02-03,NA,37,2021-10-22
nc,2020-02-04,NA,37,2021-10-22
nc,2020-02-05,NA,37,2021-10-22
nc,2020-02-06,NA,37,2021-10-22
nc,2020-02-07,NA,37,2021-10-22
nc,2020-02-08,NA,37,2021-10-22
nc,2020-02-09,NA,37,2021-10-22
nc,2020-02-10,NA,37,2021-10-22
nc,2020-02-11,NA,37,2021-10-22
nc,2020-02-12,NA,37,2021-10-22
nc,2020-02-13,NA,37,2021-10-22
nc,2020-02-14,NA,37,2021-10-22
nc,2020-02-15,NA,37,2021-10-22
nc,2020-02-16,NA,37,2021-10-22
nc,2020-02-17,NA,37,2021-10-22
nc,2020-02-18,NA,37,2021-10-22
nc,2020-02-19,NA,37,2021-10-22
nc,2020-02-20,NA,37,2021-10-22
nc,2020-02-21,NA,37,2021-10-22
nc,2020-02-22,NA,37,2021-10-22
nc,2020-02-23,NA,37,2021-10-22
nc,2020-02-24,NA,37,2021-10-22
nc,2020-02-25,NA,37,2021-10-22
nc,2020-02-26,NA,37,2021-10-22
nc,2020-02-27,NA,37,2021-10-22
nc,2020-02-28,NA,37,2021-10-22
nc,2020-02-29,NA,37,2021-10-22
nc,2020-03-01,NA,37,2021-10-22
nc,2020-03-02,NA,37,2021-10-22
nc,2020-03-03,NA,37,2021-10-22
nc,2020-03-04,NA,37,2021-10-22
nc,2020-03-05,NA,37,2021-10-22
nc,2020-03-06,NA,37,2021-10-22
nc,2020-03-07,NA,37,2021-10-22
nc,2020-03-08,NA,37,2021-10-22
nc,2020-03-09,NA,37,2021-10-22
nc,2020-03-10,NA,37,2021-10-22
nc,2020-03-11,NA,37,2021-10-22
nc,2020-03-12,NA,37,2021-10-22
nc,2020-03-13,NA,37,2021-10-22
nc,2020-03-14,NA,37,2021-10-22
nc,2020-03-15,NA,37,2021-10-22
nc,2020-03-16,NA,37,2021-10-22
nc,2020-03-17,NA,37,2021-10-22
nc,2020-03-18,NA,37,2021-10-22
nc,2020-03-19,NA,37,2021-10-22
nc,2020-03-20,NA,37,2021-10-22
nc,2020-03-21,NA,37,2021-10-22
nc,2020-03-22,NA,37,2021-10-22
nc,2020-03-23,NA,37,2021-10-22
nc,2020-03-24,NA,37,2021-10-22
nc,2020-03-25,NA,37,2021-10-22
nc,2020-03-26,NA,37,2021-10-22
nc,2020-03-27,NA,37,2021-10-22
nc,2020-03-28,NA,37,2021-10-22
nc,2020-03-29,NA,37,2021-10-22
nc,2020-03-30,NA,37,2021-10-22
nc,2020-03-31,NA,37,2021-10-22
nc,2020-04-01,NA,37,2021-10-22
nc,2020-04-02,NA,37,2021-10-22
nc,2020-04-03,NA,37,2021-10-22
nc,2020-04-04,NA,37,2021-10-22
nc,2020-04-05,NA,37,2021-10-22
nc,2020-04-06,NA,37,2021-10-22
nc,2020-04-07,NA,37,2021-10-22
nc,2020-04-08,NA,37,2021-10-22
nc,2020-04-09,NA,37,2021-10-22
nc,2020-04-10,NA,37,2021-10-22
nc,2020-04-11,NA,37,2021-10-22
nc,2020-04-12,NA,37,2021-10-22
nc,2020-04-13,NA,37,2021-10-22
nc,2020-04-14,NA,37,2021-10-22
nc,2020-04-15,NA,37,2021-10-22
nc,2020-04-16,NA,37,2021-10-22
nc,2020-04-17,NA,37,2021-10-22
nc,2020-04-18,NA,37,2021-10-22
nc,2020-04-19,NA,37,2021-10-22
nc,2020-04-20,NA,37,2021-10-22
nc,2020-04-21,NA,37,2021-10-22
nc,2020-04-22,NA,37,2021-10-22
nc,2020-04-23,NA,37,2021-10-22
nc,2020-04-24,NA,37,2021-10-22
nc,2020-04-25,NA,37,2021-10-22
nc,2020-04-26,NA,37,2021-10-22
nc,2020-04-27,NA,37,2021-10-22
nc,2020-04-28,NA,37,2021-10-22
nc,2020-04-29,NA,37,2021-10-22
nc,2020-04-30,NA,37,2021-10-22
nc,2020-05-01,NA,37,2021-10-22
nc,2020-05-02,NA,37,2021-10-22
nc,2020-05-03,NA,37,2021-10-22
nc,2020-05-04,NA,37,2021-10-22
nc,2020-05-05,NA,37,2021-10-22
nc,2020-05-06,NA,37,2021-10-22
nc,2020-05-07,NA,37,2021-10-22
nc,2020-05-08,NA,37,2021-10-22
nc,2020-05-09,NA,37,2021-10-22
nc,2020-05-10,NA,37,2021-10-22
nc,2020-05-11,NA,37,2021-10-22
nc,2020-05-12,NA,37,2021-10-22
nc,2020-05-13,NA,37,2021-10-22
nc,2020-05-14,NA,37,2021-10-22
nc,2020-05-15,NA,37,2021-10-22
nc,2020-05-16,NA,37,2021-10-22
nc,2020-05-17,NA,37,2021-10-22
nc,2020-05-18,NA,37,2021-10-22
nc,2020-05-19,NA,37,2021-10-22
nc,2020-05-20,NA,37,2021-10-22
nc,2020-05-21,NA,37,2021-10-22
nc,2020-05-22,NA,37,2021-10-22
nc,2020-05-23,NA,37,2021-10-22
nc,2020-05-24,NA,37,2021-10-22
nc,2020-05-25,NA,37,2021-10-22
nc,2020-05-26,NA,37,2021-10-22
nc,2020-05-27,NA,37,2021-10-22
nc,2020-05-28,NA,37,2021-10-22
nc,2020-05-29,NA,37,2021-10-22
nc,2020-05-30,NA,37,2021-10-22
nc,2020-05-31,NA,37,2021-10-22
nc,2020-06-01,NA,37,2021-10-22
nc,2020-06-02,NA,37,2021-10-22
nc,2020-06-03,NA,37,2021-10-22
nc,2020-06-04,NA,37,2021-10-22
nc,2020-06-05,NA,37,2021-10-22
nc,2020-06-06,NA,37,2021-10-22
nc,2020-06-07,NA,37,2021-10-22
nc,2020-06-08,NA,37,2021-10-22
nc,2020-06-09,NA,37,2021-10-22
nc,2020-06-10,NA,37,2021-10-22
nc,2020-06-11,NA,37,2021-10-22
nc,2020-06-12,NA,37,2021-10-22
nc,2020-06-13,NA,37,2021-10-22
nc,2020-06-14,NA,37,2021-10-22
nc,2020-06-15,NA,37,2021-10-22
nc,2020-06-16,NA,37,2021-10-22
nc,2020-06-17,NA,37,2021-10-22
nc,2020-06-18,NA,37,2021-10-22
nc,2020-06-19,NA,37,2021-10-22
nc,2020-06-20,NA,37,2021-10-22
nc,2020-06-21,NA,37,2021-10-22
nc,2020-06-22,NA,37,2021-10-22
nc,2020-06-23,NA,37,2021-10-22
nc,2020-06-24,NA,37,2021-10-22
nc,2020-06-25,NA,37,2021-10-22
nc,2020-06-26,NA,37,2021-10-22
nc,2020-06-27,NA,37,2021-10-22
nc,2020-06-28,NA,37,2021-10-22
nc,2020-06-29,NA,37,2021-10-22
nc,2020-06-30,NA,37,2021-10-22
nc,2020-07-01,NA,37,2021-10-22
nc,2020-07-02,NA,37,2021-10-22
nc,2020-07-03,NA,37,2021-10-22
nc,2020-07-04,NA,37,2021-10-22
nc,2020-07-05,NA,37,2021-10-22
nc,2020-07-06,NA,37,2021-10-22
nc,2020-07-07,NA,37,2021-10-22
nc,2020-07-08,NA,37,2021-10-22
nc,2020-07-09,NA,37,2021-10-22
nc,2020-07-10,NA,37,2021-10-22
nc,2020-07-11,NA,37,2021-10-22
nc,2020-07-12,NA,37,2021-10-22
nc,2020-07-13,NA,37,2021-10-22
nc,2020-07-14,87,37,2021-10-22
nc,2020-07-15,108,37,2021-10-22
nc,2020-07-16,118,37,2021-10-22
nc,2020-07-17,91,37,2021-10-22
nc,2020-07-18,93,37,2021-10-22
nc,2020-07-19,92,37,2021-10-22
nc,2020-07-20,107,37,2021-10-22
nc,2020-07-21,129,37,2021-10-22
nc,2020-07-22,120,37,2021-10-22
nc,2020-07-23,110,37,2021-10-22
nc,2020-07-24,177,37,2021-10-22
nc,2020-07-25,179,37,2021-10-22
nc,2020-07-26,166,37,2021-10-22
nc,2020-07-27,148,37,2021-10-22
nc,2020-07-28,129,37,2021-10-22
nc,2020-07-29,195,37,2021-10-22
nc,2020-07-30,151,37,2021-10-22
nc,2020-07-31,162,37,2021-10-22
nc,2020-08-01,69,37,2021-10-22
nc,2020-08-02,125,37,2021-10-22
nc,2020-08-03,153,37,2021-10-22
nc,2020-08-04,152,37,2021-10-22
nc,2020-08-05,139,37,2021-10-22
nc,2020-08-06,151,37,2021-10-22
nc,2020-08-07,149,37,2021-10-22
nc,2020-08-08,125,37,2021-10-22
nc,2020-08-09,68,37,2021-10-22
nc,2020-08-10,137,37,2021-10-22
nc,2020-08-11,86,37,2021-10-22
nc,2020-08-12,91,37,2021-10-22
nc,2020-08-13,68,37,2021-10-22
nc,2020-08-14,65,37,2021-10-22
nc,2020-08-15,83,37,2021-10-22
nc,2020-08-16,81,37,2021-10-22
nc,2020-08-17,126,37,2021-10-22
nc,2020-08-18,117,37,2021-10-22
nc,2020-08-19,110,37,2021-10-22
nc,2020-08-20,115,37,2021-10-22
nc,2020-08-21,117,37,2021-10-22
nc,2020-08-22,113,37,2021-10-22
nc,2020-08-23,85,37,2021-10-22
nc,2020-08-24,111,37,2021-10-22
nc,2020-08-25,126,37,2021-10-22
nc,2020-08-26,120,37,2021-10-22
nc,2020-08-27,660,37,2021-10-22
nc,2020-08-28,469,37,2021-10-22
nc,2020-08-29,491,37,2021-10-22
nc,2020-08-30,643,37,2021-10-22
nc,2020-08-31,73,37,2021-10-22
nc,2020-09-01,129,37,2021-10-22
nc,2020-09-02,124,37,2021-10-22
nc,2020-09-03,132,37,2021-10-22
nc,2020-09-04,133,37,2021-10-22
nc,2020-09-05,100,37,2021-10-22
nc,2020-09-06,108,37,2021-10-22
nc,2020-09-07,124,37,2021-10-22
nc,2020-09-08,102,37,2021-10-22
nc,2020-09-09,97,37,2021-10-22
nc,2020-09-10,72,37,2021-10-22
nc,2020-09-11,79,37,2021-10-22
nc,2020-09-12,96,37,2021-10-22
nc,2020-09-13,86,37,2021-10-22
nc,2020-09-14,96,37,2021-10-22
nc,2020-09-15,106,37,2021-10-22
nc,2020-09-16,90,37,2021-10-22
nc,2020-09-17,103,37,2021-10-22
nc,2020-09-18,94,37,2021-10-22
nc,2020-09-19,72,37,2021-10-22
nc,2020-09-20,82,37,2021-10-22
nc,2020-09-21,110,37,2021-10-22
nc,2020-09-22,112,37,2021-10-22
nc,2020-09-23,90,37,2021-10-22
nc,2020-09-24,118,37,2021-10-22
nc,2020-09-25,101,37,2021-10-22
nc,2020-09-26,70,37,2021-10-22
nc,2020-09-27,85,37,2021-10-22
nc,2020-09-28,111,37,2021-10-22
nc,2020-09-29,96,37,2021-10-22
nc,2020-09-30,101,37,2021-10-22
nc,2020-10-01,122,37,2021-10-22
nc,2020-10-02,102,37,2021-10-22
nc,2020-10-03,102,37,2021-10-22
nc,2020-10-04,116,37,2021-10-22
nc,2020-10-05,136,37,2021-10-22
nc,2020-10-06,148,37,2021-10-22
nc,2020-10-07,161,37,2021-10-22
nc,2020-10-08,143,37,2021-10-22
nc,2020-10-09,175,37,2021-10-22
nc,2020-10-10,139,37,2021-10-22
nc,2020-10-11,141,37,2021-10-22
nc,2020-10-12,190,37,2021-10-22
nc,2020-10-13,146,37,2021-10-22
nc,2020-10-14,152,37,2021-10-22
nc,2020-10-15,148,37,2021-10-22
nc,2020-10-16,110,37,2021-10-22
nc,2020-10-17,141,37,2021-10-22
nc,2020-10-18,120,37,2021-10-22
nc,2020-10-19,163,37,2021-10-22
nc,2020-10-20,131,37,2021-10-22
nc,2020-10-21,149,37,2021-10-22
nc,2020-10-22,147,37,2021-10-22
nc,2020-10-23,172,37,2021-10-22
nc,2020-10-24,131,37,2021-10-22
nc,2020-10-25,123,37,2021-10-22
nc,2020-10-26,153,37,2021-10-22
nc,2020-10-27,153,37,2021-10-22
nc,2020-10-28,148,37,2021-10-22
nc,2020-10-29,157,37,2021-10-22
nc,2020-10-30,148,37,2021-10-22
nc,2020-10-31,109,37,2021-10-22
nc,2020-11-01,140,37,2021-10-22
nc,2020-11-02,204,37,2021-10-22
nc,2020-11-03,161,37,2021-10-22
nc,2020-11-04,173,37,2021-10-22
nc,2020-11-05,163,37,2021-10-22
nc,2020-11-06,150,37,2021-10-22
nc,2020-11-07,118,37,2021-10-22
nc,2020-11-08,175,37,2021-10-22
nc,2020-11-09,193,37,2021-10-22
nc,2020-11-10,155,37,2021-10-22
nc,2020-11-11,188,37,2021-10-22
nc,2020-11-12,188,37,2021-10-22
nc,2020-11-13,207,37,2021-10-22
nc,2020-11-14,157,37,2021-10-22
nc,2020-11-15,191,37,2021-10-22
nc,2020-11-16,222,37,2021-10-22
nc,2020-11-17,226,37,2021-10-22
nc,2020-11-18,219,37,2021-10-22
nc,2020-11-19,208,37,2021-10-22
nc,2020-11-20,227,37,2021-10-22
nc,2020-11-21,204,37,2021-10-22
nc,2020-11-22,204,37,2021-10-22
nc,2020-11-23,253,37,2021-10-22
nc,2020-11-24,217,37,2021-10-22
nc,2020-11-25,228,37,2021-10-22
nc,2020-11-26,183,37,2021-10-22
nc,2020-11-27,259,37,2021-10-22
nc,2020-11-28,239,37,2021-10-22
nc,2020-11-29,202,37,2021-10-22
nc,2020-11-30,266,37,2021-10-22
nc,2020-12-01,279,37,2021-10-22
nc,2020-12-02,307,37,2021-10-22
nc,2020-12-03,303,37,2021-10-22
nc,2020-12-04,297,37,2021-10-22
nc,2020-12-05,267,37,2021-10-22
nc,2020-12-06,274,37,2021-10-22
nc,2020-12-07,314,37,2021-10-22
nc,2020-12-08,331,37,2021-10-22
nc,2020-12-09,309,37,2021-10-22
nc,2020-12-10,317,37,2021-10-22
nc,2020-12-11,347,37,2021-10-22
nc,2020-12-12,285,37,2021-10-22
nc,2020-12-13,294,37,2021-10-22
nc,2020-12-14,409,37,2021-10-22
nc,2020-12-15,321,37,2021-10-22
nc,2020-12-16,321,37,2021-10-22
nc,2020-12-17,341,37,2021-10-22
nc,2020-12-18,331,37,2021-10-22
nc,2020-12-19,326,37,2021-10-22
nc,2020-12-20,335,37,2021-10-22
nc,2020-12-21,400,37,2021-10-22
nc,2020-12-22,397,37,2021-10-22
nc,2020-12-23,438,37,2021-10-22
nc,2020-12-24,352,37,2021-10-22
nc,2020-12-25,313,37,2021-10-22
nc,2020-12-26,365,37,2021-10-22
nc,2020-12-27,370,37,2021-10-22
nc,2020-12-28,389,37,2021-10-22
nc,2020-12-29,394,37,2021-10-22
nc,2020-12-30,446,37,2021-10-22
nc,2020-12-31,436,37,2021-10-22
nc,2021-01-01,353,37,2021-10-22
nc,2021-01-02,428,37,2021-10-22
nc,2021-01-03,387,37,2021-10-22
nc,2021-01-04,531,37,2021-10-22
nc,2021-01-05,483,37,2021-10-22
nc,2021-01-06,477,37,2021-10-22
nc,2021-01-07,433,37,2021-10-22
nc,2021-01-08,468,37,2021-10-22
nc,2021-01-09,427,37,2021-10-22
nc,2021-01-10,393,37,2021-10-22
nc,2021-01-11,501,37,2021-10-22
nc,2021-01-12,450,37,2021-10-22
nc,2021-01-13,459,37,2021-10-22
nc,2021-01-14,475,37,2021-10-22
nc,2021-01-15,452,37,2021-10-22
nc,2021-01-16,368,37,2021-10-22
nc,2021-01-17,290,37,2021-10-22
nc,2021-01-18,393,37,2021-10-22
nc,2021-01-19,417,37,2021-10-22
nc,2021-01-20,400,37,2021-10-22
nc,2021-01-21,444,37,2021-10-22
nc,2021-01-22,385,37,2021-10-22
nc,2021-01-23,348,37,2021-10-22
nc,2021-01-24,299,37,2021-10-22
nc,2021-01-25,404,37,2021-10-22
nc,2021-01-26,374,37,2021-10-22
nc,2021-01-27,346,37,2021-10-22
nc,2021-01-28,301,37,2021-10-22
nc,2021-01-29,310,37,2021-10-22
nc,2021-01-30,286,37,2021-10-22
nc,2021-01-31,261,37,2021-10-22
nc,2021-02-01,340,37,2021-10-22
nc,2021-02-02,277,37,2021-10-22
nc,2021-02-03,224,37,2021-10-22
nc,2021-02-04,267,37,2021-10-22
nc,2021-02-05,268,37,2021-10-22
nc,2021-02-06,206,37,2021-10-22
nc,2021-02-07,210,37,2021-10-22
nc,2021-02-08,241,37,2021-10-22
nc,2021-02-09,253,37,2021-10-22
nc,2021-02-10,197,37,2021-10-22
nc,2021-02-11,205,37,2021-10-22
nc,2021-02-12,221,37,2021-10-22
nc,2021-02-13,186,37,2021-10-22
nc,2021-02-14,160,37,2021-10-22
nc,2021-02-15,240,37,2021-10-22
nc,2021-02-16,190,37,2021-10-22
nc,2021-02-17,167,37,2021-10-22
nc,2021-02-18,157,37,2021-10-22
nc,2021-02-19,161,37,2021-10-22
nc,2021-02-20,107,37,2021-10-22
nc,2021-02-21,128,37,2021-10-22
nc,2021-02-22,164,37,2021-10-22
nc,2021-02-23,159,37,2021-10-22
nc,2021-02-24,166,37,2021-10-22
nc,2021-02-25,139,37,2021-10-22
nc,2021-02-26,118,37,2021-10-22
nc,2021-02-27,113,37,2021-10-22
nc,2021-02-28,106,37,2021-10-22
nc,2021-03-01,133,37,2021-10-22
nc,2021-03-02,136,37,2021-10-22
nc,2021-03-03,112,37,2021-10-22
nc,2021-03-04,123,37,2021-10-22
nc,2021-03-05,126,37,2021-10-22
nc,2021-03-06,90,37,2021-10-22
nc,2021-03-07,79,37,2021-10-22
nc,2021-03-08,126,37,2021-10-22
nc,2021-03-09,124,37,2021-10-22
nc,2021-03-10,117,37,2021-10-22
nc,2021-03-11,130,37,2021-10-22
nc,2021-03-12,130,37,2021-10-22
nc,2021-03-13,108,37,2021-10-22
nc,2021-03-14,85,37,2021-10-22
nc,2021-03-15,124,37,2021-10-22
nc,2021-03-16,99,37,2021-10-22
nc,2021-03-17,109,37,2021-10-22
nc,2021-03-18,111,37,2021-10-22
nc,2021-03-19,123,37,2021-10-22
nc,2021-03-20,83,37,2021-10-22
nc,2021-03-21,102,37,2021-10-22
nc,2021-03-22,130,37,2021-10-22
nc,2021-03-23,97,37,2021-10-22
nc,2021-03-24,86,37,2021-10-22
nc,2021-03-25,94,37,2021-10-22
nc,2021-03-26,95,37,2021-10-22
nc,2021-03-27,108,37,2021-10-22
nc,2021-03-28,88,37,2021-10-22
nc,2021-03-29,121,37,2021-10-22
nc,2021-03-30,98,37,2021-10-22
nc,2021-03-31,123,37,2021-10-22
nc,2021-04-01,129,37,2021-10-22
nc,2021-04-02,104,37,2021-10-22
nc,2021-04-03,111,37,2021-10-22
nc,2021-04-04,108,37,2021-10-22
nc,2021-04-05,114,37,2021-10-22
nc,2021-04-06,126,37,2021-10-22
nc,2021-04-07,102,37,2021-10-22
nc,2021-04-08,107,37,2021-10-22
nc,2021-04-09,102,37,2021-10-22
nc,2021-04-10,109,37,2021-10-22
nc,2021-04-11,119,37,2021-10-22
nc,2021-04-12,132,37,2021-10-22
nc,2021-04-13,122,37,2021-10-22
nc,2021-04-14,143,37,2021-10-22
nc,2021-04-15,134,37,2021-10-22
nc,2021-04-16,144,37,2021-10-22
nc,2021-04-17,137,37,2021-10-22
nc,2021-04-18,127,37,2021-10-22
nc,2021-04-19,160,37,2021-10-22
nc,2021-04-20,135,37,2021-10-22
nc,2021-04-21,140,37,2021-10-22
nc,2021-04-22,122,37,2021-10-22
nc,2021-04-23,124,37,2021-10-22
nc,2021-04-24,127,37,2021-10-22
nc,2021-04-25,104,37,2021-10-22
nc,2021-04-26,150,37,2021-10-22
nc,2021-04-27,138,37,2021-10-22
nc,2021-04-28,130,37,2021-10-22
nc,2021-04-29,133,37,2021-10-22
nc,2021-04-30,101,37,2021-10-22
nc,2021-05-01,102,37,2021-10-22
nc,2021-05-02,104,37,2021-10-22
nc,2021-05-03,121,37,2021-10-22
nc,2021-05-04,122,37,2021-10-22
nc,2021-05-05,105,37,2021-10-22
nc,2021-05-06,115,37,2021-10-22
nc,2021-05-07,94,37,2021-10-22
nc,2021-05-08,91,37,2021-10-22
nc,2021-05-09,83,37,2021-10-22
nc,2021-05-10,132,37,2021-10-22
nc,2021-05-11,103,37,2021-10-22
nc,2021-05-12,93,37,2021-10-22
nc,2021-05-13,112,37,2021-10-22
nc,2021-05-14,110,37,2021-10-22
nc,2021-05-15,86,37,2021-10-22
nc,2021-05-16,74,37,2021-10-22
nc,2021-05-17,92,37,2021-10-22
nc,2021-05-18,116,37,2021-10-22
nc,2021-05-19,76,37,2021-10-22
nc,2021-05-20,81,37,2021-10-22
nc,2021-05-21,77,37,2021-10-22
nc,2021-05-22,54,37,2021-10-22
nc,2021-05-23,63,37,2021-10-22
nc,2021-05-24,89,37,2021-10-22
nc,2021-05-25,85,37,2021-10-22
nc,2021-05-26,76,37,2021-10-22
nc,2021-05-27,97,37,2021-10-22
nc,2021-05-28,69,37,2021-10-22
nc,2021-05-29,59,37,2021-10-22
nc,2021-05-30,58,37,2021-10-22
nc,2021-05-31,71,37,2021-10-22
nc,2021-06-01,83,37,2021-10-22
nc,2021-06-02,68,37,2021-10-22
nc,2021-06-03,64,37,2021-10-22
nc,2021-06-04,62,37,2021-10-22
nc,2021-06-05,47,37,2021-10-22
nc,2021-06-06,48,37,2021-10-22
nc,2021-06-07,58,37,2021-10-22
nc,2021-06-08,54,37,2021-10-22
nc,2021-06-09,55,37,2021-10-22
nc,2021-06-10,62,37,2021-10-22
nc,2021-06-11,60,37,2021-10-22
nc,2021-06-12,41,37,2021-10-22
nc,2021-06-13,51,37,2021-10-22
nc,2021-06-14,62,37,2021-10-22
nc,2021-06-15,49,37,2021-10-22
nc,2021-06-16,47,37,2021-10-22
nc,2021-06-17,52,37,2021-10-22
nc,2021-06-18,60,37,2021-10-22
nc,2021-06-19,39,37,2021-10-22
nc,2021-06-20,38,37,2021-10-22
nc,2021-06-21,44,37,2021-10-22
nc,2021-06-22,43,37,2021-10-22
nc,2021-06-23,48,37,2021-10-22
nc,2021-06-24,47,37,2021-10-22
nc,2021-06-25,44,37,2021-10-22
nc,2021-06-26,50,37,2021-10-22
nc,2021-06-27,47,37,2021-10-22
nc,2021-06-28,47,37,2021-10-22
nc,2021-06-29,47,37,2021-10-22
nc,2021-06-30,46,37,2021-10-22
nc,2021-07-01,57,37,2021-10-22
nc,2021-07-02,38,37,2021-10-22
nc,2021-07-03,38,37,2021-10-22
nc,2021-07-04,35,37,2021-10-22
nc,2021-07-05,60,37,2021-10-22
nc,2021-07-06,40,37,2021-10-22
nc,2021-07-07,45,37,2021-10-22
nc,2021-07-08,57,37,2021-10-22
nc,2021-07-09,56,37,2021-10-22
nc,2021-07-10,46,37,2021-10-22
nc,2021-07-11,50,37,2021-10-22
nc,2021-07-12,81,37,2021-10-22
nc,2021-07-13,51,37,2021-10-22
nc,2021-07-14,67,37,2021-10-22
nc,2021-07-15,96,37,2021-10-22
nc,2021-07-16,80,37,2021-10-22
nc,2021-07-17,87,37,2021-10-22
nc,2021-07-18,79,37,2021-10-22
nc,2021-07-19,98,37,2021-10-22
nc,2021-07-20,110,37,2021-10-22
nc,2021-07-21,124,37,2021-10-22
nc,2021-07-22,114,37,2021-10-22
nc,2021-07-23,134,37,2021-10-22
nc,2021-07-24,110,37,2021-10-22
nc,2021-07-25,134,37,2021-10-22
nc,2021-07-26,153,37,2021-10-22
nc,2021-07-27,146,37,2021-10-22
nc,2021-07-28,155,37,2021-10-22
nc,2021-07-29,169,37,2021-10-22
nc,2021-07-30,176,37,2021-10-22
nc,2021-07-31,184,37,2021-10-22
nc,2021-08-01,166,37,2021-10-22
nc,2021-08-02,217,37,2021-10-22
nc,2021-08-03,220,37,2021-10-22
nc,2021-08-04,214,37,2021-10-22
nc,2021-08-05,230,37,2021-10-22
nc,2021-08-06,229,37,2021-10-22
nc,2021-08-07,256,37,2021-10-22
nc,2021-08-08,253,37,2021-10-22
nc,2021-08-09,311,37,2021-10-22
nc,2021-08-10,303,37,2021-10-22
nc,2021-08-11,326,37,2021-10-22
nc,2021-08-12,310,37,2021-10-22
nc,2021-08-13,322,37,2021-10-22
nc,2021-08-14,301,37,2021-10-22
nc,2021-08-15,304,37,2021-10-22
nc,2021-08-16,363,37,2021-10-22
nc,2021-08-17,363,37,2021-10-22
nc,2021-08-18,368,37,2021-10-22
nc,2021-08-19,353,37,2021-10-22
nc,2021-08-20,357,37,2021-10-22
nc,2021-08-21,349,37,2021-10-22
nc,2021-08-22,350,37,2021-10-22
nc,2021-08-23,393,37,2021-10-22
nc,2021-08-24,377,37,2021-10-22
nc,2021-08-25,366,37,2021-10-22
nc,2021-08-26,396,37,2021-10-22
nc,2021-08-27,389,37,2021-10-22
nc,2021-08-28,328,37,2021-10-22
nc,2021-08-29,421,37,2021-10-22
nc,2021-08-30,412,37,2021-10-22
nc,2021-08-31,387,37,2021-10-22
nc,2021-09-01,379,37,2021-10-22
nc,2021-09-02,372,37,2021-10-22
nc,2021-09-03,390,37,2021-10-22
nc,2021-09-04,353,37,2021-10-22
nc,2021-09-05,344,37,2021-10-22
nc,2021-09-06,335,37,2021-10-22
nc,2021-09-07,413,37,2021-10-22
nc,2021-09-08,399,37,2021-10-22
nc,2021-09-09,367,37,2021-10-22
nc,2021-09-10,368,37,2021-10-22
nc,2021-09-11,342,37,2021-10-22
nc,2021-09-12,324,37,2021-10-22
nc,2021-09-13,388,37,2021-10-22
nc,2021-09-14,338,37,2021-10-22
nc,2021-09-15,359,37,2021-10-22
nc,2021-09-16,367,37,2021-10-22
nc,2021-09-17,301,37,2021-10-22
nc,2021-09-18,281,37,2021-10-22
nc,2021-09-19,333,37,2021-10-22
nc,2021-09-20,357,37,2021-10-22
nc,2021-09-21,331,37,2021-10-22
nc,2021-09-22,350,37,2021-10-22
nc,2021-09-23,321,37,2021-10-22
nc,2021-09-24,290,37,2021-10-22
nc,2021-09-25,267,37,2021-10-22
nc,2021-09-26,249,37,2021-10-22
nc,2021-09-27,266,37,2021-10-22
nc,2021-09-28,263,37,2021-10-22
nc,2021-09-29,270,37,2021-10-22
nc,2021-09-30,263,37,2021-10-22
nc,2021-10-01,229,37,2021-10-22
nc,2021-10-02,219,37,2021-10-22
nc,2021-10-03,240,37,2021-10-22
nc,2021-10-04,247,37,2021-10-22
nc,2021-10-05,239,37,2021-10-22
nc,2021-10-06,241,37,2021-10-22
nc,2021-10-07,222,37,2021-10-22
nc,2021-10-08,226,37,2021-10-22
nc,2021-10-09,187,37,2021-10-22
nc,2021-10-10,188,37,2021-10-22
nc,2021-10-11,229,37,2021-10-22
nc,2021-10-12,214,37,2021-10-22
nc,2021-10-13,177,37,2021-10-22
nc,2021-10-14,188,37,2021-10-22
nc,2021-10-15,187,37,2021-10-22
nc,2021-10-16,169,37,2021-10-22
nc,2021-10-17,137,37,2021-10-22
nc,2021-10-18,152,37,2021-10-22
nc,2021-10-19,143,37,2021-10-22
nc,2021-10-20,144,37,2021-10-22
nc,2021-10-21,144,37,2021-10-22
nd,2020-02-29,NA,38,2021-10-22
nd,2020-03-01,NA,38,2021-10-22
nd,2020-03-02,NA,38,2021-10-22
nd,2020-03-03,NA,38,2021-10-22
nd,2020-03-04,NA,38,2021-10-22
nd,2020-03-05,NA,38,2021-10-22
nd,2020-03-06,NA,38,2021-10-22
nd,2020-03-07,NA,38,2021-10-22
nd,2020-03-08,NA,38,2021-10-22
nd,2020-03-09,NA,38,2021-10-22
nd,2020-03-10,NA,38,2021-10-22
nd,2020-03-11,NA,38,2021-10-22
nd,2020-03-12,NA,38,2021-10-22
nd,2020-03-13,NA,38,2021-10-22
nd,2020-03-14,NA,38,2021-10-22
nd,2020-03-15,NA,38,2021-10-22
nd,2020-03-16,NA,38,2021-10-22
nd,2020-03-17,NA,38,2021-10-22
nd,2020-03-18,NA,38,2021-10-22
nd,2020-03-19,NA,38,2021-10-22
nd,2020-03-20,NA,38,2021-10-22
nd,2020-03-21,NA,38,2021-10-22
nd,2020-03-22,NA,38,2021-10-22
nd,2020-03-23,NA,38,2021-10-22
nd,2020-03-24,NA,38,2021-10-22
nd,2020-03-25,NA,38,2021-10-22
nd,2020-03-26,NA,38,2021-10-22
nd,2020-03-27,NA,38,2021-10-22
nd,2020-03-28,NA,38,2021-10-22
nd,2020-03-29,NA,38,2021-10-22
nd,2020-03-30,NA,38,2021-10-22
nd,2020-03-31,NA,38,2021-10-22
nd,2020-04-01,NA,38,2021-10-22
nd,2020-04-02,NA,38,2021-10-22
nd,2020-04-03,NA,38,2021-10-22
nd,2020-04-04,NA,38,2021-10-22
nd,2020-04-05,NA,38,2021-10-22
nd,2020-04-06,NA,38,2021-10-22
nd,2020-04-07,NA,38,2021-10-22
nd,2020-04-08,NA,38,2021-10-22
nd,2020-04-09,NA,38,2021-10-22
nd,2020-04-10,NA,38,2021-10-22
nd,2020-04-11,NA,38,2021-10-22
nd,2020-04-12,NA,38,2021-10-22
nd,2020-04-13,NA,38,2021-10-22
nd,2020-04-14,NA,38,2021-10-22
nd,2020-04-15,NA,38,2021-10-22
nd,2020-04-16,NA,38,2021-10-22
nd,2020-04-17,NA,38,2021-10-22
nd,2020-04-18,NA,38,2021-10-22
nd,2020-04-19,NA,38,2021-10-22
nd,2020-04-20,NA,38,2021-10-22
nd,2020-04-21,NA,38,2021-10-22
nd,2020-04-22,NA,38,2021-10-22
nd,2020-04-23,NA,38,2021-10-22
nd,2020-04-24,NA,38,2021-10-22
nd,2020-04-25,NA,38,2021-10-22
nd,2020-04-26,NA,38,2021-10-22
nd,2020-04-27,NA,38,2021-10-22
nd,2020-04-28,NA,38,2021-10-22
nd,2020-04-29,NA,38,2021-10-22
nd,2020-04-30,NA,38,2021-10-22
nd,2020-05-01,NA,38,2021-10-22
nd,2020-05-02,NA,38,2021-10-22
nd,2020-05-03,NA,38,2021-10-22
nd,2020-05-04,NA,38,2021-10-22
nd,2020-05-05,NA,38,2021-10-22
nd,2020-05-06,NA,38,2021-10-22
nd,2020-05-07,NA,38,2021-10-22
nd,2020-05-08,NA,38,2021-10-22
nd,2020-05-09,NA,38,2021-10-22
nd,2020-05-10,NA,38,2021-10-22
nd,2020-05-11,NA,38,2021-10-22
nd,2020-05-12,NA,38,2021-10-22
nd,2020-05-13,NA,38,2021-10-22
nd,2020-05-14,NA,38,2021-10-22
nd,2020-05-15,NA,38,2021-10-22
nd,2020-05-16,NA,38,2021-10-22
nd,2020-05-17,NA,38,2021-10-22
nd,2020-05-18,NA,38,2021-10-22
nd,2020-05-19,NA,38,2021-10-22
nd,2020-05-20,NA,38,2021-10-22
nd,2020-05-21,NA,38,2021-10-22
nd,2020-05-22,NA,38,2021-10-22
nd,2020-05-23,NA,38,2021-10-22
nd,2020-05-24,NA,38,2021-10-22
nd,2020-05-25,NA,38,2021-10-22
nd,2020-05-26,NA,38,2021-10-22
nd,2020-05-27,NA,38,2021-10-22
nd,2020-05-28,NA,38,2021-10-22
nd,2020-05-29,NA,38,2021-10-22
nd,2020-05-30,NA,38,2021-10-22
nd,2020-05-31,NA,38,2021-10-22
nd,2020-06-01,NA,38,2021-10-22
nd,2020-06-02,NA,38,2021-10-22
nd,2020-06-03,NA,38,2021-10-22
nd,2020-06-04,NA,38,2021-10-22
nd,2020-06-05,NA,38,2021-10-22
nd,2020-06-06,NA,38,2021-10-22
nd,2020-06-07,NA,38,2021-10-22
nd,2020-06-08,NA,38,2021-10-22
nd,2020-06-09,NA,38,2021-10-22
nd,2020-06-10,NA,38,2021-10-22
nd,2020-06-11,NA,38,2021-10-22
nd,2020-06-12,NA,38,2021-10-22
nd,2020-06-13,NA,38,2021-10-22
nd,2020-06-14,NA,38,2021-10-22
nd,2020-06-15,NA,38,2021-10-22
nd,2020-06-16,NA,38,2021-10-22
nd,2020-06-17,NA,38,2021-10-22
nd,2020-06-18,NA,38,2021-10-22
nd,2020-06-19,NA,38,2021-10-22
nd,2020-06-20,NA,38,2021-10-22
nd,2020-06-21,NA,38,2021-10-22
nd,2020-06-22,NA,38,2021-10-22
nd,2020-06-23,NA,38,2021-10-22
nd,2020-06-24,NA,38,2021-10-22
nd,2020-06-25,NA,38,2021-10-22
nd,2020-06-26,NA,38,2021-10-22
nd,2020-06-27,NA,38,2021-10-22
nd,2020-06-28,NA,38,2021-10-22
nd,2020-06-29,NA,38,2021-10-22
nd,2020-06-30,NA,38,2021-10-22
nd,2020-07-01,NA,38,2021-10-22
nd,2020-07-02,NA,38,2021-10-22
nd,2020-07-03,NA,38,2021-10-22
nd,2020-07-04,NA,38,2021-10-22
nd,2020-07-05,NA,38,2021-10-22
nd,2020-07-06,NA,38,2021-10-22
nd,2020-07-07,NA,38,2021-10-22
nd,2020-07-08,NA,38,2021-10-22
nd,2020-07-09,NA,38,2021-10-22
nd,2020-07-10,NA,38,2021-10-22
nd,2020-07-11,NA,38,2021-10-22
nd,2020-07-12,NA,38,2021-10-22
nd,2020-07-13,NA,38,2021-10-22
nd,2020-07-14,NA,38,2021-10-22
nd,2020-07-15,NA,38,2021-10-22
nd,2020-07-16,NA,38,2021-10-22
nd,2020-07-17,NA,38,2021-10-22
nd,2020-07-18,NA,38,2021-10-22
nd,2020-07-19,NA,38,2021-10-22
nd,2020-07-20,NA,38,2021-10-22
nd,2020-07-21,NA,38,2021-10-22
nd,2020-07-22,NA,38,2021-10-22
nd,2020-07-23,NA,38,2021-10-22
nd,2020-07-24,NA,38,2021-10-22
nd,2020-07-25,NA,38,2021-10-22
nd,2020-07-26,NA,38,2021-10-22
nd,2020-07-27,4,38,2021-10-22
nd,2020-07-28,7,38,2021-10-22
nd,2020-07-29,2,38,2021-10-22
nd,2020-07-30,8,38,2021-10-22
nd,2020-07-31,7,38,2021-10-22
nd,2020-08-01,6,38,2021-10-22
nd,2020-08-02,7,38,2021-10-22
nd,2020-08-03,17,38,2021-10-22
nd,2020-08-04,11,38,2021-10-22
nd,2020-08-05,6,38,2021-10-22
nd,2020-08-06,12,38,2021-10-22
nd,2020-08-07,15,38,2021-10-22
nd,2020-08-08,17,38,2021-10-22
nd,2020-08-09,11,38,2021-10-22
nd,2020-08-10,10,38,2021-10-22
nd,2020-08-11,5,38,2021-10-22
nd,2020-08-12,9,38,2021-10-22
nd,2020-08-13,6,38,2021-10-22
nd,2020-08-14,8,38,2021-10-22
nd,2020-08-15,5,38,2021-10-22
nd,2020-08-16,6,38,2021-10-22
nd,2020-08-17,6,38,2021-10-22
nd,2020-08-18,9,38,2021-10-22
nd,2020-08-19,11,38,2021-10-22
nd,2020-08-20,9,38,2021-10-22
nd,2020-08-21,12,38,2021-10-22
nd,2020-08-22,6,38,2021-10-22
nd,2020-08-23,12,38,2021-10-22
nd,2020-08-24,10,38,2021-10-22
nd,2020-08-25,5,38,2021-10-22
nd,2020-08-26,19,38,2021-10-22
nd,2020-08-27,6,38,2021-10-22
nd,2020-08-28,9,38,2021-10-22
nd,2020-08-29,5,38,2021-10-22
nd,2020-08-30,11,38,2021-10-22
nd,2020-08-31,8,38,2021-10-22
nd,2020-09-01,11,38,2021-10-22
nd,2020-09-02,12,38,2021-10-22
nd,2020-09-03,8,38,2021-10-22
nd,2020-09-04,11,38,2021-10-22
nd,2020-09-05,13,38,2021-10-22
nd,2020-09-06,7,38,2021-10-22
nd,2020-09-07,7,38,2021-10-22
nd,2020-09-08,18,38,2021-10-22
nd,2020-09-09,6,38,2021-10-22
nd,2020-09-10,9,38,2021-10-22
nd,2020-09-11,13,38,2021-10-22
nd,2020-09-12,9,38,2021-10-22
nd,2020-09-13,21,38,2021-10-22
nd,2020-09-14,17,38,2021-10-22
nd,2020-09-15,23,38,2021-10-22
nd,2020-09-16,15,38,2021-10-22
nd,2020-09-17,18,38,2021-10-22
nd,2020-09-18,7,38,2021-10-22
nd,2020-09-19,19,38,2021-10-22
nd,2020-09-20,22,38,2021-10-22
nd,2020-09-21,20,38,2021-10-22
nd,2020-09-22,13,38,2021-10-22
nd,2020-09-23,21,38,2021-10-22
nd,2020-09-24,13,38,2021-10-22
nd,2020-09-25,18,38,2021-10-22
nd,2020-09-26,18,38,2021-10-22
nd,2020-09-27,20,38,2021-10-22
nd,2020-09-28,35,38,2021-10-22
nd,2020-09-29,34,38,2021-10-22
nd,2020-09-30,29,38,2021-10-22
nd,2020-10-01,27,38,2021-10-22
nd,2020-10-02,25,38,2021-10-22
nd,2020-10-03,18,38,2021-10-22
nd,2020-10-04,28,38,2021-10-22
nd,2020-10-05,32,38,2021-10-22
nd,2020-10-06,36,38,2021-10-22
nd,2020-10-07,28,38,2021-10-22
nd,2020-10-08,32,38,2021-10-22
nd,2020-10-09,41,38,2021-10-22
nd,2020-10-10,20,38,2021-10-22
nd,2020-10-11,18,38,2021-10-22
nd,2020-10-12,24,38,2021-10-22
nd,2020-10-13,27,38,2021-10-22
nd,2020-10-14,28,38,2021-10-22
nd,2020-10-15,29,38,2021-10-22
nd,2020-10-16,19,38,2021-10-22
nd,2020-10-17,22,38,2021-10-22
nd,2020-10-18,20,38,2021-10-22
nd,2020-10-19,35,38,2021-10-22
nd,2020-10-20,46,38,2021-10-22
nd,2020-10-21,37,38,2021-10-22
nd,2020-10-22,38,38,2021-10-22
nd,2020-10-23,38,38,2021-10-22
nd,2020-10-24,29,38,2021-10-22
nd,2020-10-25,44,38,2021-10-22
nd,2020-10-26,45,38,2021-10-22
nd,2020-10-27,39,38,2021-10-22
nd,2020-10-28,50,38,2021-10-22
nd,2020-10-29,46,38,2021-10-22
nd,2020-10-30,44,38,2021-10-22
nd,2020-10-31,41,38,2021-10-22
nd,2020-11-01,41,38,2021-10-22
nd,2020-11-02,58,38,2021-10-22
nd,2020-11-03,56,38,2021-10-22
nd,2020-11-04,56,38,2021-10-22
nd,2020-11-05,60,38,2021-10-22
nd,2020-11-06,80,38,2021-10-22
nd,2020-11-07,49,38,2021-10-22
nd,2020-11-08,51,38,2021-10-22
nd,2020-11-09,66,38,2021-10-22
nd,2020-11-10,64,38,2021-10-22
nd,2020-11-11,66,38,2021-10-22
nd,2020-11-12,60,38,2021-10-22
nd,2020-11-13,57,38,2021-10-22
nd,2020-11-14,58,38,2021-10-22
nd,2020-11-15,55,38,2021-10-22
nd,2020-11-16,62,38,2021-10-22
nd,2020-11-17,65,38,2021-10-22
nd,2020-11-18,69,38,2021-10-22
nd,2020-11-19,63,38,2021-10-22
nd,2020-11-20,51,38,2021-10-22
nd,2020-11-21,43,38,2021-10-22
nd,2020-11-22,48,38,2021-10-22
nd,2020-11-23,51,38,2021-10-22
nd,2020-11-24,52,38,2021-10-22
nd,2020-11-25,38,38,2021-10-22
nd,2020-11-26,44,38,2021-10-22
nd,2020-11-27,49,38,2021-10-22
nd,2020-11-28,32,38,2021-10-22
nd,2020-11-29,42,38,2021-10-22
nd,2020-11-30,49,38,2021-10-22
nd,2020-12-01,41,38,2021-10-22
nd,2020-12-02,49,38,2021-10-22
nd,2020-12-03,33,38,2021-10-22
nd,2020-12-04,37,38,2021-10-22
nd,2020-12-05,32,38,2021-10-22
nd,2020-12-06,31,38,2021-10-22
nd,2020-12-07,47,38,2021-10-22
nd,2020-12-08,34,38,2021-10-22
nd,2020-12-09,30,38,2021-10-22
nd,2020-12-10,25,38,2021-10-22
nd,2020-12-11,32,38,2021-10-22
nd,2020-12-12,23,38,2021-10-22
nd,2020-12-13,27,38,2021-10-22
nd,2020-12-14,21,38,2021-10-22
nd,2020-12-15,24,38,2021-10-22
nd,2020-12-16,30,38,2021-10-22
nd,2020-12-17,25,38,2021-10-22
nd,2020-12-18,25,38,2021-10-22
nd,2020-12-19,18,38,2021-10-22
nd,2020-12-20,25,38,2021-10-22
nd,2020-12-21,27,38,2021-10-22
nd,2020-12-22,31,38,2021-10-22
nd,2020-12-23,22,38,2021-10-22
nd,2020-12-24,14,38,2021-10-22
nd,2020-12-25,21,38,2021-10-22
nd,2020-12-26,23,38,2021-10-22
nd,2020-12-27,22,38,2021-10-22
nd,2020-12-28,21,38,2021-10-22
nd,2020-12-29,24,38,2021-10-22
nd,2020-12-30,16,38,2021-10-22
nd,2020-12-31,20,38,2021-10-22
nd,2021-01-01,14,38,2021-10-22
nd,2021-01-02,12,38,2021-10-22
nd,2021-01-03,12,38,2021-10-22
nd,2021-01-04,21,38,2021-10-22
nd,2021-01-05,19,38,2021-10-22
nd,2021-01-06,21,38,2021-10-22
nd,2021-01-07,17,38,2021-10-22
nd,2021-01-08,7,38,2021-10-22
nd,2021-01-09,11,38,2021-10-22
nd,2021-01-10,13,38,2021-10-22
nd,2021-01-11,19,38,2021-10-22
nd,2021-01-12,11,38,2021-10-22
nd,2021-01-13,16,38,2021-10-22
nd,2021-01-14,19,38,2021-10-22
nd,2021-01-15,13,38,2021-10-22
nd,2021-01-16,13,38,2021-10-22
nd,2021-01-17,11,38,2021-10-22
nd,2021-01-18,12,38,2021-10-22
nd,2021-01-19,11,38,2021-10-22
nd,2021-01-20,7,38,2021-10-22
nd,2021-01-21,12,38,2021-10-22
nd,2021-01-22,10,38,2021-10-22
nd,2021-01-23,9,38,2021-10-22
nd,2021-01-24,9,38,2021-10-22
nd,2021-01-25,13,38,2021-10-22
nd,2021-01-26,8,38,2021-10-22
nd,2021-01-27,9,38,2021-10-22
nd,2021-01-28,9,38,2021-10-22
nd,2021-01-29,15,38,2021-10-22
nd,2021-01-30,8,38,2021-10-22
nd,2021-01-31,13,38,2021-10-22
nd,2021-02-01,6,38,2021-10-22
nd,2021-02-02,12,38,2021-10-22
nd,2021-02-03,6,38,2021-10-22
nd,2021-02-04,7,38,2021-10-22
nd,2021-02-05,12,38,2021-10-22
nd,2021-02-06,4,38,2021-10-22
nd,2021-02-07,7,38,2021-10-22
nd,2021-02-08,16,38,2021-10-22
nd,2021-02-09,14,38,2021-10-22
nd,2021-02-10,5,38,2021-10-22
nd,2021-02-11,12,38,2021-10-22
nd,2021-02-12,11,38,2021-10-22
nd,2021-02-13,7,38,2021-10-22
nd,2021-02-14,9,38,2021-10-22
nd,2021-02-15,12,38,2021-10-22
nd,2021-02-16,10,38,2021-10-22
nd,2021-02-17,10,38,2021-10-22
nd,2021-02-18,9,38,2021-10-22
nd,2021-02-19,7,38,2021-10-22
nd,2021-02-20,9,38,2021-10-22
nd,2021-02-21,4,38,2021-10-22
nd,2021-02-22,8,38,2021-10-22
nd,2021-02-23,5,38,2021-10-22
nd,2021-02-24,5,38,2021-10-22
nd,2021-02-25,10,38,2021-10-22
nd,2021-02-26,15,38,2021-10-22
nd,2021-02-27,3,38,2021-10-22
nd,2021-02-28,6,38,2021-10-22
nd,2021-03-01,5,38,2021-10-22
nd,2021-03-02,6,38,2021-10-22
nd,2021-03-03,6,38,2021-10-22
nd,2021-03-04,9,38,2021-10-22
nd,2021-03-05,5,38,2021-10-22
nd,2021-03-06,12,38,2021-10-22
nd,2021-03-07,8,38,2021-10-22
nd,2021-03-08,10,38,2021-10-22
nd,2021-03-09,10,38,2021-10-22
nd,2021-03-10,4,38,2021-10-22
nd,2021-03-11,10,38,2021-10-22
nd,2021-03-12,4,38,2021-10-22
nd,2021-03-13,0,38,2021-10-22
nd,2021-03-14,6,38,2021-10-22
nd,2021-03-15,7,38,2021-10-22
nd,2021-03-16,1,38,2021-10-22
nd,2021-03-17,7,38,2021-10-22
nd,2021-03-18,8,38,2021-10-22
nd,2021-03-19,9,38,2021-10-22
nd,2021-03-20,4,38,2021-10-22
nd,2021-03-21,3,38,2021-10-22
nd,2021-03-22,5,38,2021-10-22
nd,2021-03-23,4,38,2021-10-22
nd,2021-03-24,10,38,2021-10-22
nd,2021-03-25,8,38,2021-10-22
nd,2021-03-26,7,38,2021-10-22
nd,2021-03-27,5,38,2021-10-22
nd,2021-03-28,7,38,2021-10-22
nd,2021-03-29,5,38,2021-10-22
nd,2021-03-30,13,38,2021-10-22
nd,2021-03-31,7,38,2021-10-22
nd,2021-04-01,15,38,2021-10-22
nd,2021-04-02,8,38,2021-10-22
nd,2021-04-03,10,38,2021-10-22
nd,2021-04-04,9,38,2021-10-22
nd,2021-04-05,10,38,2021-10-22
nd,2021-04-06,13,38,2021-10-22
nd,2021-04-07,13,38,2021-10-22
nd,2021-04-08,32,38,2021-10-22
nd,2021-04-09,13,38,2021-10-22
nd,2021-04-10,12,38,2021-10-22
nd,2021-04-11,8,38,2021-10-22
nd,2021-04-12,14,38,2021-10-22
nd,2021-04-13,11,38,2021-10-22
nd,2021-04-14,9,38,2021-10-22
nd,2021-04-15,16,38,2021-10-22
nd,2021-04-16,8,38,2021-10-22
nd,2021-04-17,8,38,2021-10-22
nd,2021-04-18,6,38,2021-10-22
nd,2021-04-19,17,38,2021-10-22
nd,2021-04-20,5,38,2021-10-22
nd,2021-04-21,13,38,2021-10-22
nd,2021-04-22,10,38,2021-10-22
nd,2021-04-23,10,38,2021-10-22
nd,2021-04-24,9,38,2021-10-22
nd,2021-04-25,12,38,2021-10-22
nd,2021-04-26,13,38,2021-10-22
nd,2021-04-27,13,38,2021-10-22
nd,2021-04-28,9,38,2021-10-22
nd,2021-04-29,12,38,2021-10-22
nd,2021-04-30,12,38,2021-10-22
nd,2021-05-01,8,38,2021-10-22
nd,2021-05-02,13,38,2021-10-22
nd,2021-05-03,10,38,2021-10-22
nd,2021-05-04,9,38,2021-10-22
nd,2021-05-05,8,38,2021-10-22
nd,2021-05-06,5,38,2021-10-22
nd,2021-05-07,7,38,2021-10-22
nd,2021-05-08,5,38,2021-10-22
nd,2021-05-09,8,38,2021-10-22
nd,2021-05-10,11,38,2021-10-22
nd,2021-05-11,9,38,2021-10-22
nd,2021-05-12,8,38,2021-10-22
nd,2021-05-13,10,38,2021-10-22
nd,2021-05-14,10,38,2021-10-22
nd,2021-05-15,7,38,2021-10-22
nd,2021-05-16,7,38,2021-10-22
nd,2021-05-17,10,38,2021-10-22
nd,2021-05-18,18,38,2021-10-22
nd,2021-05-19,7,38,2021-10-22
nd,2021-05-20,3,38,2021-10-22
nd,2021-05-21,7,38,2021-10-22
nd,2021-05-22,12,38,2021-10-22
nd,2021-05-23,11,38,2021-10-22
nd,2021-05-24,7,38,2021-10-22
nd,2021-05-25,6,38,2021-10-22
nd,2021-05-26,4,38,2021-10-22
nd,2021-05-27,8,38,2021-10-22
nd,2021-05-28,1,38,2021-10-22
nd,2021-05-29,1,38,2021-10-22
nd,2021-05-30,2,38,2021-10-22
nd,2021-05-31,1,38,2021-10-22
nd,2021-06-01,6,38,2021-10-22
nd,2021-06-02,4,38,2021-10-22
nd,2021-06-03,6,38,2021-10-22
nd,2021-06-04,7,38,2021-10-22
nd,2021-06-05,3,38,2021-10-22
nd,2021-06-06,2,38,2021-10-22
nd,2021-06-07,7,38,2021-10-22
nd,2021-06-08,2,38,2021-10-22
nd,2021-06-09,4,38,2021-10-22
nd,2021-06-10,2,38,2021-10-22
nd,2021-06-11,4,38,2021-10-22
nd,2021-06-12,4,38,2021-10-22
nd,2021-06-13,4,38,2021-10-22
nd,2021-06-14,4,38,2021-10-22
nd,2021-06-15,5,38,2021-10-22
nd,2021-06-16,5,38,2021-10-22
nd,2021-06-17,1,38,2021-10-22
nd,2021-06-18,1,38,2021-10-22
nd,2021-06-19,6,38,2021-10-22
nd,2021-06-20,3,38,2021-10-22
nd,2021-06-21,1,38,2021-10-22
nd,2021-06-22,0,38,2021-10-22
nd,2021-06-23,3,38,2021-10-22
nd,2021-06-24,3,38,2021-10-22
nd,2021-06-25,2,38,2021-10-22
nd,2021-06-26,2,38,2021-10-22
nd,2021-06-27,1,38,2021-10-22
nd,2021-06-28,4,38,2021-10-22
nd,2021-06-29,1,38,2021-10-22
nd,2021-06-30,2,38,2021-10-22
nd,2021-07-01,2,38,2021-10-22
nd,2021-07-02,0,38,2021-10-22
nd,2021-07-03,2,38,2021-10-22
nd,2021-07-04,2,38,2021-10-22
nd,2021-07-05,2,38,2021-10-22
nd,2021-07-06,1,38,2021-10-22
nd,2021-07-07,3,38,2021-10-22
nd,2021-07-08,1,38,2021-10-22
nd,2021-07-09,2,38,2021-10-22
nd,2021-07-10,2,38,2021-10-22
nd,2021-07-11,2,38,2021-10-22
nd,2021-07-12,2,38,2021-10-22
nd,2021-07-13,2,38,2021-10-22
nd,2021-07-14,3,38,2021-10-22
nd,2021-07-15,1,38,2021-10-22
nd,2021-07-16,1,38,2021-10-22
nd,2021-07-17,3,38,2021-10-22
nd,2021-07-18,4,38,2021-10-22
nd,2021-07-19,3,38,2021-10-22
nd,2021-07-20,3,38,2021-10-22
nd,2021-07-21,0,38,2021-10-22
nd,2021-07-22,5,38,2021-10-22
nd,2021-07-23,4,38,2021-10-22
nd,2021-07-24,4,38,2021-10-22
nd,2021-07-25,3,38,2021-10-22
nd,2021-07-26,2,38,2021-10-22
nd,2021-07-27,3,38,2021-10-22
nd,2021-07-28,3,38,2021-10-22
nd,2021-07-29,2,38,2021-10-22
nd,2021-07-30,3,38,2021-10-22
nd,2021-07-31,5,38,2021-10-22
nd,2021-08-01,6,38,2021-10-22
nd,2021-08-02,5,38,2021-10-22
nd,2021-08-03,1,38,2021-10-22
nd,2021-08-04,3,38,2021-10-22
nd,2021-08-05,8,38,2021-10-22
nd,2021-08-06,5,38,2021-10-22
nd,2021-08-07,7,38,2021-10-22
nd,2021-08-08,9,38,2021-10-22
nd,2021-08-09,3,38,2021-10-22
nd,2021-08-10,9,38,2021-10-22
nd,2021-08-11,9,38,2021-10-22
nd,2021-08-12,10,38,2021-10-22
nd,2021-08-13,5,38,2021-10-22
nd,2021-08-14,10,38,2021-10-22
nd,2021-08-15,13,38,2021-10-22
nd,2021-08-16,14,38,2021-10-22
nd,2021-08-17,14,38,2021-10-22
nd,2021-08-18,19,38,2021-10-22
nd,2021-08-19,15,38,2021-10-22
nd,2021-08-20,21,38,2021-10-22
nd,2021-08-21,15,38,2021-10-22
nd,2021-08-22,9,38,2021-10-22
nd,2021-08-23,16,38,2021-10-22
nd,2021-08-24,19,38,2021-10-22
nd,2021-08-25,49,38,2021-10-22
nd,2021-08-26,24,38,2021-10-22
nd,2021-08-27,26,38,2021-10-22
nd,2021-08-28,21,38,2021-10-22
nd,2021-08-29,30,38,2021-10-22
nd,2021-08-30,18,38,2021-10-22
nd,2021-08-31,19,38,2021-10-22
nd,2021-09-01,18,38,2021-10-22
nd,2021-09-02,22,38,2021-10-22
nd,2021-09-03,16,38,2021-10-22
nd,2021-09-04,14,38,2021-10-22
nd,2021-09-05,22,38,2021-10-22
nd,2021-09-06,23,38,2021-10-22
nd,2021-09-07,26,38,2021-10-22
nd,2021-09-08,26,38,2021-10-22
nd,2021-09-09,22,38,2021-10-22
nd,2021-09-10,25,38,2021-10-22
nd,2021-09-11,12,38,2021-10-22
nd,2021-09-12,20,38,2021-10-22
nd,2021-09-13,28,38,2021-10-22
nd,2021-09-14,30,38,2021-10-22
nd,2021-09-15,26,38,2021-10-22
nd,2021-09-16,25,38,2021-10-22
nd,2021-09-17,19,38,2021-10-22
nd,2021-09-18,18,38,2021-10-22
nd,2021-09-19,26,38,2021-10-22
nd,2021-09-20,33,38,2021-10-22
nd,2021-09-21,34,38,2021-10-22
nd,2021-09-22,26,38,2021-10-22
nd,2021-09-23,27,38,2021-10-22
nd,2021-09-24,36,38,2021-10-22
nd,2021-09-25,27,38,2021-10-22
nd,2021-09-26,22,38,2021-10-22
nd,2021-09-27,28,38,2021-10-22
nd,2021-09-28,44,38,2021-10-22
nd,2021-09-29,35,38,2021-10-22
nd,2021-09-30,35,38,2021-10-22
nd,2021-10-01,49,38,2021-10-22
nd,2021-10-02,23,38,2021-10-22
nd,2021-10-03,21,38,2021-10-22
nd,2021-10-04,30,38,2021-10-22
nd,2021-10-05,26,38,2021-10-22
nd,2021-10-06,25,38,2021-10-22
nd,2021-10-07,36,38,2021-10-22
nd,2021-10-08,48,38,2021-10-22
nd,2021-10-09,27,38,2021-10-22
nd,2021-10-10,27,38,2021-10-22
nd,2021-10-11,51,38,2021-10-22
nd,2021-10-12,43,38,2021-10-22
nd,2021-10-13,43,38,2021-10-22
nd,2021-10-14,39,38,2021-10-22
nd,2021-10-15,38,38,2021-10-22
nd,2021-10-16,30,38,2021-10-22
nd,2021-10-17,35,38,2021-10-22
nd,2021-10-18,26,38,2021-10-22
nd,2021-10-19,31,38,2021-10-22
nd,2021-10-20,34,38,2021-10-22
nd,2021-10-21,34,38,2021-10-22
oh,2020-02-29,NA,39,2021-10-22
oh,2020-03-01,NA,39,2021-10-22
oh,2020-03-02,NA,39,2021-10-22
oh,2020-03-03,NA,39,2021-10-22
oh,2020-03-04,NA,39,2021-10-22
oh,2020-03-05,NA,39,2021-10-22
oh,2020-03-06,NA,39,2021-10-22
oh,2020-03-07,NA,39,2021-10-22
oh,2020-03-08,NA,39,2021-10-22
oh,2020-03-09,NA,39,2021-10-22
oh,2020-03-10,NA,39,2021-10-22
oh,2020-03-11,NA,39,2021-10-22
oh,2020-03-12,NA,39,2021-10-22
oh,2020-03-13,NA,39,2021-10-22
oh,2020-03-14,NA,39,2021-10-22
oh,2020-03-15,NA,39,2021-10-22
oh,2020-03-16,NA,39,2021-10-22
oh,2020-03-17,NA,39,2021-10-22
oh,2020-03-18,NA,39,2021-10-22
oh,2020-03-19,NA,39,2021-10-22
oh,2020-03-20,NA,39,2021-10-22
oh,2020-03-21,NA,39,2021-10-22
oh,2020-03-22,NA,39,2021-10-22
oh,2020-03-23,NA,39,2021-10-22
oh,2020-03-24,NA,39,2021-10-22
oh,2020-03-25,NA,39,2021-10-22
oh,2020-03-26,NA,39,2021-10-22
oh,2020-03-27,NA,39,2021-10-22
oh,2020-03-28,NA,39,2021-10-22
oh,2020-03-29,NA,39,2021-10-22
oh,2020-03-30,NA,39,2021-10-22
oh,2020-03-31,NA,39,2021-10-22
oh,2020-04-01,NA,39,2021-10-22
oh,2020-04-02,NA,39,2021-10-22
oh,2020-04-03,NA,39,2021-10-22
oh,2020-04-04,NA,39,2021-10-22
oh,2020-04-05,NA,39,2021-10-22
oh,2020-04-06,NA,39,2021-10-22
oh,2020-04-07,NA,39,2021-10-22
oh,2020-04-08,NA,39,2021-10-22
oh,2020-04-09,NA,39,2021-10-22
oh,2020-04-10,NA,39,2021-10-22
oh,2020-04-11,NA,39,2021-10-22
oh,2020-04-12,NA,39,2021-10-22
oh,2020-04-13,NA,39,2021-10-22
oh,2020-04-14,NA,39,2021-10-22
oh,2020-04-15,NA,39,2021-10-22
oh,2020-04-16,NA,39,2021-10-22
oh,2020-04-17,NA,39,2021-10-22
oh,2020-04-18,NA,39,2021-10-22
oh,2020-04-19,NA,39,2021-10-22
oh,2020-04-20,NA,39,2021-10-22
oh,2020-04-21,NA,39,2021-10-22
oh,2020-04-22,NA,39,2021-10-22
oh,2020-04-23,NA,39,2021-10-22
oh,2020-04-24,NA,39,2021-10-22
oh,2020-04-25,NA,39,2021-10-22
oh,2020-04-26,NA,39,2021-10-22
oh,2020-04-27,NA,39,2021-10-22
oh,2020-04-28,NA,39,2021-10-22
oh,2020-04-29,NA,39,2021-10-22
oh,2020-04-30,NA,39,2021-10-22
oh,2020-05-01,NA,39,2021-10-22
oh,2020-05-02,NA,39,2021-10-22
oh,2020-05-03,NA,39,2021-10-22
oh,2020-05-04,NA,39,2021-10-22
oh,2020-05-05,NA,39,2021-10-22
oh,2020-05-06,NA,39,2021-10-22
oh,2020-05-07,NA,39,2021-10-22
oh,2020-05-08,NA,39,2021-10-22
oh,2020-05-09,NA,39,2021-10-22
oh,2020-05-10,NA,39,2021-10-22
oh,2020-05-11,NA,39,2021-10-22
oh,2020-05-12,NA,39,2021-10-22
oh,2020-05-13,NA,39,2021-10-22
oh,2020-05-14,NA,39,2021-10-22
oh,2020-05-15,NA,39,2021-10-22
oh,2020-05-16,NA,39,2021-10-22
oh,2020-05-17,NA,39,2021-10-22
oh,2020-05-18,NA,39,2021-10-22
oh,2020-05-19,NA,39,2021-10-22
oh,2020-05-20,NA,39,2021-10-22
oh,2020-05-21,NA,39,2021-10-22
oh,2020-05-22,NA,39,2021-10-22
oh,2020-05-23,NA,39,2021-10-22
oh,2020-05-24,NA,39,2021-10-22
oh,2020-05-25,NA,39,2021-10-22
oh,2020-05-26,NA,39,2021-10-22
oh,2020-05-27,NA,39,2021-10-22
oh,2020-05-28,NA,39,2021-10-22
oh,2020-05-29,NA,39,2021-10-22
oh,2020-05-30,NA,39,2021-10-22
oh,2020-05-31,NA,39,2021-10-22
oh,2020-06-01,NA,39,2021-10-22
oh,2020-06-02,NA,39,2021-10-22
oh,2020-06-03,NA,39,2021-10-22
oh,2020-06-04,NA,39,2021-10-22
oh,2020-06-05,NA,39,2021-10-22
oh,2020-06-06,NA,39,2021-10-22
oh,2020-06-07,NA,39,2021-10-22
oh,2020-06-08,NA,39,2021-10-22
oh,2020-06-09,NA,39,2021-10-22
oh,2020-06-10,NA,39,2021-10-22
oh,2020-06-11,NA,39,2021-10-22
oh,2020-06-12,NA,39,2021-10-22
oh,2020-06-13,NA,39,2021-10-22
oh,2020-06-14,NA,39,2021-10-22
oh,2020-06-15,NA,39,2021-10-22
oh,2020-06-16,NA,39,2021-10-22
oh,2020-06-17,NA,39,2021-10-22
oh,2020-06-18,NA,39,2021-10-22
oh,2020-06-19,NA,39,2021-10-22
oh,2020-06-20,NA,39,2021-10-22
oh,2020-06-21,NA,39,2021-10-22
oh,2020-06-22,NA,39,2021-10-22
oh,2020-06-23,NA,39,2021-10-22
oh,2020-06-24,NA,39,2021-10-22
oh,2020-06-25,NA,39,2021-10-22
oh,2020-06-26,NA,39,2021-10-22
oh,2020-06-27,NA,39,2021-10-22
oh,2020-06-28,NA,39,2021-10-22
oh,2020-06-29,NA,39,2021-10-22
oh,2020-06-30,NA,39,2021-10-22
oh,2020-07-01,NA,39,2021-10-22
oh,2020-07-02,NA,39,2021-10-22
oh,2020-07-03,NA,39,2021-10-22
oh,2020-07-04,NA,39,2021-10-22
oh,2020-07-05,NA,39,2021-10-22
oh,2020-07-06,NA,39,2021-10-22
oh,2020-07-07,NA,39,2021-10-22
oh,2020-07-08,NA,39,2021-10-22
oh,2020-07-09,NA,39,2021-10-22
oh,2020-07-10,NA,39,2021-10-22
oh,2020-07-11,NA,39,2021-10-22
oh,2020-07-12,NA,39,2021-10-22
oh,2020-07-13,NA,39,2021-10-22
oh,2020-07-14,55,39,2021-10-22
oh,2020-07-15,125,39,2021-10-22
oh,2020-07-16,124,39,2021-10-22
oh,2020-07-17,131,39,2021-10-22
oh,2020-07-18,147,39,2021-10-22
oh,2020-07-19,111,39,2021-10-22
oh,2020-07-20,136,39,2021-10-22
oh,2020-07-21,83,39,2021-10-22
oh,2020-07-22,113,39,2021-10-22
oh,2020-07-23,138,39,2021-10-22
oh,2020-07-24,116,39,2021-10-22
oh,2020-07-25,124,39,2021-10-22
oh,2020-07-26,147,39,2021-10-22
oh,2020-07-27,124,39,2021-10-22
oh,2020-07-28,104,39,2021-10-22
oh,2020-07-29,83,39,2021-10-22
oh,2020-07-30,69,39,2021-10-22
oh,2020-07-31,73,39,2021-10-22
oh,2020-08-01,59,39,2021-10-22
oh,2020-08-02,68,39,2021-10-22
oh,2020-08-03,81,39,2021-10-22
oh,2020-08-04,73,39,2021-10-22
oh,2020-08-05,63,39,2021-10-22
oh,2020-08-06,62,39,2021-10-22
oh,2020-08-07,59,39,2021-10-22
oh,2020-08-08,67,39,2021-10-22
oh,2020-08-09,71,39,2021-10-22
oh,2020-08-10,73,39,2021-10-22
oh,2020-08-11,91,39,2021-10-22
oh,2020-08-12,72,39,2021-10-22
oh,2020-08-13,124,39,2021-10-22
oh,2020-08-14,106,39,2021-10-22
oh,2020-08-15,88,39,2021-10-22
oh,2020-08-16,93,39,2021-10-22
oh,2020-08-17,99,39,2021-10-22
oh,2020-08-18,89,39,2021-10-22
oh,2020-08-19,101,39,2021-10-22
oh,2020-08-20,106,39,2021-10-22
oh,2020-08-21,84,39,2021-10-22
oh,2020-08-22,89,39,2021-10-22
oh,2020-08-23,87,39,2021-10-22
oh,2020-08-24,97,39,2021-10-22
oh,2020-08-25,94,39,2021-10-22
oh,2020-08-26,99,39,2021-10-22
oh,2020-08-27,110,39,2021-10-22
oh,2020-08-28,89,39,2021-10-22
oh,2020-08-29,73,39,2021-10-22
oh,2020-08-30,84,39,2021-10-22
oh,2020-08-31,113,39,2021-10-22
oh,2020-09-01,104,39,2021-10-22
oh,2020-09-02,106,39,2021-10-22
oh,2020-09-03,93,39,2021-10-22
oh,2020-09-04,110,39,2021-10-22
oh,2020-09-05,82,39,2021-10-22
oh,2020-09-06,80,39,2021-10-22
oh,2020-09-07,72,39,2021-10-22
oh,2020-09-08,85,39,2021-10-22
oh,2020-09-09,101,39,2021-10-22
oh,2020-09-10,82,39,2021-10-22
oh,2020-09-11,91,39,2021-10-22
oh,2020-09-12,68,39,2021-10-22
oh,2020-09-13,89,39,2021-10-22
oh,2020-09-14,82,39,2021-10-22
oh,2020-09-15,79,39,2021-10-22
oh,2020-09-16,93,39,2021-10-22
oh,2020-09-17,98,39,2021-10-22
oh,2020-09-18,89,39,2021-10-22
oh,2020-09-19,70,39,2021-10-22
oh,2020-09-20,77,39,2021-10-22
oh,2020-09-21,82,39,2021-10-22
oh,2020-09-22,82,39,2021-10-22
oh,2020-09-23,78,39,2021-10-22
oh,2020-09-24,104,39,2021-10-22
oh,2020-09-25,100,39,2021-10-22
oh,2020-09-26,82,39,2021-10-22
oh,2020-09-27,98,39,2021-10-22
oh,2020-09-28,105,39,2021-10-22
oh,2020-09-29,127,39,2021-10-22
oh,2020-09-30,113,39,2021-10-22
oh,2020-10-01,101,39,2021-10-22
oh,2020-10-02,128,39,2021-10-22
oh,2020-10-03,126,39,2021-10-22
oh,2020-10-04,164,39,2021-10-22
oh,2020-10-05,159,39,2021-10-22
oh,2020-10-06,171,39,2021-10-22
oh,2020-10-07,132,39,2021-10-22
oh,2020-10-08,166,39,2021-10-22
oh,2020-10-09,199,39,2021-10-22
oh,2020-10-10,160,39,2021-10-22
oh,2020-10-11,152,39,2021-10-22
oh,2020-10-12,202,39,2021-10-22
oh,2020-10-13,224,39,2021-10-22
oh,2020-10-14,205,39,2021-10-22
oh,2020-10-15,200,39,2021-10-22
oh,2020-10-16,215,39,2021-10-22
oh,2020-10-17,207,39,2021-10-22
oh,2020-10-18,183,39,2021-10-22
oh,2020-10-19,246,39,2021-10-22
oh,2020-10-20,250,39,2021-10-22
oh,2020-10-21,252,39,2021-10-22
oh,2020-10-22,232,39,2021-10-22
oh,2020-10-23,198,39,2021-10-22
oh,2020-10-24,191,39,2021-10-22
oh,2020-10-25,177,39,2021-10-22
oh,2020-10-26,224,39,2021-10-22
oh,2020-10-27,253,39,2021-10-22
oh,2020-10-28,251,39,2021-10-22
oh,2020-10-29,279,39,2021-10-22
oh,2020-10-30,298,39,2021-10-22
oh,2020-10-31,259,39,2021-10-22
oh,2020-11-01,322,39,2021-10-22
oh,2020-11-02,380,39,2021-10-22
oh,2020-11-03,329,39,2021-10-22
oh,2020-11-04,379,39,2021-10-22
oh,2020-11-05,396,39,2021-10-22
oh,2020-11-06,389,39,2021-10-22
oh,2020-11-07,393,39,2021-10-22
oh,2020-11-08,427,39,2021-10-22
oh,2020-11-09,459,39,2021-10-22
oh,2020-11-10,482,39,2021-10-22
oh,2020-11-11,493,39,2021-10-22
oh,2020-11-12,488,39,2021-10-22
oh,2020-11-13,541,39,2021-10-22
oh,2020-11-14,510,39,2021-10-22
oh,2020-11-15,518,39,2021-10-22
oh,2020-11-16,656,39,2021-10-22
oh,2020-11-17,609,39,2021-10-22
oh,2020-11-18,667,39,2021-10-22
oh,2020-11-19,655,39,2021-10-22
oh,2020-11-20,690,39,2021-10-22
oh,2020-11-21,632,39,2021-10-22
oh,2020-11-22,604,39,2021-10-22
oh,2020-11-23,755,39,2021-10-22
oh,2020-11-24,694,39,2021-10-22
oh,2020-11-25,626,39,2021-10-22
oh,2020-11-26,593,39,2021-10-22
oh,2020-11-27,687,39,2021-10-22
oh,2020-11-28,680,39,2021-10-22
oh,2020-11-29,643,39,2021-10-22
oh,2020-11-30,870,39,2021-10-22
oh,2020-12-01,762,39,2021-10-22
oh,2020-12-02,724,39,2021-10-22
oh,2020-12-03,745,39,2021-10-22
oh,2020-12-04,691,39,2021-10-22
oh,2020-12-05,641,39,2021-10-22
oh,2020-12-06,669,39,2021-10-22
oh,2020-12-07,776,39,2021-10-22
oh,2020-12-08,756,39,2021-10-22
oh,2020-12-09,761,39,2021-10-22
oh,2020-12-10,758,39,2021-10-22
oh,2020-12-11,729,39,2021-10-22
oh,2020-12-12,642,39,2021-10-22
oh,2020-12-13,663,39,2021-10-22
oh,2020-12-14,786,39,2021-10-22
oh,2020-12-15,704,39,2021-10-22
oh,2020-12-16,708,39,2021-10-22
oh,2020-12-17,724,39,2021-10-22
oh,2020-12-18,703,39,2021-10-22
oh,2020-12-19,540,39,2021-10-22
oh,2020-12-20,616,39,2021-10-22
oh,2020-12-21,759,39,2021-10-22
oh,2020-12-22,639,39,2021-10-22
oh,2020-12-23,601,39,2021-10-22
oh,2020-12-24,555,39,2021-10-22
oh,2020-12-25,433,39,2021-10-22
oh,2020-12-26,555,39,2021-10-22
oh,2020-12-27,582,39,2021-10-22
oh,2020-12-28,645,39,2021-10-22
oh,2020-12-29,657,39,2021-10-22
oh,2020-12-30,616,39,2021-10-22
oh,2020-12-31,550,39,2021-10-22
oh,2021-01-01,514,39,2021-10-22
oh,2021-01-02,647,39,2021-10-22
oh,2021-01-03,532,39,2021-10-22
oh,2021-01-04,647,39,2021-10-22
oh,2021-01-05,602,39,2021-10-22
oh,2021-01-06,565,39,2021-10-22
oh,2021-01-07,555,39,2021-10-22
oh,2021-01-08,564,39,2021-10-22
oh,2021-01-09,513,39,2021-10-22
oh,2021-01-10,499,39,2021-10-22
oh,2021-01-11,604,39,2021-10-22
oh,2021-01-12,515,39,2021-10-22
oh,2021-01-13,550,39,2021-10-22
oh,2021-01-14,555,39,2021-10-22
oh,2021-01-15,545,39,2021-10-22
oh,2021-01-16,492,39,2021-10-22
oh,2021-01-17,482,39,2021-10-22
oh,2021-01-18,491,39,2021-10-22
oh,2021-01-19,462,39,2021-10-22
oh,2021-01-20,457,39,2021-10-22
oh,2021-01-21,429,39,2021-10-22
oh,2021-01-22,403,39,2021-10-22
oh,2021-01-23,336,39,2021-10-22
oh,2021-01-24,354,39,2021-10-22
oh,2021-01-25,435,39,2021-10-22
oh,2021-01-26,481,39,2021-10-22
oh,2021-01-27,375,39,2021-10-22
oh,2021-01-28,329,39,2021-10-22
oh,2021-01-29,331,39,2021-10-22
oh,2021-01-30,283,39,2021-10-22
oh,2021-01-31,322,39,2021-10-22
oh,2021-02-01,355,39,2021-10-22
oh,2021-02-02,323,39,2021-10-22
oh,2021-02-03,334,39,2021-10-22
oh,2021-02-04,297,39,2021-10-22
oh,2021-02-05,268,39,2021-10-22
oh,2021-02-06,253,39,2021-10-22
oh,2021-02-07,253,39,2021-10-22
oh,2021-02-08,300,39,2021-10-22
oh,2021-02-09,289,39,2021-10-22
oh,2021-02-10,276,39,2021-10-22
oh,2021-02-11,252,39,2021-10-22
oh,2021-02-12,250,39,2021-10-22
oh,2021-02-13,207,39,2021-10-22
oh,2021-02-14,183,39,2021-10-22
oh,2021-02-15,227,39,2021-10-22
oh,2021-02-16,191,39,2021-10-22
oh,2021-02-17,238,39,2021-10-22
oh,2021-02-18,236,39,2021-10-22
oh,2021-02-19,191,39,2021-10-22
oh,2021-02-20,160,39,2021-10-22
oh,2021-02-21,177,39,2021-10-22
oh,2021-02-22,202,39,2021-10-22
oh,2021-02-23,189,39,2021-10-22
oh,2021-02-24,175,39,2021-10-22
oh,2021-02-25,194,39,2021-10-22
oh,2021-02-26,196,39,2021-10-22
oh,2021-02-27,143,39,2021-10-22
oh,2021-02-28,158,39,2021-10-22
oh,2021-03-01,180,39,2021-10-22
oh,2021-03-02,191,39,2021-10-22
oh,2021-03-03,181,39,2021-10-22
oh,2021-03-04,150,39,2021-10-22
oh,2021-03-05,133,39,2021-10-22
oh,2021-03-06,134,39,2021-10-22
oh,2021-03-07,129,39,2021-10-22
oh,2021-03-08,165,39,2021-10-22
oh,2021-03-09,190,39,2021-10-22
oh,2021-03-10,160,39,2021-10-22
oh,2021-03-11,180,39,2021-10-22
oh,2021-03-12,141,39,2021-10-22
oh,2021-03-13,107,39,2021-10-22
oh,2021-03-14,144,39,2021-10-22
oh,2021-03-15,143,39,2021-10-22
oh,2021-03-16,160,39,2021-10-22
oh,2021-03-17,158,39,2021-10-22
oh,2021-03-18,165,39,2021-10-22
oh,2021-03-19,133,39,2021-10-22
oh,2021-03-20,137,39,2021-10-22
oh,2021-03-21,147,39,2021-10-22
oh,2021-03-22,184,39,2021-10-22
oh,2021-03-23,182,39,2021-10-22
oh,2021-03-24,183,39,2021-10-22
oh,2021-03-25,174,39,2021-10-22
oh,2021-03-26,233,39,2021-10-22
oh,2021-03-27,141,39,2021-10-22
oh,2021-03-28,162,39,2021-10-22
oh,2021-03-29,173,39,2021-10-22
oh,2021-03-30,181,39,2021-10-22
oh,2021-03-31,189,39,2021-10-22
oh,2021-04-01,188,39,2021-10-22
oh,2021-04-02,181,39,2021-10-22
oh,2021-04-03,177,39,2021-10-22
oh,2021-04-04,204,39,2021-10-22
oh,2021-04-05,216,39,2021-10-22
oh,2021-04-06,218,39,2021-10-22
oh,2021-04-07,208,39,2021-10-22
oh,2021-04-08,199,39,2021-10-22
oh,2021-04-09,188,39,2021-10-22
oh,2021-04-10,204,39,2021-10-22
oh,2021-04-11,193,39,2021-10-22
oh,2021-04-12,230,39,2021-10-22
oh,2021-04-13,250,39,2021-10-22
oh,2021-04-14,227,39,2021-10-22
oh,2021-04-15,223,39,2021-10-22
oh,2021-04-16,210,39,2021-10-22
oh,2021-04-17,185,39,2021-10-22
oh,2021-04-18,207,39,2021-10-22
oh,2021-04-19,195,39,2021-10-22
oh,2021-04-20,213,39,2021-10-22
oh,2021-04-21,196,39,2021-10-22
oh,2021-04-22,223,39,2021-10-22
oh,2021-04-23,167,39,2021-10-22
oh,2021-04-24,161,39,2021-10-22
oh,2021-04-25,180,39,2021-10-22
oh,2021-04-26,223,39,2021-10-22
oh,2021-04-27,225,39,2021-10-22
oh,2021-04-28,182,39,2021-10-22
oh,2021-04-29,184,39,2021-10-22
oh,2021-04-30,151,39,2021-10-22
oh,2021-05-01,148,39,2021-10-22
oh,2021-05-02,192,39,2021-10-22
oh,2021-05-03,194,39,2021-10-22
oh,2021-05-04,198,39,2021-10-22
oh,2021-05-05,189,39,2021-10-22
oh,2021-05-06,183,39,2021-10-22
oh,2021-05-07,128,39,2021-10-22
oh,2021-05-08,112,39,2021-10-22
oh,2021-05-09,162,39,2021-10-22
oh,2021-05-10,147,39,2021-10-22
oh,2021-05-11,168,39,2021-10-22
oh,2021-05-12,132,39,2021-10-22
oh,2021-05-13,134,39,2021-10-22
oh,2021-05-14,127,39,2021-10-22
oh,2021-05-15,117,39,2021-10-22
oh,2021-05-16,153,39,2021-10-22
oh,2021-05-17,161,39,2021-10-22
oh,2021-05-18,152,39,2021-10-22
oh,2021-05-19,156,39,2021-10-22
oh,2021-05-20,151,39,2021-10-22
oh,2021-05-21,124,39,2021-10-22
oh,2021-05-22,115,39,2021-10-22
oh,2021-05-23,123,39,2021-10-22
oh,2021-05-24,148,39,2021-10-22
oh,2021-05-25,146,39,2021-10-22
oh,2021-05-26,119,39,2021-10-22
oh,2021-05-27,108,39,2021-10-22
oh,2021-05-28,113,39,2021-10-22
oh,2021-05-29,125,39,2021-10-22
oh,2021-05-30,94,39,2021-10-22
oh,2021-05-31,99,39,2021-10-22
oh,2021-06-01,105,39,2021-10-22
oh,2021-06-02,86,39,2021-10-22
oh,2021-06-03,82,39,2021-10-22
oh,2021-06-04,103,39,2021-10-22
oh,2021-06-05,71,39,2021-10-22
oh,2021-06-06,83,39,2021-10-22
oh,2021-06-07,92,39,2021-10-22
oh,2021-06-08,81,39,2021-10-22
oh,2021-06-09,79,39,2021-10-22
oh,2021-06-10,87,39,2021-10-22
oh,2021-06-11,60,39,2021-10-22
oh,2021-06-12,58,39,2021-10-22
oh,2021-06-13,60,39,2021-10-22
oh,2021-06-14,77,39,2021-10-22
oh,2021-06-15,82,39,2021-10-22
oh,2021-06-16,72,39,2021-10-22
oh,2021-06-17,83,39,2021-10-22
oh,2021-06-18,53,39,2021-10-22
oh,2021-06-19,37,39,2021-10-22
oh,2021-06-20,71,39,2021-10-22
oh,2021-06-21,72,39,2021-10-22
oh,2021-06-22,64,39,2021-10-22
oh,2021-06-23,67,39,2021-10-22
oh,2021-06-24,74,39,2021-10-22
oh,2021-06-25,40,39,2021-10-22
oh,2021-06-26,49,39,2021-10-22
oh,2021-06-27,59,39,2021-10-22
oh,2021-06-28,62,39,2021-10-22
oh,2021-06-29,59,39,2021-10-22
oh,2021-06-30,37,39,2021-10-22
oh,2021-07-01,34,39,2021-10-22
oh,2021-07-02,48,39,2021-10-22
oh,2021-07-03,28,39,2021-10-22
oh,2021-07-04,25,39,2021-10-22
oh,2021-07-05,50,39,2021-10-22
oh,2021-07-06,73,39,2021-10-22
oh,2021-07-07,63,39,2021-10-22
oh,2021-07-08,66,39,2021-10-22
oh,2021-07-09,69,39,2021-10-22
oh,2021-07-10,38,39,2021-10-22
oh,2021-07-11,59,39,2021-10-22
oh,2021-07-12,66,39,2021-10-22
oh,2021-07-13,68,39,2021-10-22
oh,2021-07-14,77,39,2021-10-22
oh,2021-07-15,63,39,2021-10-22
oh,2021-07-16,53,39,2021-10-22
oh,2021-07-17,45,39,2021-10-22
oh,2021-07-18,55,39,2021-10-22
oh,2021-07-19,103,39,2021-10-22
oh,2021-07-20,83,39,2021-10-22
oh,2021-07-21,97,39,2021-10-22
oh,2021-07-22,89,39,2021-10-22
oh,2021-07-23,72,39,2021-10-22
oh,2021-07-24,87,39,2021-10-22
oh,2021-07-25,94,39,2021-10-22
oh,2021-07-26,114,39,2021-10-22
oh,2021-07-27,127,39,2021-10-22
oh,2021-07-28,83,39,2021-10-22
oh,2021-07-29,135,39,2021-10-22
oh,2021-07-30,104,39,2021-10-22
oh,2021-07-31,93,39,2021-10-22
oh,2021-08-01,150,39,2021-10-22
oh,2021-08-02,178,39,2021-10-22
oh,2021-08-03,164,39,2021-10-22
oh,2021-08-04,161,39,2021-10-22
oh,2021-08-05,170,39,2021-10-22
oh,2021-08-06,150,39,2021-10-22
oh,2021-08-07,158,39,2021-10-22
oh,2021-08-08,158,39,2021-10-22
oh,2021-08-09,212,39,2021-10-22
oh,2021-08-10,207,39,2021-10-22
oh,2021-08-11,231,39,2021-10-22
oh,2021-08-12,230,39,2021-10-22
oh,2021-08-13,212,39,2021-10-22
oh,2021-08-14,202,39,2021-10-22
oh,2021-08-15,261,39,2021-10-22
oh,2021-08-16,290,39,2021-10-22
oh,2021-08-17,289,39,2021-10-22
oh,2021-08-18,263,39,2021-10-22
oh,2021-08-19,276,39,2021-10-22
oh,2021-08-20,279,39,2021-10-22
oh,2021-08-21,250,39,2021-10-22
oh,2021-08-22,316,39,2021-10-22
oh,2021-08-23,361,39,2021-10-22
oh,2021-08-24,289,39,2021-10-22
oh,2021-08-25,301,39,2021-10-22
oh,2021-08-26,319,39,2021-10-22
oh,2021-08-27,328,39,2021-10-22
oh,2021-08-28,333,39,2021-10-22
oh,2021-08-29,368,39,2021-10-22
oh,2021-08-30,390,39,2021-10-22
oh,2021-08-31,423,39,2021-10-22
oh,2021-09-01,447,39,2021-10-22
oh,2021-09-02,427,39,2021-10-22
oh,2021-09-03,383,39,2021-10-22
oh,2021-09-04,378,39,2021-10-22
oh,2021-09-05,413,39,2021-10-22
oh,2021-09-06,493,39,2021-10-22
oh,2021-09-07,506,39,2021-10-22
oh,2021-09-08,492,39,2021-10-22
oh,2021-09-09,504,39,2021-10-22
oh,2021-09-10,455,39,2021-10-22
oh,2021-09-11,423,39,2021-10-22
oh,2021-09-12,505,39,2021-10-22
oh,2021-09-13,544,39,2021-10-22
oh,2021-09-14,563,39,2021-10-22
oh,2021-09-15,568,39,2021-10-22
oh,2021-09-16,554,39,2021-10-22
oh,2021-09-17,508,39,2021-10-22
oh,2021-09-18,455,39,2021-10-22
oh,2021-09-19,489,39,2021-10-22
oh,2021-09-20,570,39,2021-10-22
oh,2021-09-21,550,39,2021-10-22
oh,2021-09-22,511,39,2021-10-22
oh,2021-09-23,544,39,2021-10-22
oh,2021-09-24,516,39,2021-10-22
oh,2021-09-25,446,39,2021-10-22
oh,2021-09-26,465,39,2021-10-22
oh,2021-09-27,547,39,2021-10-22
oh,2021-09-28,527,39,2021-10-22
oh,2021-09-29,444,39,2021-10-22
oh,2021-09-30,457,39,2021-10-22
oh,2021-10-01,456,39,2021-10-22
oh,2021-10-02,414,39,2021-10-22
oh,2021-10-03,401,39,2021-10-22
oh,2021-10-04,482,39,2021-10-22
oh,2021-10-05,475,39,2021-10-22
oh,2021-10-06,465,39,2021-10-22
oh,2021-10-07,430,39,2021-10-22
oh,2021-10-08,433,39,2021-10-22
oh,2021-10-09,371,39,2021-10-22
oh,2021-10-10,400,39,2021-10-22
oh,2021-10-11,435,39,2021-10-22
oh,2021-10-12,476,39,2021-10-22
oh,2021-10-13,424,39,2021-10-22
oh,2021-10-14,446,39,2021-10-22
oh,2021-10-15,340,39,2021-10-22
oh,2021-10-16,340,39,2021-10-22
oh,2021-10-17,355,39,2021-10-22
oh,2021-10-18,406,39,2021-10-22
oh,2021-10-19,376,39,2021-10-22
oh,2021-10-20,348,39,2021-10-22
oh,2021-10-21,348,39,2021-10-22
ok,2020-02-29,NA,40,2021-10-22
ok,2020-03-01,NA,40,2021-10-22
ok,2020-03-02,NA,40,2021-10-22
ok,2020-03-03,NA,40,2021-10-22
ok,2020-03-04,NA,40,2021-10-22
ok,2020-03-05,NA,40,2021-10-22
ok,2020-03-06,NA,40,2021-10-22
ok,2020-03-07,NA,40,2021-10-22
ok,2020-03-08,NA,40,2021-10-22
ok,2020-03-09,NA,40,2021-10-22
ok,2020-03-10,NA,40,2021-10-22
ok,2020-03-11,NA,40,2021-10-22
ok,2020-03-12,NA,40,2021-10-22
ok,2020-03-13,NA,40,2021-10-22
ok,2020-03-14,NA,40,2021-10-22
ok,2020-03-15,NA,40,2021-10-22
ok,2020-03-16,NA,40,2021-10-22
ok,2020-03-17,NA,40,2021-10-22
ok,2020-03-18,NA,40,2021-10-22
ok,2020-03-19,NA,40,2021-10-22
ok,2020-03-20,NA,40,2021-10-22
ok,2020-03-21,NA,40,2021-10-22
ok,2020-03-22,NA,40,2021-10-22
ok,2020-03-23,NA,40,2021-10-22
ok,2020-03-24,NA,40,2021-10-22
ok,2020-03-25,NA,40,2021-10-22
ok,2020-03-26,NA,40,2021-10-22
ok,2020-03-27,NA,40,2021-10-22
ok,2020-03-28,NA,40,2021-10-22
ok,2020-03-29,NA,40,2021-10-22
ok,2020-03-30,NA,40,2021-10-22
ok,2020-03-31,NA,40,2021-10-22
ok,2020-04-01,NA,40,2021-10-22
ok,2020-04-02,NA,40,2021-10-22
ok,2020-04-03,NA,40,2021-10-22
ok,2020-04-04,NA,40,2021-10-22
ok,2020-04-05,NA,40,2021-10-22
ok,2020-04-06,NA,40,2021-10-22
ok,2020-04-07,NA,40,2021-10-22
ok,2020-04-08,NA,40,2021-10-22
ok,2020-04-09,NA,40,2021-10-22
ok,2020-04-10,NA,40,2021-10-22
ok,2020-04-11,NA,40,2021-10-22
ok,2020-04-12,NA,40,2021-10-22
ok,2020-04-13,NA,40,2021-10-22
ok,2020-04-14,NA,40,2021-10-22
ok,2020-04-15,NA,40,2021-10-22
ok,2020-04-16,NA,40,2021-10-22
ok,2020-04-17,NA,40,2021-10-22
ok,2020-04-18,NA,40,2021-10-22
ok,2020-04-19,NA,40,2021-10-22
ok,2020-04-20,NA,40,2021-10-22
ok,2020-04-21,NA,40,2021-10-22
ok,2020-04-22,NA,40,2021-10-22
ok,2020-04-23,NA,40,2021-10-22
ok,2020-04-24,NA,40,2021-10-22
ok,2020-04-25,NA,40,2021-10-22
ok,2020-04-26,NA,40,2021-10-22
ok,2020-04-27,NA,40,2021-10-22
ok,2020-04-28,NA,40,2021-10-22
ok,2020-04-29,NA,40,2021-10-22
ok,2020-04-30,NA,40,2021-10-22
ok,2020-05-01,NA,40,2021-10-22
ok,2020-05-02,NA,40,2021-10-22
ok,2020-05-03,NA,40,2021-10-22
ok,2020-05-04,NA,40,2021-10-22
ok,2020-05-05,NA,40,2021-10-22
ok,2020-05-06,NA,40,2021-10-22
ok,2020-05-07,NA,40,2021-10-22
ok,2020-05-08,NA,40,2021-10-22
ok,2020-05-09,NA,40,2021-10-22
ok,2020-05-10,NA,40,2021-10-22
ok,2020-05-11,NA,40,2021-10-22
ok,2020-05-12,NA,40,2021-10-22
ok,2020-05-13,NA,40,2021-10-22
ok,2020-05-14,NA,40,2021-10-22
ok,2020-05-15,NA,40,2021-10-22
ok,2020-05-16,NA,40,2021-10-22
ok,2020-05-17,NA,40,2021-10-22
ok,2020-05-18,NA,40,2021-10-22
ok,2020-05-19,NA,40,2021-10-22
ok,2020-05-20,NA,40,2021-10-22
ok,2020-05-21,NA,40,2021-10-22
ok,2020-05-22,NA,40,2021-10-22
ok,2020-05-23,NA,40,2021-10-22
ok,2020-05-24,NA,40,2021-10-22
ok,2020-05-25,NA,40,2021-10-22
ok,2020-05-26,NA,40,2021-10-22
ok,2020-05-27,NA,40,2021-10-22
ok,2020-05-28,NA,40,2021-10-22
ok,2020-05-29,NA,40,2021-10-22
ok,2020-05-30,NA,40,2021-10-22
ok,2020-05-31,NA,40,2021-10-22
ok,2020-06-01,NA,40,2021-10-22
ok,2020-06-02,NA,40,2021-10-22
ok,2020-06-03,NA,40,2021-10-22
ok,2020-06-04,NA,40,2021-10-22
ok,2020-06-05,NA,40,2021-10-22
ok,2020-06-06,NA,40,2021-10-22
ok,2020-06-07,NA,40,2021-10-22
ok,2020-06-08,NA,40,2021-10-22
ok,2020-06-09,NA,40,2021-10-22
ok,2020-06-10,NA,40,2021-10-22
ok,2020-06-11,NA,40,2021-10-22
ok,2020-06-12,NA,40,2021-10-22
ok,2020-06-13,NA,40,2021-10-22
ok,2020-06-14,NA,40,2021-10-22
ok,2020-06-15,NA,40,2021-10-22
ok,2020-06-16,NA,40,2021-10-22
ok,2020-06-17,NA,40,2021-10-22
ok,2020-06-18,NA,40,2021-10-22
ok,2020-06-19,NA,40,2021-10-22
ok,2020-06-20,NA,40,2021-10-22
ok,2020-06-21,NA,40,2021-10-22
ok,2020-06-22,NA,40,2021-10-22
ok,2020-06-23,NA,40,2021-10-22
ok,2020-06-24,NA,40,2021-10-22
ok,2020-06-25,NA,40,2021-10-22
ok,2020-06-26,NA,40,2021-10-22
ok,2020-06-27,NA,40,2021-10-22
ok,2020-06-28,NA,40,2021-10-22
ok,2020-06-29,NA,40,2021-10-22
ok,2020-06-30,NA,40,2021-10-22
ok,2020-07-01,NA,40,2021-10-22
ok,2020-07-02,NA,40,2021-10-22
ok,2020-07-03,NA,40,2021-10-22
ok,2020-07-04,NA,40,2021-10-22
ok,2020-07-05,NA,40,2021-10-22
ok,2020-07-06,NA,40,2021-10-22
ok,2020-07-07,NA,40,2021-10-22
ok,2020-07-08,NA,40,2021-10-22
ok,2020-07-09,NA,40,2021-10-22
ok,2020-07-10,NA,40,2021-10-22
ok,2020-07-11,NA,40,2021-10-22
ok,2020-07-12,NA,40,2021-10-22
ok,2020-07-13,NA,40,2021-10-22
ok,2020-07-14,50,40,2021-10-22
ok,2020-07-15,54,40,2021-10-22
ok,2020-07-16,47,40,2021-10-22
ok,2020-07-17,50,40,2021-10-22
ok,2020-07-18,40,40,2021-10-22
ok,2020-07-19,43,40,2021-10-22
ok,2020-07-20,110,40,2021-10-22
ok,2020-07-21,53,40,2021-10-22
ok,2020-07-22,71,40,2021-10-22
ok,2020-07-23,74,40,2021-10-22
ok,2020-07-24,67,40,2021-10-22
ok,2020-07-25,50,40,2021-10-22
ok,2020-07-26,53,40,2021-10-22
ok,2020-07-27,72,40,2021-10-22
ok,2020-07-28,39,40,2021-10-22
ok,2020-07-29,45,40,2021-10-22
ok,2020-07-30,53,40,2021-10-22
ok,2020-07-31,50,40,2021-10-22
ok,2020-08-01,46,40,2021-10-22
ok,2020-08-02,47,40,2021-10-22
ok,2020-08-03,55,40,2021-10-22
ok,2020-08-04,57,40,2021-10-22
ok,2020-08-05,36,40,2021-10-22
ok,2020-08-06,71,40,2021-10-22
ok,2020-08-07,63,40,2021-10-22
ok,2020-08-08,62,40,2021-10-22
ok,2020-08-09,78,40,2021-10-22
ok,2020-08-10,66,40,2021-10-22
ok,2020-08-11,75,40,2021-10-22
ok,2020-08-12,84,40,2021-10-22
ok,2020-08-13,61,40,2021-10-22
ok,2020-08-14,72,40,2021-10-22
ok,2020-08-15,54,40,2021-10-22
ok,2020-08-16,80,40,2021-10-22
ok,2020-08-17,85,40,2021-10-22
ok,2020-08-18,93,40,2021-10-22
ok,2020-08-19,102,40,2021-10-22
ok,2020-08-20,98,40,2021-10-22
ok,2020-08-21,106,40,2021-10-22
ok,2020-08-22,80,40,2021-10-22
ok,2020-08-23,84,40,2021-10-22
ok,2020-08-24,74,40,2021-10-22
ok,2020-08-25,91,40,2021-10-22
ok,2020-08-26,99,40,2021-10-22
ok,2020-08-27,86,40,2021-10-22
ok,2020-08-28,162,40,2021-10-22
ok,2020-08-29,76,40,2021-10-22
ok,2020-08-30,72,40,2021-10-22
ok,2020-08-31,75,40,2021-10-22
ok,2020-09-01,87,40,2021-10-22
ok,2020-09-02,91,40,2021-10-22
ok,2020-09-03,89,40,2021-10-22
ok,2020-09-04,87,40,2021-10-22
ok,2020-09-05,65,40,2021-10-22
ok,2020-09-06,65,40,2021-10-22
ok,2020-09-07,83,40,2021-10-22
ok,2020-09-08,92,40,2021-10-22
ok,2020-09-09,74,40,2021-10-22
ok,2020-09-10,90,40,2021-10-22
ok,2020-09-11,105,40,2021-10-22
ok,2020-09-12,99,40,2021-10-22
ok,2020-09-13,76,40,2021-10-22
ok,2020-09-14,93,40,2021-10-22
ok,2020-09-15,96,40,2021-10-22
ok,2020-09-16,108,40,2021-10-22
ok,2020-09-17,117,40,2021-10-22
ok,2020-09-18,124,40,2021-10-22
ok,2020-09-19,105,40,2021-10-22
ok,2020-09-20,109,40,2021-10-22
ok,2020-09-21,121,40,2021-10-22
ok,2020-09-22,114,40,2021-10-22
ok,2020-09-23,113,40,2021-10-22
ok,2020-09-24,130,40,2021-10-22
ok,2020-09-25,109,40,2021-10-22
ok,2020-09-26,106,40,2021-10-22
ok,2020-09-27,117,40,2021-10-22
ok,2020-09-28,135,40,2021-10-22
ok,2020-09-29,132,40,2021-10-22
ok,2020-09-30,130,40,2021-10-22
ok,2020-10-01,136,40,2021-10-22
ok,2020-10-02,143,40,2021-10-22
ok,2020-10-03,134,40,2021-10-22
ok,2020-10-04,151,40,2021-10-22
ok,2020-10-05,170,40,2021-10-22
ok,2020-10-06,176,40,2021-10-22
ok,2020-10-07,173,40,2021-10-22
ok,2020-10-08,180,40,2021-10-22
ok,2020-10-09,167,40,2021-10-22
ok,2020-10-10,176,40,2021-10-22
ok,2020-10-11,174,40,2021-10-22
ok,2020-10-12,189,40,2021-10-22
ok,2020-10-13,179,40,2021-10-22
ok,2020-10-14,174,40,2021-10-22
ok,2020-10-15,176,40,2021-10-22
ok,2020-10-16,186,40,2021-10-22
ok,2020-10-17,188,40,2021-10-22
ok,2020-10-18,197,40,2021-10-22
ok,2020-10-19,205,40,2021-10-22
ok,2020-10-20,203,40,2021-10-22
ok,2020-10-21,234,40,2021-10-22
ok,2020-10-22,190,40,2021-10-22
ok,2020-10-23,208,40,2021-10-22
ok,2020-10-24,183,40,2021-10-22
ok,2020-10-25,164,40,2021-10-22
ok,2020-10-26,208,40,2021-10-22
ok,2020-10-27,204,40,2021-10-22
ok,2020-10-28,189,40,2021-10-22
ok,2020-10-29,204,40,2021-10-22
ok,2020-10-30,214,40,2021-10-22
ok,2020-10-31,223,40,2021-10-22
ok,2020-11-01,227,40,2021-10-22
ok,2020-11-02,242,40,2021-10-22
ok,2020-11-03,240,40,2021-10-22
ok,2020-11-04,232,40,2021-10-22
ok,2020-11-05,206,40,2021-10-22
ok,2020-11-06,206,40,2021-10-22
ok,2020-11-07,196,40,2021-10-22
ok,2020-11-08,237,40,2021-10-22
ok,2020-11-09,272,40,2021-10-22
ok,2020-11-10,277,40,2021-10-22
ok,2020-11-11,270,40,2021-10-22
ok,2020-11-12,267,40,2021-10-22
ok,2020-11-13,274,40,2021-10-22
ok,2020-11-14,281,40,2021-10-22
ok,2020-11-15,262,40,2021-10-22
ok,2020-11-16,308,40,2021-10-22
ok,2020-11-17,342,40,2021-10-22
ok,2020-11-18,350,40,2021-10-22
ok,2020-11-19,369,40,2021-10-22
ok,2020-11-20,373,40,2021-10-22
ok,2020-11-21,302,40,2021-10-22
ok,2020-11-22,303,40,2021-10-22
ok,2020-11-23,387,40,2021-10-22
ok,2020-11-24,365,40,2021-10-22
ok,2020-11-25,352,40,2021-10-22
ok,2020-11-26,321,40,2021-10-22
ok,2020-11-27,347,40,2021-10-22
ok,2020-11-28,323,40,2021-10-22
ok,2020-11-29,321,40,2021-10-22
ok,2020-11-30,329,40,2021-10-22
ok,2020-12-01,375,40,2021-10-22
ok,2020-12-02,319,40,2021-10-22
ok,2020-12-03,333,40,2021-10-22
ok,2020-12-04,313,40,2021-10-22
ok,2020-12-05,280,40,2021-10-22
ok,2020-12-06,282,40,2021-10-22
ok,2020-12-07,304,40,2021-10-22
ok,2020-12-08,316,40,2021-10-22
ok,2020-12-09,315,40,2021-10-22
ok,2020-12-10,352,40,2021-10-22
ok,2020-12-11,318,40,2021-10-22
ok,2020-12-12,289,40,2021-10-22
ok,2020-12-13,311,40,2021-10-22
ok,2020-12-14,324,40,2021-10-22
ok,2020-12-15,351,40,2021-10-22
ok,2020-12-16,383,40,2021-10-22
ok,2020-12-17,374,40,2021-10-22
ok,2020-12-18,340,40,2021-10-22
ok,2020-12-19,341,40,2021-10-22
ok,2020-12-20,319,40,2021-10-22
ok,2020-12-21,370,40,2021-10-22
ok,2020-12-22,417,40,2021-10-22
ok,2020-12-23,355,40,2021-10-22
ok,2020-12-24,358,40,2021-10-22
ok,2020-12-25,323,40,2021-10-22
ok,2020-12-26,367,40,2021-10-22
ok,2020-12-27,373,40,2021-10-22
ok,2020-12-28,425,40,2021-10-22
ok,2020-12-29,426,40,2021-10-22
ok,2020-12-30,393,40,2021-10-22
ok,2020-12-31,342,40,2021-10-22
ok,2021-01-01,375,40,2021-10-22
ok,2021-01-02,389,40,2021-10-22
ok,2021-01-03,362,40,2021-10-22
ok,2021-01-04,461,40,2021-10-22
ok,2021-01-05,434,40,2021-10-22
ok,2021-01-06,417,40,2021-10-22
ok,2021-01-07,416,40,2021-10-22
ok,2021-01-08,395,40,2021-10-22
ok,2021-01-09,322,40,2021-10-22
ok,2021-01-10,347,40,2021-10-22
ok,2021-01-11,349,40,2021-10-22
ok,2021-01-12,340,40,2021-10-22
ok,2021-01-13,391,40,2021-10-22
ok,2021-01-14,384,40,2021-10-22
ok,2021-01-15,303,40,2021-10-22
ok,2021-01-16,265,40,2021-10-22
ok,2021-01-17,309,40,2021-10-22
ok,2021-01-18,326,40,2021-10-22
ok,2021-01-19,282,40,2021-10-22
ok,2021-01-20,290,40,2021-10-22
ok,2021-01-21,275,40,2021-10-22
ok,2021-01-22,284,40,2021-10-22
ok,2021-01-23,244,40,2021-10-22
ok,2021-01-24,233,40,2021-10-22
ok,2021-01-25,283,40,2021-10-22
ok,2021-01-26,267,40,2021-10-22
ok,2021-01-27,267,40,2021-10-22
ok,2021-01-28,238,40,2021-10-22
ok,2021-01-29,223,40,2021-10-22
ok,2021-01-30,226,40,2021-10-22
ok,2021-01-31,194,40,2021-10-22
ok,2021-02-01,221,40,2021-10-22
ok,2021-02-02,246,40,2021-10-22
ok,2021-02-03,233,40,2021-10-22
ok,2021-02-04,216,40,2021-10-22
ok,2021-02-05,211,40,2021-10-22
ok,2021-02-06,148,40,2021-10-22
ok,2021-02-07,170,40,2021-10-22
ok,2021-02-08,222,40,2021-10-22
ok,2021-02-09,174,40,2021-10-22
ok,2021-02-10,172,40,2021-10-22
ok,2021-02-11,152,40,2021-10-22
ok,2021-02-12,170,40,2021-10-22
ok,2021-02-13,128,40,2021-10-22
ok,2021-02-14,130,40,2021-10-22
ok,2021-02-15,134,40,2021-10-22
ok,2021-02-16,157,40,2021-10-22
ok,2021-02-17,131,40,2021-10-22
ok,2021-02-18,141,40,2021-10-22
ok,2021-02-19,160,40,2021-10-22
ok,2021-02-20,140,40,2021-10-22
ok,2021-02-21,144,40,2021-10-22
ok,2021-02-22,142,40,2021-10-22
ok,2021-02-23,145,40,2021-10-22
ok,2021-02-24,115,40,2021-10-22
ok,2021-02-25,96,40,2021-10-22
ok,2021-02-26,105,40,2021-10-22
ok,2021-02-27,109,40,2021-10-22
ok,2021-02-28,88,40,2021-10-22
ok,2021-03-01,82,40,2021-10-22
ok,2021-03-02,78,40,2021-10-22
ok,2021-03-03,74,40,2021-10-22
ok,2021-03-04,71,40,2021-10-22
ok,2021-03-05,65,40,2021-10-22
ok,2021-03-06,65,40,2021-10-22
ok,2021-03-07,61,40,2021-10-22
ok,2021-03-08,58,40,2021-10-22
ok,2021-03-09,71,40,2021-10-22
ok,2021-03-10,62,40,2021-10-22
ok,2021-03-11,58,40,2021-10-22
ok,2021-03-12,60,40,2021-10-22
ok,2021-03-13,47,40,2021-10-22
ok,2021-03-14,61,40,2021-10-22
ok,2021-03-15,55,40,2021-10-22
ok,2021-03-16,46,40,2021-10-22
ok,2021-03-17,58,40,2021-10-22
ok,2021-03-18,50,40,2021-10-22
ok,2021-03-19,45,40,2021-10-22
ok,2021-03-20,37,40,2021-10-22
ok,2021-03-21,42,40,2021-10-22
ok,2021-03-22,51,40,2021-10-22
ok,2021-03-23,48,40,2021-10-22
ok,2021-03-24,50,40,2021-10-22
ok,2021-03-25,56,40,2021-10-22
ok,2021-03-26,32,40,2021-10-22
ok,2021-03-27,42,40,2021-10-22
ok,2021-03-28,40,40,2021-10-22
ok,2021-03-29,47,40,2021-10-22
ok,2021-03-30,40,40,2021-10-22
ok,2021-03-31,43,40,2021-10-22
ok,2021-04-01,50,40,2021-10-22
ok,2021-04-02,47,40,2021-10-22
ok,2021-04-03,48,40,2021-10-22
ok,2021-04-04,35,40,2021-10-22
ok,2021-04-05,58,40,2021-10-22
ok,2021-04-06,54,40,2021-10-22
ok,2021-04-07,37,40,2021-10-22
ok,2021-04-08,31,40,2021-10-22
ok,2021-04-09,43,40,2021-10-22
ok,2021-04-10,42,40,2021-10-22
ok,2021-04-11,40,40,2021-10-22
ok,2021-04-12,45,40,2021-10-22
ok,2021-04-13,43,40,2021-10-22
ok,2021-04-14,45,40,2021-10-22
ok,2021-04-15,40,40,2021-10-22
ok,2021-04-16,34,40,2021-10-22
ok,2021-04-17,33,40,2021-10-22
ok,2021-04-18,34,40,2021-10-22
ok,2021-04-19,45,40,2021-10-22
ok,2021-04-20,49,40,2021-10-22
ok,2021-04-21,49,40,2021-10-22
ok,2021-04-22,35,40,2021-10-22
ok,2021-04-23,42,40,2021-10-22
ok,2021-04-24,41,40,2021-10-22
ok,2021-04-25,36,40,2021-10-22
ok,2021-04-26,45,40,2021-10-22
ok,2021-04-27,37,40,2021-10-22
ok,2021-04-28,30,40,2021-10-22
ok,2021-04-29,40,40,2021-10-22
ok,2021-04-30,43,40,2021-10-22
ok,2021-05-01,34,40,2021-10-22
ok,2021-05-02,24,40,2021-10-22
ok,2021-05-03,36,40,2021-10-22
ok,2021-05-04,28,40,2021-10-22
ok,2021-05-05,25,40,2021-10-22
ok,2021-05-06,28,40,2021-10-22
ok,2021-05-07,31,40,2021-10-22
ok,2021-05-08,30,40,2021-10-22
ok,2021-05-09,21,40,2021-10-22
ok,2021-05-10,37,40,2021-10-22
ok,2021-05-11,30,40,2021-10-22
ok,2021-05-12,28,40,2021-10-22
ok,2021-05-13,34,40,2021-10-22
ok,2021-05-14,31,40,2021-10-22
ok,2021-05-15,21,40,2021-10-22
ok,2021-05-16,22,40,2021-10-22
ok,2021-05-17,26,40,2021-10-22
ok,2021-05-18,31,40,2021-10-22
ok,2021-05-19,31,40,2021-10-22
ok,2021-05-20,38,40,2021-10-22
ok,2021-05-21,61,40,2021-10-22
ok,2021-05-22,45,40,2021-10-22
ok,2021-05-23,29,40,2021-10-22
ok,2021-05-24,34,40,2021-10-22
ok,2021-05-25,29,40,2021-10-22
ok,2021-05-26,31,40,2021-10-22
ok,2021-05-27,32,40,2021-10-22
ok,2021-05-28,30,40,2021-10-22
ok,2021-05-29,29,40,2021-10-22
ok,2021-05-30,19,40,2021-10-22
ok,2021-05-31,23,40,2021-10-22
ok,2021-06-01,32,40,2021-10-22
ok,2021-06-02,33,40,2021-10-22
ok,2021-06-03,29,40,2021-10-22
ok,2021-06-04,14,40,2021-10-22
ok,2021-06-05,16,40,2021-10-22
ok,2021-06-06,25,40,2021-10-22
ok,2021-06-07,24,40,2021-10-22
ok,2021-06-08,23,40,2021-10-22
ok,2021-06-09,26,40,2021-10-22
ok,2021-06-10,31,40,2021-10-22
ok,2021-06-11,21,40,2021-10-22
ok,2021-06-12,21,40,2021-10-22
ok,2021-06-13,22,40,2021-10-22
ok,2021-06-14,27,40,2021-10-22
ok,2021-06-15,28,40,2021-10-22
ok,2021-06-16,18,40,2021-10-22
ok,2021-06-17,25,40,2021-10-22
ok,2021-06-18,22,40,2021-10-22
ok,2021-06-19,22,40,2021-10-22
ok,2021-06-20,31,40,2021-10-22
ok,2021-06-21,32,40,2021-10-22
ok,2021-06-22,32,40,2021-10-22
ok,2021-06-23,42,40,2021-10-22
ok,2021-06-24,32,40,2021-10-22
ok,2021-06-25,40,40,2021-10-22
ok,2021-06-26,38,40,2021-10-22
ok,2021-06-27,33,40,2021-10-22
ok,2021-06-28,36,40,2021-10-22
ok,2021-06-29,49,40,2021-10-22
ok,2021-06-30,45,40,2021-10-22
ok,2021-07-01,37,40,2021-10-22
ok,2021-07-02,47,40,2021-10-22
ok,2021-07-03,43,40,2021-10-22
ok,2021-07-04,46,40,2021-10-22
ok,2021-07-05,50,40,2021-10-22
ok,2021-07-06,70,40,2021-10-22
ok,2021-07-07,69,40,2021-10-22
ok,2021-07-08,58,40,2021-10-22
ok,2021-07-09,61,40,2021-10-22
ok,2021-07-10,70,40,2021-10-22
ok,2021-07-11,58,40,2021-10-22
ok,2021-07-12,83,40,2021-10-22
ok,2021-07-13,76,40,2021-10-22
ok,2021-07-14,100,40,2021-10-22
ok,2021-07-15,84,40,2021-10-22
ok,2021-07-16,89,40,2021-10-22
ok,2021-07-17,82,40,2021-10-22
ok,2021-07-18,79,40,2021-10-22
ok,2021-07-19,97,40,2021-10-22
ok,2021-07-20,109,40,2021-10-22
ok,2021-07-21,99,40,2021-10-22
ok,2021-07-22,110,40,2021-10-22
ok,2021-07-23,133,40,2021-10-22
ok,2021-07-24,121,40,2021-10-22
ok,2021-07-25,144,40,2021-10-22
ok,2021-07-26,155,40,2021-10-22
ok,2021-07-27,172,40,2021-10-22
ok,2021-07-28,185,40,2021-10-22
ok,2021-07-29,189,40,2021-10-22
ok,2021-07-30,213,40,2021-10-22
ok,2021-07-31,205,40,2021-10-22
ok,2021-08-01,179,40,2021-10-22
ok,2021-08-02,228,40,2021-10-22
ok,2021-08-03,235,40,2021-10-22
ok,2021-08-04,243,40,2021-10-22
ok,2021-08-05,228,40,2021-10-22
ok,2021-08-06,276,40,2021-10-22
ok,2021-08-07,257,40,2021-10-22
ok,2021-08-08,260,40,2021-10-22
ok,2021-08-09,308,40,2021-10-22
ok,2021-08-10,308,40,2021-10-22
ok,2021-08-11,306,40,2021-10-22
ok,2021-08-12,272,40,2021-10-22
ok,2021-08-13,295,40,2021-10-22
ok,2021-08-14,266,40,2021-10-22
ok,2021-08-15,295,40,2021-10-22
ok,2021-08-16,313,40,2021-10-22
ok,2021-08-17,327,40,2021-10-22
ok,2021-08-18,317,40,2021-10-22
ok,2021-08-19,322,40,2021-10-22
ok,2021-08-20,290,40,2021-10-22
ok,2021-08-21,289,40,2021-10-22
ok,2021-08-22,292,40,2021-10-22
ok,2021-08-23,286,40,2021-10-22
ok,2021-08-24,342,40,2021-10-22
ok,2021-08-25,310,40,2021-10-22
ok,2021-08-26,327,40,2021-10-22
ok,2021-08-27,312,40,2021-10-22
ok,2021-08-28,291,40,2021-10-22
ok,2021-08-29,279,40,2021-10-22
ok,2021-08-30,330,40,2021-10-22
ok,2021-08-31,331,40,2021-10-22
ok,2021-09-01,331,40,2021-10-22
ok,2021-09-02,310,40,2021-10-22
ok,2021-09-03,281,40,2021-10-22
ok,2021-09-04,297,40,2021-10-22
ok,2021-09-05,282,40,2021-10-22
ok,2021-09-06,289,40,2021-10-22
ok,2021-09-07,317,40,2021-10-22
ok,2021-09-08,326,40,2021-10-22
ok,2021-09-09,299,40,2021-10-22
ok,2021-09-10,298,40,2021-10-22
ok,2021-09-11,266,40,2021-10-22
ok,2021-09-12,288,40,2021-10-22
ok,2021-09-13,296,40,2021-10-22
ok,2021-09-14,287,40,2021-10-22
ok,2021-09-15,301,40,2021-10-22
ok,2021-09-16,269,40,2021-10-22
ok,2021-09-17,279,40,2021-10-22
ok,2021-09-18,247,40,2021-10-22
ok,2021-09-19,232,40,2021-10-22
ok,2021-09-20,282,40,2021-10-22
ok,2021-09-21,219,40,2021-10-22
ok,2021-09-22,240,40,2021-10-22
ok,2021-09-23,232,40,2021-10-22
ok,2021-09-24,204,40,2021-10-22
ok,2021-09-25,193,40,2021-10-22
ok,2021-09-26,182,40,2021-10-22
ok,2021-09-27,202,40,2021-10-22
ok,2021-09-28,194,40,2021-10-22
ok,2021-09-29,218,40,2021-10-22
ok,2021-09-30,185,40,2021-10-22
ok,2021-10-01,186,40,2021-10-22
ok,2021-10-02,177,40,2021-10-22
ok,2021-10-03,184,40,2021-10-22
ok,2021-10-04,200,40,2021-10-22
ok,2021-10-05,197,40,2021-10-22
ok,2021-10-06,202,40,2021-10-22
ok,2021-10-07,192,40,2021-10-22
ok,2021-10-08,159,40,2021-10-22
ok,2021-10-09,170,40,2021-10-22
ok,2021-10-10,150,40,2021-10-22
ok,2021-10-11,159,40,2021-10-22
ok,2021-10-12,143,40,2021-10-22
ok,2021-10-13,165,40,2021-10-22
ok,2021-10-14,133,40,2021-10-22
ok,2021-10-15,121,40,2021-10-22
ok,2021-10-16,118,40,2021-10-22
ok,2021-10-17,120,40,2021-10-22
ok,2021-10-18,129,40,2021-10-22
ok,2021-10-19,132,40,2021-10-22
ok,2021-10-20,126,40,2021-10-22
ok,2021-10-21,126,40,2021-10-22
or,2020-02-23,NA,41,2021-10-22
or,2020-02-24,NA,41,2021-10-22
or,2020-02-25,NA,41,2021-10-22
or,2020-02-26,NA,41,2021-10-22
or,2020-02-27,NA,41,2021-10-22
or,2020-02-28,NA,41,2021-10-22
or,2020-02-29,NA,41,2021-10-22
or,2020-03-01,NA,41,2021-10-22
or,2020-03-02,NA,41,2021-10-22
or,2020-03-03,NA,41,2021-10-22
or,2020-03-04,NA,41,2021-10-22
or,2020-03-05,NA,41,2021-10-22
or,2020-03-06,NA,41,2021-10-22
or,2020-03-07,NA,41,2021-10-22
or,2020-03-08,NA,41,2021-10-22
or,2020-03-09,NA,41,2021-10-22
or,2020-03-10,NA,41,2021-10-22
or,2020-03-11,NA,41,2021-10-22
or,2020-03-12,NA,41,2021-10-22
or,2020-03-13,NA,41,2021-10-22
or,2020-03-14,NA,41,2021-10-22
or,2020-03-15,NA,41,2021-10-22
or,2020-03-16,NA,41,2021-10-22
or,2020-03-17,NA,41,2021-10-22
or,2020-03-18,NA,41,2021-10-22
or,2020-03-19,NA,41,2021-10-22
or,2020-03-20,NA,41,2021-10-22
or,2020-03-21,NA,41,2021-10-22
or,2020-03-22,NA,41,2021-10-22
or,2020-03-23,NA,41,2021-10-22
or,2020-03-24,NA,41,2021-10-22
or,2020-03-25,NA,41,2021-10-22
or,2020-03-26,NA,41,2021-10-22
or,2020-03-27,NA,41,2021-10-22
or,2020-03-28,NA,41,2021-10-22
or,2020-03-29,NA,41,2021-10-22
or,2020-03-30,NA,41,2021-10-22
or,2020-03-31,NA,41,2021-10-22
or,2020-04-01,NA,41,2021-10-22
or,2020-04-02,NA,41,2021-10-22
or,2020-04-03,NA,41,2021-10-22
or,2020-04-04,NA,41,2021-10-22
or,2020-04-05,NA,41,2021-10-22
or,2020-04-06,NA,41,2021-10-22
or,2020-04-07,NA,41,2021-10-22
or,2020-04-08,NA,41,2021-10-22
or,2020-04-09,NA,41,2021-10-22
or,2020-04-10,NA,41,2021-10-22
or,2020-04-11,NA,41,2021-10-22
or,2020-04-12,NA,41,2021-10-22
or,2020-04-13,NA,41,2021-10-22
or,2020-04-14,NA,41,2021-10-22
or,2020-04-15,NA,41,2021-10-22
or,2020-04-16,NA,41,2021-10-22
or,2020-04-17,NA,41,2021-10-22
or,2020-04-18,NA,41,2021-10-22
or,2020-04-19,NA,41,2021-10-22
or,2020-04-20,NA,41,2021-10-22
or,2020-04-21,NA,41,2021-10-22
or,2020-04-22,NA,41,2021-10-22
or,2020-04-23,NA,41,2021-10-22
or,2020-04-24,NA,41,2021-10-22
or,2020-04-25,NA,41,2021-10-22
or,2020-04-26,NA,41,2021-10-22
or,2020-04-27,NA,41,2021-10-22
or,2020-04-28,NA,41,2021-10-22
or,2020-04-29,NA,41,2021-10-22
or,2020-04-30,NA,41,2021-10-22
or,2020-05-01,NA,41,2021-10-22
or,2020-05-02,NA,41,2021-10-22
or,2020-05-03,NA,41,2021-10-22
or,2020-05-04,NA,41,2021-10-22
or,2020-05-05,NA,41,2021-10-22
or,2020-05-06,NA,41,2021-10-22
or,2020-05-07,NA,41,2021-10-22
or,2020-05-08,NA,41,2021-10-22
or,2020-05-09,NA,41,2021-10-22
or,2020-05-10,NA,41,2021-10-22
or,2020-05-11,NA,41,2021-10-22
or,2020-05-12,NA,41,2021-10-22
or,2020-05-13,NA,41,2021-10-22
or,2020-05-14,NA,41,2021-10-22
or,2020-05-15,NA,41,2021-10-22
or,2020-05-16,NA,41,2021-10-22
or,2020-05-17,NA,41,2021-10-22
or,2020-05-18,NA,41,2021-10-22
or,2020-05-19,NA,41,2021-10-22
or,2020-05-20,NA,41,2021-10-22
or,2020-05-21,NA,41,2021-10-22
or,2020-05-22,NA,41,2021-10-22
or,2020-05-23,NA,41,2021-10-22
or,2020-05-24,NA,41,2021-10-22
or,2020-05-25,NA,41,2021-10-22
or,2020-05-26,NA,41,2021-10-22
or,2020-05-27,NA,41,2021-10-22
or,2020-05-28,NA,41,2021-10-22
or,2020-05-29,NA,41,2021-10-22
or,2020-05-30,NA,41,2021-10-22
or,2020-05-31,NA,41,2021-10-22
or,2020-06-01,NA,41,2021-10-22
or,2020-06-02,NA,41,2021-10-22
or,2020-06-03,NA,41,2021-10-22
or,2020-06-04,NA,41,2021-10-22
or,2020-06-05,NA,41,2021-10-22
or,2020-06-06,NA,41,2021-10-22
or,2020-06-07,NA,41,2021-10-22
or,2020-06-08,NA,41,2021-10-22
or,2020-06-09,NA,41,2021-10-22
or,2020-06-10,NA,41,2021-10-22
or,2020-06-11,NA,41,2021-10-22
or,2020-06-12,NA,41,2021-10-22
or,2020-06-13,NA,41,2021-10-22
or,2020-06-14,NA,41,2021-10-22
or,2020-06-15,NA,41,2021-10-22
or,2020-06-16,NA,41,2021-10-22
or,2020-06-17,NA,41,2021-10-22
or,2020-06-18,NA,41,2021-10-22
or,2020-06-19,NA,41,2021-10-22
or,2020-06-20,NA,41,2021-10-22
or,2020-06-21,NA,41,2021-10-22
or,2020-06-22,NA,41,2021-10-22
or,2020-06-23,NA,41,2021-10-22
or,2020-06-24,NA,41,2021-10-22
or,2020-06-25,NA,41,2021-10-22
or,2020-06-26,NA,41,2021-10-22
or,2020-06-27,NA,41,2021-10-22
or,2020-06-28,NA,41,2021-10-22
or,2020-06-29,NA,41,2021-10-22
or,2020-06-30,NA,41,2021-10-22
or,2020-07-01,NA,41,2021-10-22
or,2020-07-02,NA,41,2021-10-22
or,2020-07-03,NA,41,2021-10-22
or,2020-07-04,NA,41,2021-10-22
or,2020-07-05,NA,41,2021-10-22
or,2020-07-06,NA,41,2021-10-22
or,2020-07-07,NA,41,2021-10-22
or,2020-07-08,NA,41,2021-10-22
or,2020-07-09,NA,41,2021-10-22
or,2020-07-10,NA,41,2021-10-22
or,2020-07-11,NA,41,2021-10-22
or,2020-07-12,NA,41,2021-10-22
or,2020-07-13,NA,41,2021-10-22
or,2020-07-14,5,41,2021-10-22
or,2020-07-15,14,41,2021-10-22
or,2020-07-16,11,41,2021-10-22
or,2020-07-17,13,41,2021-10-22
or,2020-07-18,10,41,2021-10-22
or,2020-07-19,8,41,2021-10-22
or,2020-07-20,15,41,2021-10-22
or,2020-07-21,7,41,2021-10-22
or,2020-07-22,17,41,2021-10-22
or,2020-07-23,5,41,2021-10-22
or,2020-07-24,9,41,2021-10-22
or,2020-07-25,5,41,2021-10-22
or,2020-07-26,11,41,2021-10-22
or,2020-07-27,18,41,2021-10-22
or,2020-07-28,14,41,2021-10-22
or,2020-07-29,9,41,2021-10-22
or,2020-07-30,8,41,2021-10-22
or,2020-07-31,20,41,2021-10-22
or,2020-08-01,16,41,2021-10-22
or,2020-08-02,11,41,2021-10-22
or,2020-08-03,13,41,2021-10-22
or,2020-08-04,14,41,2021-10-22
or,2020-08-05,5,41,2021-10-22
or,2020-08-06,13,41,2021-10-22
or,2020-08-07,18,41,2021-10-22
or,2020-08-08,15,41,2021-10-22
or,2020-08-09,17,41,2021-10-22
or,2020-08-10,14,41,2021-10-22
or,2020-08-11,16,41,2021-10-22
or,2020-08-12,12,41,2021-10-22
or,2020-08-13,8,41,2021-10-22
or,2020-08-14,14,41,2021-10-22
or,2020-08-15,23,41,2021-10-22
or,2020-08-16,17,41,2021-10-22
or,2020-08-17,13,41,2021-10-22
or,2020-08-18,13,41,2021-10-22
or,2020-08-19,13,41,2021-10-22
or,2020-08-20,28,41,2021-10-22
or,2020-08-21,30,41,2021-10-22
or,2020-08-22,22,41,2021-10-22
or,2020-08-23,22,41,2021-10-22
or,2020-08-24,13,41,2021-10-22
or,2020-08-25,9,41,2021-10-22
or,2020-08-26,12,41,2021-10-22
or,2020-08-27,10,41,2021-10-22
or,2020-08-28,7,41,2021-10-22
or,2020-08-29,3,41,2021-10-22
or,2020-08-30,11,41,2021-10-22
or,2020-08-31,13,41,2021-10-22
or,2020-09-01,8,41,2021-10-22
or,2020-09-02,4,41,2021-10-22
or,2020-09-03,7,41,2021-10-22
or,2020-09-04,9,41,2021-10-22
or,2020-09-05,3,41,2021-10-22
or,2020-09-06,5,41,2021-10-22
or,2020-09-07,7,41,2021-10-22
or,2020-09-08,13,41,2021-10-22
or,2020-09-09,2,41,2021-10-22
or,2020-09-10,15,41,2021-10-22
or,2020-09-11,9,41,2021-10-22
or,2020-09-12,7,41,2021-10-22
or,2020-09-13,10,41,2021-10-22
or,2020-09-14,17,41,2021-10-22
or,2020-09-15,16,41,2021-10-22
or,2020-09-16,13,41,2021-10-22
or,2020-09-17,11,41,2021-10-22
or,2020-09-18,10,41,2021-10-22
or,2020-09-19,11,41,2021-10-22
or,2020-09-20,13,41,2021-10-22
or,2020-09-21,18,41,2021-10-22
or,2020-09-22,12,41,2021-10-22
or,2020-09-23,22,41,2021-10-22
or,2020-09-24,17,41,2021-10-22
or,2020-09-25,14,41,2021-10-22
or,2020-09-26,13,41,2021-10-22
or,2020-09-27,14,41,2021-10-22
or,2020-09-28,14,41,2021-10-22
or,2020-09-29,19,41,2021-10-22
or,2020-09-30,19,41,2021-10-22
or,2020-10-01,10,41,2021-10-22
or,2020-10-02,8,41,2021-10-22
or,2020-10-03,14,41,2021-10-22
or,2020-10-04,15,41,2021-10-22
or,2020-10-05,15,41,2021-10-22
or,2020-10-06,20,41,2021-10-22
or,2020-10-07,17,41,2021-10-22
or,2020-10-08,29,41,2021-10-22
or,2020-10-09,20,41,2021-10-22
or,2020-10-10,14,41,2021-10-22
or,2020-10-11,25,41,2021-10-22
or,2020-10-12,19,41,2021-10-22
or,2020-10-13,15,41,2021-10-22
or,2020-10-14,19,41,2021-10-22
or,2020-10-15,21,41,2021-10-22
or,2020-10-16,14,41,2021-10-22
or,2020-10-17,19,41,2021-10-22
or,2020-10-18,15,41,2021-10-22
or,2020-10-19,62,41,2021-10-22
or,2020-10-20,16,41,2021-10-22
or,2020-10-21,24,41,2021-10-22
or,2020-10-22,19,41,2021-10-22
or,2020-10-23,17,41,2021-10-22
or,2020-10-24,12,41,2021-10-22
or,2020-10-25,19,41,2021-10-22
or,2020-10-26,21,41,2021-10-22
or,2020-10-27,21,41,2021-10-22
or,2020-10-28,28,41,2021-10-22
or,2020-10-29,16,41,2021-10-22
or,2020-10-30,17,41,2021-10-22
or,2020-10-31,21,41,2021-10-22
or,2020-11-01,19,41,2021-10-22
or,2020-11-02,30,41,2021-10-22
or,2020-11-03,30,41,2021-10-22
or,2020-11-04,35,41,2021-10-22
or,2020-11-05,31,41,2021-10-22
or,2020-11-06,36,41,2021-10-22
or,2020-11-07,33,41,2021-10-22
or,2020-11-08,42,41,2021-10-22
or,2020-11-09,52,41,2021-10-22
or,2020-11-10,41,41,2021-10-22
or,2020-11-11,35,41,2021-10-22
or,2020-11-12,47,41,2021-10-22
or,2020-11-13,58,41,2021-10-22
or,2020-11-14,45,41,2021-10-22
or,2020-11-15,41,41,2021-10-22
or,2020-11-16,44,41,2021-10-22
or,2020-11-17,69,41,2021-10-22
or,2020-11-18,52,41,2021-10-22
or,2020-11-19,40,41,2021-10-22
or,2020-11-20,61,41,2021-10-22
or,2020-11-21,49,41,2021-10-22
or,2020-11-22,49,41,2021-10-22
or,2020-11-23,64,41,2021-10-22
or,2020-11-24,69,41,2021-10-22
or,2020-11-25,69,41,2021-10-22
or,2020-11-26,72,41,2021-10-22
or,2020-11-27,66,41,2021-10-22
or,2020-11-28,62,41,2021-10-22
or,2020-11-29,66,41,2021-10-22
or,2020-11-30,81,41,2021-10-22
or,2020-12-01,70,41,2021-10-22
or,2020-12-02,68,41,2021-10-22
or,2020-12-03,78,41,2021-10-22
or,2020-12-04,73,41,2021-10-22
or,2020-12-05,46,41,2021-10-22
or,2020-12-06,58,41,2021-10-22
or,2020-12-07,69,41,2021-10-22
or,2020-12-08,73,41,2021-10-22
or,2020-12-09,63,41,2021-10-22
or,2020-12-10,74,41,2021-10-22
or,2020-12-11,53,41,2021-10-22
or,2020-12-12,41,41,2021-10-22
or,2020-12-13,42,41,2021-10-22
or,2020-12-14,85,41,2021-10-22
or,2020-12-15,74,41,2021-10-22
or,2020-12-16,79,41,2021-10-22
or,2020-12-17,73,41,2021-10-22
or,2020-12-18,65,41,2021-10-22
or,2020-12-19,66,41,2021-10-22
or,2020-12-20,63,41,2021-10-22
or,2020-12-21,70,41,2021-10-22
or,2020-12-22,53,41,2021-10-22
or,2020-12-23,66,41,2021-10-22
or,2020-12-24,43,41,2021-10-22
or,2020-12-25,53,41,2021-10-22
or,2020-12-26,60,41,2021-10-22
or,2020-12-27,56,41,2021-10-22
or,2020-12-28,67,41,2021-10-22
or,2020-12-29,67,41,2021-10-22
or,2020-12-30,66,41,2021-10-22
or,2020-12-31,69,41,2021-10-22
or,2021-01-01,70,41,2021-10-22
or,2021-01-02,68,41,2021-10-22
or,2021-01-03,53,41,2021-10-22
or,2021-01-04,72,41,2021-10-22
or,2021-01-05,61,41,2021-10-22
or,2021-01-06,66,41,2021-10-22
or,2021-01-07,59,41,2021-10-22
or,2021-01-08,53,41,2021-10-22
or,2021-01-09,47,41,2021-10-22
or,2021-01-10,46,41,2021-10-22
or,2021-01-11,57,41,2021-10-22
or,2021-01-12,55,41,2021-10-22
or,2021-01-13,58,41,2021-10-22
or,2021-01-14,52,41,2021-10-22
or,2021-01-15,56,41,2021-10-22
or,2021-01-16,37,41,2021-10-22
or,2021-01-17,34,41,2021-10-22
or,2021-01-18,31,41,2021-10-22
or,2021-01-19,45,41,2021-10-22
or,2021-01-20,35,41,2021-10-22
or,2021-01-21,37,41,2021-10-22
or,2021-01-22,41,41,2021-10-22
or,2021-01-23,36,41,2021-10-22
or,2021-01-24,47,41,2021-10-22
or,2021-01-25,47,41,2021-10-22
or,2021-01-26,42,41,2021-10-22
or,2021-01-27,50,41,2021-10-22
or,2021-01-28,44,41,2021-10-22
or,2021-01-29,40,41,2021-10-22
or,2021-01-30,33,41,2021-10-22
or,2021-01-31,31,41,2021-10-22
or,2021-02-01,47,41,2021-10-22
or,2021-02-02,57,41,2021-10-22
or,2021-02-03,35,41,2021-10-22
or,2021-02-04,40,41,2021-10-22
or,2021-02-05,29,41,2021-10-22
or,2021-02-06,24,41,2021-10-22
or,2021-02-07,34,41,2021-10-22
or,2021-02-08,38,41,2021-10-22
or,2021-02-09,31,41,2021-10-22
or,2021-02-10,33,41,2021-10-22
or,2021-02-11,30,41,2021-10-22
or,2021-02-12,36,41,2021-10-22
or,2021-02-13,31,41,2021-10-22
or,2021-02-14,37,41,2021-10-22
or,2021-02-15,31,41,2021-10-22
or,2021-02-16,29,41,2021-10-22
or,2021-02-17,25,41,2021-10-22
or,2021-02-18,42,41,2021-10-22
or,2021-02-19,32,41,2021-10-22
or,2021-02-20,24,41,2021-10-22
or,2021-02-21,30,41,2021-10-22
or,2021-02-22,27,41,2021-10-22
or,2021-02-23,12,41,2021-10-22
or,2021-02-24,27,41,2021-10-22
or,2021-02-25,23,41,2021-10-22
or,2021-02-26,18,41,2021-10-22
or,2021-02-27,19,41,2021-10-22
or,2021-02-28,19,41,2021-10-22
or,2021-03-01,23,41,2021-10-22
or,2021-03-02,19,41,2021-10-22
or,2021-03-03,24,41,2021-10-22
or,2021-03-04,15,41,2021-10-22
or,2021-03-05,18,41,2021-10-22
or,2021-03-06,8,41,2021-10-22
or,2021-03-07,12,41,2021-10-22
or,2021-03-08,34,41,2021-10-22
or,2021-03-09,22,41,2021-10-22
or,2021-03-10,22,41,2021-10-22
or,2021-03-11,15,41,2021-10-22
or,2021-03-12,15,41,2021-10-22
or,2021-03-13,9,41,2021-10-22
or,2021-03-14,16,41,2021-10-22
or,2021-03-15,26,41,2021-10-22
or,2021-03-16,17,41,2021-10-22
or,2021-03-17,27,41,2021-10-22
or,2021-03-18,23,41,2021-10-22
or,2021-03-19,15,41,2021-10-22
or,2021-03-20,21,41,2021-10-22
or,2021-03-21,17,41,2021-10-22
or,2021-03-22,16,41,2021-10-22
or,2021-03-23,24,41,2021-10-22
or,2021-03-24,20,41,2021-10-22
or,2021-03-25,14,41,2021-10-22
or,2021-03-26,32,41,2021-10-22
or,2021-03-27,23,41,2021-10-22
or,2021-03-28,22,41,2021-10-22
or,2021-03-29,18,41,2021-10-22
or,2021-03-30,30,41,2021-10-22
or,2021-03-31,21,41,2021-10-22
or,2021-04-01,25,41,2021-10-22
or,2021-04-02,22,41,2021-10-22
or,2021-04-03,16,41,2021-10-22
or,2021-04-04,26,41,2021-10-22
or,2021-04-05,26,41,2021-10-22
or,2021-04-06,22,41,2021-10-22
or,2021-04-07,20,41,2021-10-22
or,2021-04-08,27,41,2021-10-22
or,2021-04-09,36,41,2021-10-22
or,2021-04-10,25,41,2021-10-22
or,2021-04-11,27,41,2021-10-22
or,2021-04-12,22,41,2021-10-22
or,2021-04-13,29,41,2021-10-22
or,2021-04-14,28,41,2021-10-22
or,2021-04-15,39,41,2021-10-22
or,2021-04-16,35,41,2021-10-22
or,2021-04-17,41,41,2021-10-22
or,2021-04-18,41,41,2021-10-22
or,2021-04-19,27,41,2021-10-22
or,2021-04-20,35,41,2021-10-22
or,2021-04-21,35,41,2021-10-22
or,2021-04-22,40,41,2021-10-22
or,2021-04-23,61,41,2021-10-22
or,2021-04-24,46,41,2021-10-22
or,2021-04-25,34,41,2021-10-22
or,2021-04-26,38,41,2021-10-22
or,2021-04-27,39,41,2021-10-22
or,2021-04-28,41,41,2021-10-22
or,2021-04-29,44,41,2021-10-22
or,2021-04-30,28,41,2021-10-22
or,2021-05-01,29,41,2021-10-22
or,2021-05-02,43,41,2021-10-22
or,2021-05-03,37,41,2021-10-22
or,2021-05-04,45,41,2021-10-22
or,2021-05-05,50,41,2021-10-22
or,2021-05-06,41,41,2021-10-22
or,2021-05-07,44,41,2021-10-22
or,2021-05-08,23,41,2021-10-22
or,2021-05-09,61,41,2021-10-22
or,2021-05-10,41,41,2021-10-22
or,2021-05-11,42,41,2021-10-22
or,2021-05-12,37,41,2021-10-22
or,2021-05-13,35,41,2021-10-22
or,2021-05-14,36,41,2021-10-22
or,2021-05-15,27,41,2021-10-22
or,2021-05-16,30,41,2021-10-22
or,2021-05-17,32,41,2021-10-22
or,2021-05-18,61,41,2021-10-22
or,2021-05-19,39,41,2021-10-22
or,2021-05-20,31,41,2021-10-22
or,2021-05-21,29,41,2021-10-22
or,2021-05-22,25,41,2021-10-22
or,2021-05-23,39,41,2021-10-22
or,2021-05-24,36,41,2021-10-22
or,2021-05-25,34,41,2021-10-22
or,2021-05-26,35,41,2021-10-22
or,2021-05-27,26,41,2021-10-22
or,2021-05-28,21,41,2021-10-22
or,2021-05-29,20,41,2021-10-22
or,2021-05-30,32,41,2021-10-22
or,2021-05-31,24,41,2021-10-22
or,2021-06-01,25,41,2021-10-22
or,2021-06-02,30,41,2021-10-22
or,2021-06-03,25,41,2021-10-22
or,2021-06-04,25,41,2021-10-22
or,2021-06-05,24,41,2021-10-22
or,2021-06-06,19,41,2021-10-22
or,2021-06-07,22,41,2021-10-22
or,2021-06-08,22,41,2021-10-22
or,2021-06-09,29,41,2021-10-22
or,2021-06-10,17,41,2021-10-22
or,2021-06-11,21,41,2021-10-22
or,2021-06-12,21,41,2021-10-22
or,2021-06-13,26,41,2021-10-22
or,2021-06-14,21,41,2021-10-22
or,2021-06-15,61,41,2021-10-22
or,2021-06-16,23,41,2021-10-22
or,2021-06-17,27,41,2021-10-22
or,2021-06-18,18,41,2021-10-22
or,2021-06-19,21,41,2021-10-22
or,2021-06-20,15,41,2021-10-22
or,2021-06-21,16,41,2021-10-22
or,2021-06-22,29,41,2021-10-22
or,2021-06-23,22,41,2021-10-22
or,2021-06-24,13,41,2021-10-22
or,2021-06-25,22,41,2021-10-22
or,2021-06-26,11,41,2021-10-22
or,2021-06-27,16,41,2021-10-22
or,2021-06-28,21,41,2021-10-22
or,2021-06-29,18,41,2021-10-22
or,2021-06-30,10,41,2021-10-22
or,2021-07-01,16,41,2021-10-22
or,2021-07-02,22,41,2021-10-22
or,2021-07-03,9,41,2021-10-22
or,2021-07-04,11,41,2021-10-22
or,2021-07-05,8,41,2021-10-22
or,2021-07-06,12,41,2021-10-22
or,2021-07-07,13,41,2021-10-22
or,2021-07-08,12,41,2021-10-22
or,2021-07-09,18,41,2021-10-22
or,2021-07-10,16,41,2021-10-22
or,2021-07-11,16,41,2021-10-22
or,2021-07-12,14,41,2021-10-22
or,2021-07-13,19,41,2021-10-22
or,2021-07-14,16,41,2021-10-22
or,2021-07-15,22,41,2021-10-22
or,2021-07-16,19,41,2021-10-22
or,2021-07-17,22,41,2021-10-22
or,2021-07-18,19,41,2021-10-22
or,2021-07-19,21,41,2021-10-22
or,2021-07-20,12,41,2021-10-22
or,2021-07-21,31,41,2021-10-22
or,2021-07-22,26,41,2021-10-22
or,2021-07-23,28,41,2021-10-22
or,2021-07-24,29,41,2021-10-22
or,2021-07-25,35,41,2021-10-22
or,2021-07-26,46,41,2021-10-22
or,2021-07-27,47,41,2021-10-22
or,2021-07-28,40,41,2021-10-22
or,2021-07-29,49,41,2021-10-22
or,2021-07-30,39,41,2021-10-22
or,2021-07-31,44,41,2021-10-22
or,2021-08-01,38,41,2021-10-22
or,2021-08-02,37,41,2021-10-22
or,2021-08-03,58,41,2021-10-22
or,2021-08-04,87,41,2021-10-22
or,2021-08-05,95,41,2021-10-22
or,2021-08-06,73,41,2021-10-22
or,2021-08-07,77,41,2021-10-22
or,2021-08-08,68,41,2021-10-22
or,2021-08-09,78,41,2021-10-22
or,2021-08-10,86,41,2021-10-22
or,2021-08-11,103,41,2021-10-22
or,2021-08-12,82,41,2021-10-22
or,2021-08-13,80,41,2021-10-22
or,2021-08-14,57,41,2021-10-22
or,2021-08-15,80,41,2021-10-22
or,2021-08-16,127,41,2021-10-22
or,2021-08-17,96,41,2021-10-22
or,2021-08-18,114,41,2021-10-22
or,2021-08-19,126,41,2021-10-22
or,2021-08-20,88,41,2021-10-22
or,2021-08-21,100,41,2021-10-22
or,2021-08-22,124,41,2021-10-22
or,2021-08-23,135,41,2021-10-22
or,2021-08-24,140,41,2021-10-22
or,2021-08-25,150,41,2021-10-22
or,2021-08-26,129,41,2021-10-22
or,2021-08-27,135,41,2021-10-22
or,2021-08-28,127,41,2021-10-22
or,2021-08-29,135,41,2021-10-22
or,2021-08-30,122,41,2021-10-22
or,2021-08-31,132,41,2021-10-22
or,2021-09-01,106,41,2021-10-22
or,2021-09-02,139,41,2021-10-22
or,2021-09-03,146,41,2021-10-22
or,2021-09-04,132,41,2021-10-22
or,2021-09-05,100,41,2021-10-22
or,2021-09-06,119,41,2021-10-22
or,2021-09-07,106,41,2021-10-22
or,2021-09-08,148,41,2021-10-22
or,2021-09-09,120,41,2021-10-22
or,2021-09-10,139,41,2021-10-22
or,2021-09-11,120,41,2021-10-22
or,2021-09-12,106,41,2021-10-22
or,2021-09-13,111,41,2021-10-22
or,2021-09-14,133,41,2021-10-22
or,2021-09-15,106,41,2021-10-22
or,2021-09-16,86,41,2021-10-22
or,2021-09-17,93,41,2021-10-22
or,2021-09-18,91,41,2021-10-22
or,2021-09-19,82,41,2021-10-22
or,2021-09-20,93,41,2021-10-22
or,2021-09-21,94,41,2021-10-22
or,2021-09-22,78,41,2021-10-22
or,2021-09-23,76,41,2021-10-22
or,2021-09-24,86,41,2021-10-22
or,2021-09-25,72,41,2021-10-22
or,2021-09-26,65,41,2021-10-22
or,2021-09-27,75,41,2021-10-22
or,2021-09-28,78,41,2021-10-22
or,2021-09-29,92,41,2021-10-22
or,2021-09-30,79,41,2021-10-22
or,2021-10-01,83,41,2021-10-22
or,2021-10-02,57,41,2021-10-22
or,2021-10-03,62,41,2021-10-22
or,2021-10-04,67,41,2021-10-22
or,2021-10-05,70,41,2021-10-22
or,2021-10-06,65,41,2021-10-22
or,2021-10-07,60,41,2021-10-22
or,2021-10-08,75,41,2021-10-22
or,2021-10-09,51,41,2021-10-22
or,2021-10-10,46,41,2021-10-22
or,2021-10-11,55,41,2021-10-22
or,2021-10-12,67,41,2021-10-22
or,2021-10-13,53,41,2021-10-22
or,2021-10-14,55,41,2021-10-22
or,2021-10-15,57,41,2021-10-22
or,2021-10-16,32,41,2021-10-22
or,2021-10-17,51,41,2021-10-22
or,2021-10-18,50,41,2021-10-22
or,2021-10-19,70,41,2021-10-22
or,2021-10-20,46,41,2021-10-22
or,2021-10-21,46,41,2021-10-22
pa,2020-02-29,NA,42,2021-10-22
pa,2020-03-01,NA,42,2021-10-22
pa,2020-03-02,NA,42,2021-10-22
pa,2020-03-03,NA,42,2021-10-22
pa,2020-03-04,NA,42,2021-10-22
pa,2020-03-05,NA,42,2021-10-22
pa,2020-03-06,NA,42,2021-10-22
pa,2020-03-07,NA,42,2021-10-22
pa,2020-03-08,NA,42,2021-10-22
pa,2020-03-09,NA,42,2021-10-22
pa,2020-03-10,NA,42,2021-10-22
pa,2020-03-11,NA,42,2021-10-22
pa,2020-03-12,NA,42,2021-10-22
pa,2020-03-13,NA,42,2021-10-22
pa,2020-03-14,NA,42,2021-10-22
pa,2020-03-15,NA,42,2021-10-22
pa,2020-03-16,NA,42,2021-10-22
pa,2020-03-17,NA,42,2021-10-22
pa,2020-03-18,NA,42,2021-10-22
pa,2020-03-19,NA,42,2021-10-22
pa,2020-03-20,NA,42,2021-10-22
pa,2020-03-21,NA,42,2021-10-22
pa,2020-03-22,NA,42,2021-10-22
pa,2020-03-23,NA,42,2021-10-22
pa,2020-03-24,NA,42,2021-10-22
pa,2020-03-25,NA,42,2021-10-22
pa,2020-03-26,NA,42,2021-10-22
pa,2020-03-27,NA,42,2021-10-22
pa,2020-03-28,NA,42,2021-10-22
pa,2020-03-29,NA,42,2021-10-22
pa,2020-03-30,NA,42,2021-10-22
pa,2020-03-31,NA,42,2021-10-22
pa,2020-04-01,NA,42,2021-10-22
pa,2020-04-02,NA,42,2021-10-22
pa,2020-04-03,NA,42,2021-10-22
pa,2020-04-04,NA,42,2021-10-22
pa,2020-04-05,NA,42,2021-10-22
pa,2020-04-06,NA,42,2021-10-22
pa,2020-04-07,NA,42,2021-10-22
pa,2020-04-08,NA,42,2021-10-22
pa,2020-04-09,NA,42,2021-10-22
pa,2020-04-10,NA,42,2021-10-22
pa,2020-04-11,NA,42,2021-10-22
pa,2020-04-12,NA,42,2021-10-22
pa,2020-04-13,NA,42,2021-10-22
pa,2020-04-14,NA,42,2021-10-22
pa,2020-04-15,NA,42,2021-10-22
pa,2020-04-16,NA,42,2021-10-22
pa,2020-04-17,NA,42,2021-10-22
pa,2020-04-18,NA,42,2021-10-22
pa,2020-04-19,NA,42,2021-10-22
pa,2020-04-20,NA,42,2021-10-22
pa,2020-04-21,NA,42,2021-10-22
pa,2020-04-22,NA,42,2021-10-22
pa,2020-04-23,NA,42,2021-10-22
pa,2020-04-24,NA,42,2021-10-22
pa,2020-04-25,NA,42,2021-10-22
pa,2020-04-26,NA,42,2021-10-22
pa,2020-04-27,NA,42,2021-10-22
pa,2020-04-28,NA,42,2021-10-22
pa,2020-04-29,NA,42,2021-10-22
pa,2020-04-30,NA,42,2021-10-22
pa,2020-05-01,NA,42,2021-10-22
pa,2020-05-02,NA,42,2021-10-22
pa,2020-05-03,NA,42,2021-10-22
pa,2020-05-04,NA,42,2021-10-22
pa,2020-05-05,NA,42,2021-10-22
pa,2020-05-06,NA,42,2021-10-22
pa,2020-05-07,NA,42,2021-10-22
pa,2020-05-08,NA,42,2021-10-22
pa,2020-05-09,NA,42,2021-10-22
pa,2020-05-10,NA,42,2021-10-22
pa,2020-05-11,NA,42,2021-10-22
pa,2020-05-12,NA,42,2021-10-22
pa,2020-05-13,NA,42,2021-10-22
pa,2020-05-14,NA,42,2021-10-22
pa,2020-05-15,NA,42,2021-10-22
pa,2020-05-16,NA,42,2021-10-22
pa,2020-05-17,NA,42,2021-10-22
pa,2020-05-18,NA,42,2021-10-22
pa,2020-05-19,NA,42,2021-10-22
pa,2020-05-20,NA,42,2021-10-22
pa,2020-05-21,NA,42,2021-10-22
pa,2020-05-22,NA,42,2021-10-22
pa,2020-05-23,NA,42,2021-10-22
pa,2020-05-24,NA,42,2021-10-22
pa,2020-05-25,NA,42,2021-10-22
pa,2020-05-26,NA,42,2021-10-22
pa,2020-05-27,NA,42,2021-10-22
pa,2020-05-28,NA,42,2021-10-22
pa,2020-05-29,NA,42,2021-10-22
pa,2020-05-30,NA,42,2021-10-22
pa,2020-05-31,NA,42,2021-10-22
pa,2020-06-01,NA,42,2021-10-22
pa,2020-06-02,NA,42,2021-10-22
pa,2020-06-03,NA,42,2021-10-22
pa,2020-06-04,NA,42,2021-10-22
pa,2020-06-05,NA,42,2021-10-22
pa,2020-06-06,NA,42,2021-10-22
pa,2020-06-07,NA,42,2021-10-22
pa,2020-06-08,NA,42,2021-10-22
pa,2020-06-09,NA,42,2021-10-22
pa,2020-06-10,NA,42,2021-10-22
pa,2020-06-11,NA,42,2021-10-22
pa,2020-06-12,NA,42,2021-10-22
pa,2020-06-13,NA,42,2021-10-22
pa,2020-06-14,NA,42,2021-10-22
pa,2020-06-15,NA,42,2021-10-22
pa,2020-06-16,NA,42,2021-10-22
pa,2020-06-17,NA,42,2021-10-22
pa,2020-06-18,NA,42,2021-10-22
pa,2020-06-19,NA,42,2021-10-22
pa,2020-06-20,NA,42,2021-10-22
pa,2020-06-21,NA,42,2021-10-22
pa,2020-06-22,NA,42,2021-10-22
pa,2020-06-23,NA,42,2021-10-22
pa,2020-06-24,NA,42,2021-10-22
pa,2020-06-25,NA,42,2021-10-22
pa,2020-06-26,NA,42,2021-10-22
pa,2020-06-27,NA,42,2021-10-22
pa,2020-06-28,NA,42,2021-10-22
pa,2020-06-29,NA,42,2021-10-22
pa,2020-06-30,NA,42,2021-10-22
pa,2020-07-01,NA,42,2021-10-22
pa,2020-07-02,NA,42,2021-10-22
pa,2020-07-03,NA,42,2021-10-22
pa,2020-07-04,NA,42,2021-10-22
pa,2020-07-05,NA,42,2021-10-22
pa,2020-07-06,NA,42,2021-10-22
pa,2020-07-07,NA,42,2021-10-22
pa,2020-07-08,NA,42,2021-10-22
pa,2020-07-09,NA,42,2021-10-22
pa,2020-07-10,NA,42,2021-10-22
pa,2020-07-11,NA,42,2021-10-22
pa,2020-07-12,NA,42,2021-10-22
pa,2020-07-13,NA,42,2021-10-22
pa,2020-07-14,42,42,2021-10-22
pa,2020-07-15,55,42,2021-10-22
pa,2020-07-16,42,42,2021-10-22
pa,2020-07-17,39,42,2021-10-22
pa,2020-07-18,31,42,2021-10-22
pa,2020-07-19,25,42,2021-10-22
pa,2020-07-20,60,42,2021-10-22
pa,2020-07-21,70,42,2021-10-22
pa,2020-07-22,90,42,2021-10-22
pa,2020-07-23,84,42,2021-10-22
pa,2020-07-24,107,42,2021-10-22
pa,2020-07-25,107,42,2021-10-22
pa,2020-07-26,119,42,2021-10-22
pa,2020-07-27,144,42,2021-10-22
pa,2020-07-28,113,42,2021-10-22
pa,2020-07-29,91,42,2021-10-22
pa,2020-07-30,106,42,2021-10-22
pa,2020-07-31,98,42,2021-10-22
pa,2020-08-01,91,42,2021-10-22
pa,2020-08-02,103,42,2021-10-22
pa,2020-08-03,125,42,2021-10-22
pa,2020-08-04,84,42,2021-10-22
pa,2020-08-05,114,42,2021-10-22
pa,2020-08-06,104,42,2021-10-22
pa,2020-08-07,110,42,2021-10-22
pa,2020-08-08,84,42,2021-10-22
pa,2020-08-09,84,42,2021-10-22
pa,2020-08-10,81,42,2021-10-22
pa,2020-08-11,73,42,2021-10-22
pa,2020-08-12,59,42,2021-10-22
pa,2020-08-13,64,42,2021-10-22
pa,2020-08-14,52,42,2021-10-22
pa,2020-08-15,43,42,2021-10-22
pa,2020-08-16,64,42,2021-10-22
pa,2020-08-17,57,42,2021-10-22
pa,2020-08-18,62,42,2021-10-22
pa,2020-08-19,65,42,2021-10-22
pa,2020-08-20,74,42,2021-10-22
pa,2020-08-21,90,42,2021-10-22
pa,2020-08-22,86,42,2021-10-22
pa,2020-08-23,85,42,2021-10-22
pa,2020-08-24,82,42,2021-10-22
pa,2020-08-25,83,42,2021-10-22
pa,2020-08-26,78,42,2021-10-22
pa,2020-08-27,74,42,2021-10-22
pa,2020-08-28,71,42,2021-10-22
pa,2020-08-29,68,42,2021-10-22
pa,2020-08-30,56,42,2021-10-22
pa,2020-08-31,72,42,2021-10-22
pa,2020-09-01,56,42,2021-10-22
pa,2020-09-02,72,42,2021-10-22
pa,2020-09-03,77,42,2021-10-22
pa,2020-09-04,58,42,2021-10-22
pa,2020-09-05,75,42,2021-10-22
pa,2020-09-06,58,42,2021-10-22
pa,2020-09-07,51,42,2021-10-22
pa,2020-09-08,53,42,2021-10-22
pa,2020-09-09,70,42,2021-10-22
pa,2020-09-10,68,42,2021-10-22
pa,2020-09-11,63,42,2021-10-22
pa,2020-09-12,45,42,2021-10-22
pa,2020-09-13,53,42,2021-10-22
pa,2020-09-14,68,42,2021-10-22
pa,2020-09-15,53,42,2021-10-22
pa,2020-09-16,56,42,2021-10-22
pa,2020-09-17,49,42,2021-10-22
pa,2020-09-18,52,42,2021-10-22
pa,2020-09-19,54,42,2021-10-22
pa,2020-09-20,58,42,2021-10-22
pa,2020-09-21,57,42,2021-10-22
pa,2020-09-22,62,42,2021-10-22
pa,2020-09-23,56,42,2021-10-22
pa,2020-09-24,59,42,2021-10-22
pa,2020-09-25,60,42,2021-10-22
pa,2020-09-26,53,42,2021-10-22
pa,2020-09-27,61,42,2021-10-22
pa,2020-09-28,86,42,2021-10-22
pa,2020-09-29,84,42,2021-10-22
pa,2020-09-30,77,42,2021-10-22
pa,2020-10-01,60,42,2021-10-22
pa,2020-10-02,74,42,2021-10-22
pa,2020-10-03,72,42,2021-10-22
pa,2020-10-04,74,42,2021-10-22
pa,2020-10-05,95,42,2021-10-22
pa,2020-10-06,89,42,2021-10-22
pa,2020-10-07,100,42,2021-10-22
pa,2020-10-08,101,42,2021-10-22
pa,2020-10-09,109,42,2021-10-22
pa,2020-10-10,82,42,2021-10-22
pa,2020-10-11,87,42,2021-10-22
pa,2020-10-12,94,42,2021-10-22
pa,2020-10-13,85,42,2021-10-22
pa,2020-10-14,119,42,2021-10-22
pa,2020-10-15,107,42,2021-10-22
pa,2020-10-16,111,42,2021-10-22
pa,2020-10-17,112,42,2021-10-22
pa,2020-10-18,189,42,2021-10-22
pa,2020-10-19,163,42,2021-10-22
pa,2020-10-20,133,42,2021-10-22
pa,2020-10-21,156,42,2021-10-22
pa,2020-10-22,147,42,2021-10-22
pa,2020-10-23,154,42,2021-10-22
pa,2020-10-24,124,42,2021-10-22
pa,2020-10-25,138,42,2021-10-22
pa,2020-10-26,178,42,2021-10-22
pa,2020-10-27,174,42,2021-10-22
pa,2020-10-28,182,42,2021-10-22
pa,2020-10-29,198,42,2021-10-22
pa,2020-10-30,184,42,2021-10-22
pa,2020-10-31,179,42,2021-10-22
pa,2020-11-01,220,42,2021-10-22
pa,2020-11-02,256,42,2021-10-22
pa,2020-11-03,271,42,2021-10-22
pa,2020-11-04,243,42,2021-10-22
pa,2020-11-05,269,42,2021-10-22
pa,2020-11-06,286,42,2021-10-22
pa,2020-11-07,261,42,2021-10-22
pa,2020-11-08,334,42,2021-10-22
pa,2020-11-09,363,42,2021-10-22
pa,2020-11-10,322,42,2021-10-22
pa,2020-11-11,338,42,2021-10-22
pa,2020-11-12,399,42,2021-10-22
pa,2020-11-13,355,42,2021-10-22
pa,2020-11-14,376,42,2021-10-22
pa,2020-11-15,421,42,2021-10-22
pa,2020-11-16,486,42,2021-10-22
pa,2020-11-17,467,42,2021-10-22
pa,2020-11-18,487,42,2021-10-22
pa,2020-11-19,518,42,2021-10-22
pa,2020-11-20,545,42,2021-10-22
pa,2020-11-21,486,42,2021-10-22
pa,2020-11-22,539,42,2021-10-22
pa,2020-11-23,588,42,2021-10-22
pa,2020-11-24,577,42,2021-10-22
pa,2020-11-25,627,42,2021-10-22
pa,2020-11-26,531,42,2021-10-22
pa,2020-11-27,696,42,2021-10-22
pa,2020-11-28,655,42,2021-10-22
pa,2020-11-29,640,42,2021-10-22
pa,2020-11-30,733,42,2021-10-22
pa,2020-12-01,784,42,2021-10-22
pa,2020-12-02,718,42,2021-10-22
pa,2020-12-03,726,42,2021-10-22
pa,2020-12-04,731,42,2021-10-22
pa,2020-12-05,680,42,2021-10-22
pa,2020-12-06,653,42,2021-10-22
pa,2020-12-07,786,42,2021-10-22
pa,2020-12-08,848,42,2021-10-22
pa,2020-12-09,742,42,2021-10-22
pa,2020-12-10,774,42,2021-10-22
pa,2020-12-11,768,42,2021-10-22
pa,2020-12-12,734,42,2021-10-22
pa,2020-12-13,668,42,2021-10-22
pa,2020-12-14,846,42,2021-10-22
pa,2020-12-15,793,42,2021-10-22
pa,2020-12-16,677,42,2021-10-22
pa,2020-12-17,672,42,2021-10-22
pa,2020-12-18,729,42,2021-10-22
pa,2020-12-19,672,42,2021-10-22
pa,2020-12-20,625,42,2021-10-22
pa,2020-12-21,733,42,2021-10-22
pa,2020-12-22,697,42,2021-10-22
pa,2020-12-23,690,42,2021-10-22
pa,2020-12-24,648,42,2021-10-22
pa,2020-12-25,576,42,2021-10-22
pa,2020-12-26,615,42,2021-10-22
pa,2020-12-27,610,42,2021-10-22
pa,2020-12-28,720,42,2021-10-22
pa,2020-12-29,661,42,2021-10-22
pa,2020-12-30,656,42,2021-10-22
pa,2020-12-31,625,42,2021-10-22
pa,2021-01-01,502,42,2021-10-22
pa,2021-01-02,625,42,2021-10-22
pa,2021-01-03,549,42,2021-10-22
pa,2021-01-04,680,42,2021-10-22
pa,2021-01-05,592,42,2021-10-22
pa,2021-01-06,587,42,2021-10-22
pa,2021-01-07,578,42,2021-10-22
pa,2021-01-08,664,42,2021-10-22
pa,2021-01-09,553,42,2021-10-22
pa,2021-01-10,525,42,2021-10-22
pa,2021-01-11,607,42,2021-10-22
pa,2021-01-12,547,42,2021-10-22
pa,2021-01-13,557,42,2021-10-22
pa,2021-01-14,584,42,2021-10-22
pa,2021-01-15,549,42,2021-10-22
pa,2021-01-16,481,42,2021-10-22
pa,2021-01-17,460,42,2021-10-22
pa,2021-01-18,505,42,2021-10-22
pa,2021-01-19,488,42,2021-10-22
pa,2021-01-20,452,42,2021-10-22
pa,2021-01-21,483,42,2021-10-22
pa,2021-01-22,503,42,2021-10-22
pa,2021-01-23,406,42,2021-10-22
pa,2021-01-24,439,42,2021-10-22
pa,2021-01-25,497,42,2021-10-22
pa,2021-01-26,427,42,2021-10-22
pa,2021-01-27,456,42,2021-10-22
pa,2021-01-28,420,42,2021-10-22
pa,2021-01-29,377,42,2021-10-22
pa,2021-01-30,345,42,2021-10-22
pa,2021-01-31,328,42,2021-10-22
pa,2021-02-01,334,42,2021-10-22
pa,2021-02-02,329,42,2021-10-22
pa,2021-02-03,403,42,2021-10-22
pa,2021-02-04,361,42,2021-10-22
pa,2021-02-05,397,42,2021-10-22
pa,2021-02-06,335,42,2021-10-22
pa,2021-02-07,326,42,2021-10-22
pa,2021-02-08,359,42,2021-10-22
pa,2021-02-09,297,42,2021-10-22
pa,2021-02-10,310,42,2021-10-22
pa,2021-02-11,299,42,2021-10-22
pa,2021-02-12,278,42,2021-10-22
pa,2021-02-13,215,42,2021-10-22
pa,2021-02-14,236,42,2021-10-22
pa,2021-02-15,293,42,2021-10-22
pa,2021-02-16,281,42,2021-10-22
pa,2021-02-17,266,42,2021-10-22
pa,2021-02-18,247,42,2021-10-22
pa,2021-02-19,255,42,2021-10-22
pa,2021-02-20,217,42,2021-10-22
pa,2021-02-21,231,42,2021-10-22
pa,2021-02-22,294,42,2021-10-22
pa,2021-02-23,259,42,2021-10-22
pa,2021-02-24,273,42,2021-10-22
pa,2021-02-25,247,42,2021-10-22
pa,2021-02-26,206,42,2021-10-22
pa,2021-02-27,192,42,2021-10-22
pa,2021-02-28,202,42,2021-10-22
pa,2021-03-01,233,42,2021-10-22
pa,2021-03-02,214,42,2021-10-22
pa,2021-03-03,228,42,2021-10-22
pa,2021-03-04,201,42,2021-10-22
pa,2021-03-05,194,42,2021-10-22
pa,2021-03-06,183,42,2021-10-22
pa,2021-03-07,189,42,2021-10-22
pa,2021-03-08,226,42,2021-10-22
pa,2021-03-09,247,42,2021-10-22
pa,2021-03-10,209,42,2021-10-22
pa,2021-03-11,235,42,2021-10-22
pa,2021-03-12,206,42,2021-10-22
pa,2021-03-13,176,42,2021-10-22
pa,2021-03-14,179,42,2021-10-22
pa,2021-03-15,241,42,2021-10-22
pa,2021-03-16,250,42,2021-10-22
pa,2021-03-17,251,42,2021-10-22
pa,2021-03-18,273,42,2021-10-22
pa,2021-03-19,274,42,2021-10-22
pa,2021-03-20,231,42,2021-10-22
pa,2021-03-21,229,42,2021-10-22
pa,2021-03-22,259,42,2021-10-22
pa,2021-03-23,273,42,2021-10-22
pa,2021-03-24,303,42,2021-10-22
pa,2021-03-25,278,42,2021-10-22
pa,2021-03-26,270,42,2021-10-22
pa,2021-03-27,271,42,2021-10-22
pa,2021-03-28,280,42,2021-10-22
pa,2021-03-29,342,42,2021-10-22
pa,2021-03-30,301,42,2021-10-22
pa,2021-03-31,337,42,2021-10-22
pa,2021-04-01,328,42,2021-10-22
pa,2021-04-02,316,42,2021-10-22
pa,2021-04-03,326,42,2021-10-22
pa,2021-04-04,307,42,2021-10-22
pa,2021-04-05,420,42,2021-10-22
pa,2021-04-06,363,42,2021-10-22
pa,2021-04-07,372,42,2021-10-22
pa,2021-04-08,336,42,2021-10-22
pa,2021-04-09,333,42,2021-10-22
pa,2021-04-10,312,42,2021-10-22
pa,2021-04-11,317,42,2021-10-22
pa,2021-04-12,369,42,2021-10-22
pa,2021-04-13,380,42,2021-10-22
pa,2021-04-14,373,42,2021-10-22
pa,2021-04-15,393,42,2021-10-22
pa,2021-04-16,408,42,2021-10-22
pa,2021-04-17,318,42,2021-10-22
pa,2021-04-18,359,42,2021-10-22
pa,2021-04-19,416,42,2021-10-22
pa,2021-04-20,376,42,2021-10-22
pa,2021-04-21,394,42,2021-10-22
pa,2021-04-22,346,42,2021-10-22
pa,2021-04-23,325,42,2021-10-22
pa,2021-04-24,267,42,2021-10-22
pa,2021-04-25,267,42,2021-10-22
pa,2021-04-26,271,42,2021-10-22
pa,2021-04-27,290,42,2021-10-22
pa,2021-04-28,271,42,2021-10-22
pa,2021-04-29,304,42,2021-10-22
pa,2021-04-30,243,42,2021-10-22
pa,2021-05-01,224,42,2021-10-22
pa,2021-05-02,287,42,2021-10-22
pa,2021-05-03,240,42,2021-10-22
pa,2021-05-04,283,42,2021-10-22
pa,2021-05-05,244,42,2021-10-22
pa,2021-05-06,238,42,2021-10-22
pa,2021-05-07,223,42,2021-10-22
pa,2021-05-08,187,42,2021-10-22
pa,2021-05-09,190,42,2021-10-22
pa,2021-05-10,222,42,2021-10-22
pa,2021-05-11,187,42,2021-10-22
pa,2021-05-12,188,42,2021-10-22
pa,2021-05-13,204,42,2021-10-22
pa,2021-05-14,165,42,2021-10-22
pa,2021-05-15,143,42,2021-10-22
pa,2021-05-16,152,42,2021-10-22
pa,2021-05-17,192,42,2021-10-22
pa,2021-05-18,177,42,2021-10-22
pa,2021-05-19,167,42,2021-10-22
pa,2021-05-20,159,42,2021-10-22
pa,2021-05-21,142,42,2021-10-22
pa,2021-05-22,136,42,2021-10-22
pa,2021-05-23,131,42,2021-10-22
pa,2021-05-24,156,42,2021-10-22
pa,2021-05-25,167,42,2021-10-22
pa,2021-05-26,168,42,2021-10-22
pa,2021-05-27,145,42,2021-10-22
pa,2021-05-28,119,42,2021-10-22
pa,2021-05-29,102,42,2021-10-22
pa,2021-05-30,94,42,2021-10-22
pa,2021-05-31,90,42,2021-10-22
pa,2021-06-01,104,42,2021-10-22
pa,2021-06-02,102,42,2021-10-22
pa,2021-06-03,103,42,2021-10-22
pa,2021-06-04,89,42,2021-10-22
pa,2021-06-05,84,42,2021-10-22
pa,2021-06-06,74,42,2021-10-22
pa,2021-06-07,83,42,2021-10-22
pa,2021-06-08,79,42,2021-10-22
pa,2021-06-09,72,42,2021-10-22
pa,2021-06-10,87,42,2021-10-22
pa,2021-06-11,59,42,2021-10-22
pa,2021-06-12,68,42,2021-10-22
pa,2021-06-13,46,42,2021-10-22
pa,2021-06-14,60,42,2021-10-22
pa,2021-06-15,57,42,2021-10-22
pa,2021-06-16,53,42,2021-10-22
pa,2021-06-17,51,42,2021-10-22
pa,2021-06-18,33,42,2021-10-22
pa,2021-06-19,30,42,2021-10-22
pa,2021-06-20,27,42,2021-10-22
pa,2021-06-21,49,42,2021-10-22
pa,2021-06-22,60,42,2021-10-22
pa,2021-06-23,43,42,2021-10-22
pa,2021-06-24,51,42,2021-10-22
pa,2021-06-25,48,42,2021-10-22
pa,2021-06-26,34,42,2021-10-22
pa,2021-06-27,40,42,2021-10-22
pa,2021-06-28,38,42,2021-10-22
pa,2021-06-29,40,42,2021-10-22
pa,2021-06-30,40,42,2021-10-22
pa,2021-07-01,41,42,2021-10-22
pa,2021-07-02,42,42,2021-10-22
pa,2021-07-03,36,42,2021-10-22
pa,2021-07-04,37,42,2021-10-22
pa,2021-07-05,36,42,2021-10-22
pa,2021-07-06,46,42,2021-10-22
pa,2021-07-07,33,42,2021-10-22
pa,2021-07-08,40,42,2021-10-22
pa,2021-07-09,28,42,2021-10-22
pa,2021-07-10,22,42,2021-10-22
pa,2021-07-11,23,42,2021-10-22
pa,2021-07-12,24,42,2021-10-22
pa,2021-07-13,37,42,2021-10-22
pa,2021-07-14,33,42,2021-10-22
pa,2021-07-15,55,42,2021-10-22
pa,2021-07-16,50,42,2021-10-22
pa,2021-07-17,24,42,2021-10-22
pa,2021-07-18,40,42,2021-10-22
pa,2021-07-19,43,42,2021-10-22
pa,2021-07-20,69,42,2021-10-22
pa,2021-07-21,74,42,2021-10-22
pa,2021-07-22,49,42,2021-10-22
pa,2021-07-23,41,42,2021-10-22
pa,2021-07-24,66,42,2021-10-22
pa,2021-07-25,63,42,2021-10-22
pa,2021-07-26,67,42,2021-10-22
pa,2021-07-27,77,42,2021-10-22
pa,2021-07-28,75,42,2021-10-22
pa,2021-07-29,78,42,2021-10-22
pa,2021-07-30,81,42,2021-10-22
pa,2021-07-31,74,42,2021-10-22
pa,2021-08-01,99,42,2021-10-22
pa,2021-08-02,94,42,2021-10-22
pa,2021-08-03,72,42,2021-10-22
pa,2021-08-04,110,42,2021-10-22
pa,2021-08-05,126,42,2021-10-22
pa,2021-08-06,120,42,2021-10-22
pa,2021-08-07,120,42,2021-10-22
pa,2021-08-08,108,42,2021-10-22
pa,2021-08-09,146,42,2021-10-22
pa,2021-08-10,155,42,2021-10-22
pa,2021-08-11,168,42,2021-10-22
pa,2021-08-12,160,42,2021-10-22
pa,2021-08-13,145,42,2021-10-22
pa,2021-08-14,134,42,2021-10-22
pa,2021-08-15,167,42,2021-10-22
pa,2021-08-16,199,42,2021-10-22
pa,2021-08-17,195,42,2021-10-22
pa,2021-08-18,169,42,2021-10-22
pa,2021-08-19,175,42,2021-10-22
pa,2021-08-20,196,42,2021-10-22
pa,2021-08-21,183,42,2021-10-22
pa,2021-08-22,184,42,2021-10-22
pa,2021-08-23,224,42,2021-10-22
pa,2021-08-24,231,42,2021-10-22
pa,2021-08-25,250,42,2021-10-22
pa,2021-08-26,245,42,2021-10-22
pa,2021-08-27,223,42,2021-10-22
pa,2021-08-28,203,42,2021-10-22
pa,2021-08-29,201,42,2021-10-22
pa,2021-08-30,236,42,2021-10-22
pa,2021-08-31,246,42,2021-10-22
pa,2021-09-01,239,42,2021-10-22
pa,2021-09-02,262,42,2021-10-22
pa,2021-09-03,239,42,2021-10-22
pa,2021-09-04,238,42,2021-10-22
pa,2021-09-05,254,42,2021-10-22
pa,2021-09-06,217,42,2021-10-22
pa,2021-09-07,267,42,2021-10-22
pa,2021-09-08,263,42,2021-10-22
pa,2021-09-09,306,42,2021-10-22
pa,2021-09-10,271,42,2021-10-22
pa,2021-09-11,248,42,2021-10-22
pa,2021-09-12,291,42,2021-10-22
pa,2021-09-13,293,42,2021-10-22
pa,2021-09-14,310,42,2021-10-22
pa,2021-09-15,281,42,2021-10-22
pa,2021-09-16,290,42,2021-10-22
pa,2021-09-17,312,42,2021-10-22
pa,2021-09-18,259,42,2021-10-22
pa,2021-09-19,263,42,2021-10-22
pa,2021-09-20,336,42,2021-10-22
pa,2021-09-21,326,42,2021-10-22
pa,2021-09-22,328,42,2021-10-22
pa,2021-09-23,355,42,2021-10-22
pa,2021-09-24,338,42,2021-10-22
pa,2021-09-25,270,42,2021-10-22
pa,2021-09-26,274,42,2021-10-22
pa,2021-09-27,351,42,2021-10-22
pa,2021-09-28,359,42,2021-10-22
pa,2021-09-29,320,42,2021-10-22
pa,2021-09-30,351,42,2021-10-22
pa,2021-10-01,320,42,2021-10-22
pa,2021-10-02,315,42,2021-10-22
pa,2021-10-03,297,42,2021-10-22
pa,2021-10-04,336,42,2021-10-22
pa,2021-10-05,359,42,2021-10-22
pa,2021-10-06,361,42,2021-10-22
pa,2021-10-07,345,42,2021-10-22
pa,2021-10-08,369,42,2021-10-22
pa,2021-10-09,308,42,2021-10-22
pa,2021-10-10,343,42,2021-10-22
pa,2021-10-11,363,42,2021-10-22
pa,2021-10-12,382,42,2021-10-22
pa,2021-10-13,362,42,2021-10-22
pa,2021-10-14,365,42,2021-10-22
pa,2021-10-15,358,42,2021-10-22
pa,2021-10-16,311,42,2021-10-22
pa,2021-10-17,333,42,2021-10-22
pa,2021-10-18,357,42,2021-10-22
pa,2021-10-19,345,42,2021-10-22
pa,2021-10-20,349,42,2021-10-22
pa,2021-10-21,349,42,2021-10-22
ri,2020-03-02,NA,44,2021-10-22
ri,2020-03-03,NA,44,2021-10-22
ri,2020-03-04,NA,44,2021-10-22
ri,2020-03-05,NA,44,2021-10-22
ri,2020-03-06,NA,44,2021-10-22
ri,2020-03-07,NA,44,2021-10-22
ri,2020-03-08,NA,44,2021-10-22
ri,2020-03-09,NA,44,2021-10-22
ri,2020-03-10,NA,44,2021-10-22
ri,2020-03-11,NA,44,2021-10-22
ri,2020-03-12,NA,44,2021-10-22
ri,2020-03-13,NA,44,2021-10-22
ri,2020-03-14,NA,44,2021-10-22
ri,2020-03-15,NA,44,2021-10-22
ri,2020-03-16,NA,44,2021-10-22
ri,2020-03-17,NA,44,2021-10-22
ri,2020-03-18,NA,44,2021-10-22
ri,2020-03-19,NA,44,2021-10-22
ri,2020-03-20,NA,44,2021-10-22
ri,2020-03-21,NA,44,2021-10-22
ri,2020-03-22,NA,44,2021-10-22
ri,2020-03-23,NA,44,2021-10-22
ri,2020-03-24,NA,44,2021-10-22
ri,2020-03-25,0,44,2021-10-22
ri,2020-03-26,0,44,2021-10-22
ri,2020-03-27,0,44,2021-10-22
ri,2020-03-28,0,44,2021-10-22
ri,2020-03-29,0,44,2021-10-22
ri,2020-03-30,0,44,2021-10-22
ri,2020-03-31,0,44,2021-10-22
ri,2020-04-01,0,44,2021-10-22
ri,2020-04-02,0,44,2021-10-22
ri,2020-04-03,NA,44,2021-10-22
ri,2020-04-04,NA,44,2021-10-22
ri,2020-04-05,NA,44,2021-10-22
ri,2020-04-06,NA,44,2021-10-22
ri,2020-04-07,NA,44,2021-10-22
ri,2020-04-08,NA,44,2021-10-22
ri,2020-04-09,0,44,2021-10-22
ri,2020-04-10,0,44,2021-10-22
ri,2020-04-11,0,44,2021-10-22
ri,2020-04-12,0,44,2021-10-22
ri,2020-04-13,0,44,2021-10-22
ri,2020-04-14,0,44,2021-10-22
ri,2020-04-15,0,44,2021-10-22
ri,2020-04-16,0,44,2021-10-22
ri,2020-04-17,0,44,2021-10-22
ri,2020-04-18,0,44,2021-10-22
ri,2020-04-19,0,44,2021-10-22
ri,2020-04-20,0,44,2021-10-22
ri,2020-04-21,0,44,2021-10-22
ri,2020-04-22,0,44,2021-10-22
ri,2020-04-23,0,44,2021-10-22
ri,2020-04-24,0,44,2021-10-22
ri,2020-04-25,0,44,2021-10-22
ri,2020-04-26,0,44,2021-10-22
ri,2020-04-27,0,44,2021-10-22
ri,2020-04-28,0,44,2021-10-22
ri,2020-04-29,0,44,2021-10-22
ri,2020-04-30,0,44,2021-10-22
ri,2020-05-01,0,44,2021-10-22
ri,2020-05-02,0,44,2021-10-22
ri,2020-05-03,0,44,2021-10-22
ri,2020-05-04,0,44,2021-10-22
ri,2020-05-05,0,44,2021-10-22
ri,2020-05-06,0,44,2021-10-22
ri,2020-05-07,0,44,2021-10-22
ri,2020-05-08,0,44,2021-10-22
ri,2020-05-09,0,44,2021-10-22
ri,2020-05-10,0,44,2021-10-22
ri,2020-05-11,0,44,2021-10-22
ri,2020-05-12,0,44,2021-10-22
ri,2020-05-13,0,44,2021-10-22
ri,2020-05-14,0,44,2021-10-22
ri,2020-05-15,0,44,2021-10-22
ri,2020-05-16,0,44,2021-10-22
ri,2020-05-17,0,44,2021-10-22
ri,2020-05-18,0,44,2021-10-22
ri,2020-05-19,0,44,2021-10-22
ri,2020-05-20,0,44,2021-10-22
ri,2020-05-21,0,44,2021-10-22
ri,2020-05-22,0,44,2021-10-22
ri,2020-05-23,0,44,2021-10-22
ri,2020-05-24,0,44,2021-10-22
ri,2020-05-25,0,44,2021-10-22
ri,2020-05-26,0,44,2021-10-22
ri,2020-05-27,0,44,2021-10-22
ri,2020-05-28,0,44,2021-10-22
ri,2020-05-29,0,44,2021-10-22
ri,2020-05-30,0,44,2021-10-22
ri,2020-05-31,0,44,2021-10-22
ri,2020-06-01,0,44,2021-10-22
ri,2020-06-02,0,44,2021-10-22
ri,2020-06-03,0,44,2021-10-22
ri,2020-06-04,0,44,2021-10-22
ri,2020-06-05,0,44,2021-10-22
ri,2020-06-06,0,44,2021-10-22
ri,2020-06-07,0,44,2021-10-22
ri,2020-06-08,0,44,2021-10-22
ri,2020-06-09,0,44,2021-10-22
ri,2020-06-10,0,44,2021-10-22
ri,2020-06-11,0,44,2021-10-22
ri,2020-06-12,0,44,2021-10-22
ri,2020-06-13,NA,44,2021-10-22
ri,2020-06-14,0,44,2021-10-22
ri,2020-06-15,0,44,2021-10-22
ri,2020-06-16,0,44,2021-10-22
ri,2020-06-17,0,44,2021-10-22
ri,2020-06-18,0,44,2021-10-22
ri,2020-06-19,0,44,2021-10-22
ri,2020-06-20,0,44,2021-10-22
ri,2020-06-21,0,44,2021-10-22
ri,2020-06-22,0,44,2021-10-22
ri,2020-06-23,0,44,2021-10-22
ri,2020-06-24,0,44,2021-10-22
ri,2020-06-25,0,44,2021-10-22
ri,2020-06-26,0,44,2021-10-22
ri,2020-06-27,0,44,2021-10-22
ri,2020-06-28,0,44,2021-10-22
ri,2020-06-29,0,44,2021-10-22
ri,2020-06-30,0,44,2021-10-22
ri,2020-07-01,0,44,2021-10-22
ri,2020-07-02,0,44,2021-10-22
ri,2020-07-03,0,44,2021-10-22
ri,2020-07-04,0,44,2021-10-22
ri,2020-07-05,0,44,2021-10-22
ri,2020-07-06,0,44,2021-10-22
ri,2020-07-07,0,44,2021-10-22
ri,2020-07-08,0,44,2021-10-22
ri,2020-07-09,0,44,2021-10-22
ri,2020-07-10,0,44,2021-10-22
ri,2020-07-11,0,44,2021-10-22
ri,2020-07-12,0,44,2021-10-22
ri,2020-07-13,0,44,2021-10-22
ri,2020-07-14,0,44,2021-10-22
ri,2020-07-15,1,44,2021-10-22
ri,2020-07-16,1,44,2021-10-22
ri,2020-07-17,6,44,2021-10-22
ri,2020-07-18,0,44,2021-10-22
ri,2020-07-19,3,44,2021-10-22
ri,2020-07-20,5,44,2021-10-22
ri,2020-07-21,4,44,2021-10-22
ri,2020-07-22,8,44,2021-10-22
ri,2020-07-23,7,44,2021-10-22
ri,2020-07-24,10,44,2021-10-22
ri,2020-07-25,9,44,2021-10-22
ri,2020-07-26,13,44,2021-10-22
ri,2020-07-27,17,44,2021-10-22
ri,2020-07-28,3,44,2021-10-22
ri,2020-07-29,6,44,2021-10-22
ri,2020-07-30,7,44,2021-10-22
ri,2020-07-31,5,44,2021-10-22
ri,2020-08-01,3,44,2021-10-22
ri,2020-08-02,6,44,2021-10-22
ri,2020-08-03,6,44,2021-10-22
ri,2020-08-04,6,44,2021-10-22
ri,2020-08-05,7,44,2021-10-22
ri,2020-08-06,5,44,2021-10-22
ri,2020-08-07,11,44,2021-10-22
ri,2020-08-08,16,44,2021-10-22
ri,2020-08-09,4,44,2021-10-22
ri,2020-08-10,7,44,2021-10-22
ri,2020-08-11,3,44,2021-10-22
ri,2020-08-12,6,44,2021-10-22
ri,2020-08-13,10,44,2021-10-22
ri,2020-08-14,10,44,2021-10-22
ri,2020-08-15,4,44,2021-10-22
ri,2020-08-16,4,44,2021-10-22
ri,2020-08-17,6,44,2021-10-22
ri,2020-08-18,10,44,2021-10-22
ri,2020-08-19,3,44,2021-10-22
ri,2020-08-20,8,44,2021-10-22
ri,2020-08-21,5,44,2021-10-22
ri,2020-08-22,7,44,2021-10-22
ri,2020-08-23,5,44,2021-10-22
ri,2020-08-24,5,44,2021-10-22
ri,2020-08-25,3,44,2021-10-22
ri,2020-08-26,1,44,2021-10-22
ri,2020-08-27,0,44,2021-10-22
ri,2020-08-28,5,44,2021-10-22
ri,2020-08-29,4,44,2021-10-22
ri,2020-08-30,2,44,2021-10-22
ri,2020-08-31,5,44,2021-10-22
ri,2020-09-01,2,44,2021-10-22
ri,2020-09-02,6,44,2021-10-22
ri,2020-09-03,3,44,2021-10-22
ri,2020-09-04,2,44,2021-10-22
ri,2020-09-05,2,44,2021-10-22
ri,2020-09-06,0,44,2021-10-22
ri,2020-09-07,2,44,2021-10-22
ri,2020-09-08,4,44,2021-10-22
ri,2020-09-09,5,44,2021-10-22
ri,2020-09-10,3,44,2021-10-22
ri,2020-09-11,10,44,2021-10-22
ri,2020-09-12,2,44,2021-10-22
ri,2020-09-13,2,44,2021-10-22
ri,2020-09-14,4,44,2021-10-22
ri,2020-09-15,1,44,2021-10-22
ri,2020-09-16,4,44,2021-10-22
ri,2020-09-17,5,44,2021-10-22
ri,2020-09-18,3,44,2021-10-22
ri,2020-09-19,4,44,2021-10-22
ri,2020-09-20,5,44,2021-10-22
ri,2020-09-21,9,44,2021-10-22
ri,2020-09-22,6,44,2021-10-22
ri,2020-09-23,6,44,2021-10-22
ri,2020-09-24,5,44,2021-10-22
ri,2020-09-25,5,44,2021-10-22
ri,2020-09-26,4,44,2021-10-22
ri,2020-09-27,3,44,2021-10-22
ri,2020-09-28,3,44,2021-10-22
ri,2020-09-29,5,44,2021-10-22
ri,2020-09-30,6,44,2021-10-22
ri,2020-10-01,11,44,2021-10-22
ri,2020-10-02,3,44,2021-10-22
ri,2020-10-03,3,44,2021-10-22
ri,2020-10-04,5,44,2021-10-22
ri,2020-10-05,13,44,2021-10-22
ri,2020-10-06,5,44,2021-10-22
ri,2020-10-07,4,44,2021-10-22
ri,2020-10-08,13,44,2021-10-22
ri,2020-10-09,6,44,2021-10-22
ri,2020-10-10,10,44,2021-10-22
ri,2020-10-11,3,44,2021-10-22
ri,2020-10-12,9,44,2021-10-22
ri,2020-10-13,6,44,2021-10-22
ri,2020-10-14,9,44,2021-10-22
ri,2020-10-15,4,44,2021-10-22
ri,2020-10-16,6,44,2021-10-22
ri,2020-10-17,11,44,2021-10-22
ri,2020-10-18,9,44,2021-10-22
ri,2020-10-19,10,44,2021-10-22
ri,2020-10-20,14,44,2021-10-22
ri,2020-10-21,8,44,2021-10-22
ri,2020-10-22,19,44,2021-10-22
ri,2020-10-23,8,44,2021-10-22
ri,2020-10-24,4,44,2021-10-22
ri,2020-10-25,6,44,2021-10-22
ri,2020-10-26,13,44,2021-10-22
ri,2020-10-27,18,44,2021-10-22
ri,2020-10-28,11,44,2021-10-22
ri,2020-10-29,11,44,2021-10-22
ri,2020-10-30,7,44,2021-10-22
ri,2020-10-31,8,44,2021-10-22
ri,2020-11-01,6,44,2021-10-22
ri,2020-11-02,16,44,2021-10-22
ri,2020-11-03,18,44,2021-10-22
ri,2020-11-04,11,44,2021-10-22
ri,2020-11-05,27,44,2021-10-22
ri,2020-11-06,20,44,2021-10-22
ri,2020-11-07,20,44,2021-10-22
ri,2020-11-08,13,44,2021-10-22
ri,2020-11-09,21,44,2021-10-22
ri,2020-11-10,18,44,2021-10-22
ri,2020-11-11,16,44,2021-10-22
ri,2020-11-12,15,44,2021-10-22
ri,2020-11-13,14,44,2021-10-22
ri,2020-11-14,15,44,2021-10-22
ri,2020-11-15,21,44,2021-10-22
ri,2020-11-16,29,44,2021-10-22
ri,2020-11-17,36,44,2021-10-22
ri,2020-11-18,22,44,2021-10-22
ri,2020-11-19,25,44,2021-10-22
ri,2020-11-20,30,44,2021-10-22
ri,2020-11-21,16,44,2021-10-22
ri,2020-11-22,20,44,2021-10-22
ri,2020-11-23,36,44,2021-10-22
ri,2020-11-24,26,44,2021-10-22
ri,2020-11-25,36,44,2021-10-22
ri,2020-11-26,23,44,2021-10-22
ri,2020-11-27,36,44,2021-10-22
ri,2020-11-28,32,44,2021-10-22
ri,2020-11-29,38,44,2021-10-22
ri,2020-11-30,45,44,2021-10-22
ri,2020-12-01,27,44,2021-10-22
ri,2020-12-02,33,44,2021-10-22
ri,2020-12-03,39,44,2021-10-22
ri,2020-12-04,38,44,2021-10-22
ri,2020-12-05,32,44,2021-10-22
ri,2020-12-06,32,44,2021-10-22
ri,2020-12-07,46,44,2021-10-22
ri,2020-12-08,51,44,2021-10-22
ri,2020-12-09,35,44,2021-10-22
ri,2020-12-10,35,44,2021-10-22
ri,2020-12-11,45,44,2021-10-22
ri,2020-12-12,27,44,2021-10-22
ri,2020-12-13,37,44,2021-10-22
ri,2020-12-14,56,44,2021-10-22
ri,2020-12-15,41,44,2021-10-22
ri,2020-12-16,31,44,2021-10-22
ri,2020-12-17,30,44,2021-10-22
ri,2020-12-18,26,44,2021-10-22
ri,2020-12-19,28,44,2021-10-22
ri,2020-12-20,36,44,2021-10-22
ri,2020-12-21,31,44,2021-10-22
ri,2020-12-22,38,44,2021-10-22
ri,2020-12-23,38,44,2021-10-22
ri,2020-12-24,33,44,2021-10-22
ri,2020-12-25,21,44,2021-10-22
ri,2020-12-26,26,44,2021-10-22
ri,2020-12-27,19,44,2021-10-22
ri,2020-12-28,42,44,2021-10-22
ri,2020-12-29,27,44,2021-10-22
ri,2020-12-30,41,44,2021-10-22
ri,2020-12-31,31,44,2021-10-22
ri,2021-01-01,28,44,2021-10-22
ri,2021-01-02,26,44,2021-10-22
ri,2021-01-03,23,44,2021-10-22
ri,2021-01-04,38,44,2021-10-22
ri,2021-01-05,40,44,2021-10-22
ri,2021-01-06,29,44,2021-10-22
ri,2021-01-07,34,44,2021-10-22
ri,2021-01-08,32,44,2021-10-22
ri,2021-01-09,33,44,2021-10-22
ri,2021-01-10,28,44,2021-10-22
ri,2021-01-11,39,44,2021-10-22
ri,2021-01-12,35,44,2021-10-22
ri,2021-01-13,37,44,2021-10-22
ri,2021-01-14,32,44,2021-10-22
ri,2021-01-15,43,44,2021-10-22
ri,2021-01-16,23,44,2021-10-22
ri,2021-01-17,24,44,2021-10-22
ri,2021-01-18,29,44,2021-10-22
ri,2021-01-19,34,44,2021-10-22
ri,2021-01-20,33,44,2021-10-22
ri,2021-01-21,25,44,2021-10-22
ri,2021-01-22,39,44,2021-10-22
ri,2021-01-23,29,44,2021-10-22
ri,2021-01-24,33,44,2021-10-22
ri,2021-01-25,26,44,2021-10-22
ri,2021-01-26,32,44,2021-10-22
ri,2021-01-27,27,44,2021-10-22
ri,2021-01-28,21,44,2021-10-22
ri,2021-01-29,30,44,2021-10-22
ri,2021-01-30,13,44,2021-10-22
ri,2021-01-31,24,44,2021-10-22
ri,2021-02-01,26,44,2021-10-22
ri,2021-02-02,28,44,2021-10-22
ri,2021-02-03,33,44,2021-10-22
ri,2021-02-04,21,44,2021-10-22
ri,2021-02-05,13,44,2021-10-22
ri,2021-02-06,7,44,2021-10-22
ri,2021-02-07,14,44,2021-10-22
ri,2021-02-08,17,44,2021-10-22
ri,2021-02-09,19,44,2021-10-22
ri,2021-02-10,16,44,2021-10-22
ri,2021-02-11,27,44,2021-10-22
ri,2021-02-12,12,44,2021-10-22
ri,2021-02-13,8,44,2021-10-22
ri,2021-02-14,8,44,2021-10-22
ri,2021-02-15,23,44,2021-10-22
ri,2021-02-16,18,44,2021-10-22
ri,2021-02-17,14,44,2021-10-22
ri,2021-02-18,12,44,2021-10-22
ri,2021-02-19,14,44,2021-10-22
ri,2021-02-20,21,44,2021-10-22
ri,2021-02-21,4,44,2021-10-22
ri,2021-02-22,8,44,2021-10-22
ri,2021-02-23,18,44,2021-10-22
ri,2021-02-24,19,44,2021-10-22
ri,2021-02-25,14,44,2021-10-22
ri,2021-02-26,11,44,2021-10-22
ri,2021-02-27,5,44,2021-10-22
ri,2021-02-28,5,44,2021-10-22
ri,2021-03-01,13,44,2021-10-22
ri,2021-03-02,17,44,2021-10-22
ri,2021-03-03,8,44,2021-10-22
ri,2021-03-04,16,44,2021-10-22
ri,2021-03-05,16,44,2021-10-22
ri,2021-03-06,11,44,2021-10-22
ri,2021-03-07,10,44,2021-10-22
ri,2021-03-08,22,44,2021-10-22
ri,2021-03-09,16,44,2021-10-22
ri,2021-03-10,11,44,2021-10-22
ri,2021-03-11,14,44,2021-10-22
ri,2021-03-12,12,44,2021-10-22
ri,2021-03-13,6,44,2021-10-22
ri,2021-03-14,7,44,2021-10-22
ri,2021-03-15,9,44,2021-10-22
ri,2021-03-16,15,44,2021-10-22
ri,2021-03-17,12,44,2021-10-22
ri,2021-03-18,6,44,2021-10-22
ri,2021-03-19,7,44,2021-10-22
ri,2021-03-20,12,44,2021-10-22
ri,2021-03-21,5,44,2021-10-22
ri,2021-03-22,5,44,2021-10-22
ri,2021-03-23,9,44,2021-10-22
ri,2021-03-24,13,44,2021-10-22
ri,2021-03-25,14,44,2021-10-22
ri,2021-03-26,9,44,2021-10-22
ri,2021-03-27,9,44,2021-10-22
ri,2021-03-28,4,44,2021-10-22
ri,2021-03-29,16,44,2021-10-22
ri,2021-03-30,13,44,2021-10-22
ri,2021-03-31,15,44,2021-10-22
ri,2021-04-01,15,44,2021-10-22
ri,2021-04-02,12,44,2021-10-22
ri,2021-04-03,11,44,2021-10-22
ri,2021-04-04,7,44,2021-10-22
ri,2021-04-05,18,44,2021-10-22
ri,2021-04-06,14,44,2021-10-22
ri,2021-04-07,11,44,2021-10-22
ri,2021-04-08,14,44,2021-10-22
ri,2021-04-09,5,44,2021-10-22
ri,2021-04-10,5,44,2021-10-22
ri,2021-04-11,5,44,2021-10-22
ri,2021-04-12,14,44,2021-10-22
ri,2021-04-13,14,44,2021-10-22
ri,2021-04-14,13,44,2021-10-22
ri,2021-04-15,12,44,2021-10-22
ri,2021-04-16,16,44,2021-10-22
ri,2021-04-17,14,44,2021-10-22
ri,2021-04-18,11,44,2021-10-22
ri,2021-04-19,17,44,2021-10-22
ri,2021-04-20,10,44,2021-10-22
ri,2021-04-21,11,44,2021-10-22
ri,2021-04-22,9,44,2021-10-22
ri,2021-04-23,10,44,2021-10-22
ri,2021-04-24,6,44,2021-10-22
ri,2021-04-25,16,44,2021-10-22
ri,2021-04-26,14,44,2021-10-22
ri,2021-04-27,8,44,2021-10-22
ri,2021-04-28,16,44,2021-10-22
ri,2021-04-29,9,44,2021-10-22
ri,2021-04-30,9,44,2021-10-22
ri,2021-05-01,6,44,2021-10-22
ri,2021-05-02,3,44,2021-10-22
ri,2021-05-03,10,44,2021-10-22
ri,2021-05-04,4,44,2021-10-22
ri,2021-05-05,11,44,2021-10-22
ri,2021-05-06,11,44,2021-10-22
ri,2021-05-07,5,44,2021-10-22
ri,2021-05-08,2,44,2021-10-22
ri,2021-05-09,4,44,2021-10-22
ri,2021-05-10,10,44,2021-10-22
ri,2021-05-11,5,44,2021-10-22
ri,2021-05-12,11,44,2021-10-22
ri,2021-05-13,10,44,2021-10-22
ri,2021-05-14,4,44,2021-10-22
ri,2021-05-15,1,44,2021-10-22
ri,2021-05-16,0,44,2021-10-22
ri,2021-05-17,6,44,2021-10-22
ri,2021-05-18,6,44,2021-10-22
ri,2021-05-19,4,44,2021-10-22
ri,2021-05-20,9,44,2021-10-22
ri,2021-05-21,6,44,2021-10-22
ri,2021-05-22,2,44,2021-10-22
ri,2021-05-23,4,44,2021-10-22
ri,2021-05-24,4,44,2021-10-22
ri,2021-05-25,3,44,2021-10-22
ri,2021-05-26,6,44,2021-10-22
ri,2021-05-27,5,44,2021-10-22
ri,2021-05-28,4,44,2021-10-22
ri,2021-05-29,0,44,2021-10-22
ri,2021-05-30,3,44,2021-10-22
ri,2021-05-31,5,44,2021-10-22
ri,2021-06-01,2,44,2021-10-22
ri,2021-06-02,4,44,2021-10-22
ri,2021-06-03,1,44,2021-10-22
ri,2021-06-04,1,44,2021-10-22
ri,2021-06-05,1,44,2021-10-22
ri,2021-06-06,3,44,2021-10-22
ri,2021-06-07,2,44,2021-10-22
ri,2021-06-08,1,44,2021-10-22
ri,2021-06-09,4,44,2021-10-22
ri,2021-06-10,4,44,2021-10-22
ri,2021-06-11,4,44,2021-10-22
ri,2021-06-12,2,44,2021-10-22
ri,2021-06-13,0,44,2021-10-22
ri,2021-06-14,1,44,2021-10-22
ri,2021-06-15,3,44,2021-10-22
ri,2021-06-16,4,44,2021-10-22
ri,2021-06-17,5,44,2021-10-22
ri,2021-06-18,0,44,2021-10-22
ri,2021-06-19,2,44,2021-10-22
ri,2021-06-20,0,44,2021-10-22
ri,2021-06-21,0,44,2021-10-22
ri,2021-06-22,0,44,2021-10-22
ri,2021-06-23,0,44,2021-10-22
ri,2021-06-24,2,44,2021-10-22
ri,2021-06-25,0,44,2021-10-22
ri,2021-06-26,0,44,2021-10-22
ri,2021-06-27,2,44,2021-10-22
ri,2021-06-28,2,44,2021-10-22
ri,2021-06-29,2,44,2021-10-22
ri,2021-06-30,1,44,2021-10-22
ri,2021-07-01,1,44,2021-10-22
ri,2021-07-02,2,44,2021-10-22
ri,2021-07-03,0,44,2021-10-22
ri,2021-07-04,0,44,2021-10-22
ri,2021-07-05,2,44,2021-10-22
ri,2021-07-06,1,44,2021-10-22
ri,2021-07-07,6,44,2021-10-22
ri,2021-07-08,3,44,2021-10-22
ri,2021-07-09,0,44,2021-10-22
ri,2021-07-10,0,44,2021-10-22
ri,2021-07-11,1,44,2021-10-22
ri,2021-07-12,0,44,2021-10-22
ri,2021-07-13,3,44,2021-10-22
ri,2021-07-14,0,44,2021-10-22
ri,2021-07-15,4,44,2021-10-22
ri,2021-07-16,0,44,2021-10-22
ri,2021-07-17,1,44,2021-10-22
ri,2021-07-18,2,44,2021-10-22
ri,2021-07-19,0,44,2021-10-22
ri,2021-07-20,1,44,2021-10-22
ri,2021-07-21,2,44,2021-10-22
ri,2021-07-22,5,44,2021-10-22
ri,2021-07-23,3,44,2021-10-22
ri,2021-07-24,2,44,2021-10-22
ri,2021-07-25,2,44,2021-10-22
ri,2021-07-26,5,44,2021-10-22
ri,2021-07-27,3,44,2021-10-22
ri,2021-07-28,4,44,2021-10-22
ri,2021-07-29,2,44,2021-10-22
ri,2021-07-30,1,44,2021-10-22
ri,2021-07-31,1,44,2021-10-22
ri,2021-08-01,4,44,2021-10-22
ri,2021-08-02,6,44,2021-10-22
ri,2021-08-03,4,44,2021-10-22
ri,2021-08-04,7,44,2021-10-22
ri,2021-08-05,6,44,2021-10-22
ri,2021-08-06,10,44,2021-10-22
ri,2021-08-07,6,44,2021-10-22
ri,2021-08-08,9,44,2021-10-22
ri,2021-08-09,18,44,2021-10-22
ri,2021-08-10,11,44,2021-10-22
ri,2021-08-11,9,44,2021-10-22
ri,2021-08-12,6,44,2021-10-22
ri,2021-08-13,17,44,2021-10-22
ri,2021-08-14,21,44,2021-10-22
ri,2021-08-15,9,44,2021-10-22
ri,2021-08-16,13,44,2021-10-22
ri,2021-08-17,11,44,2021-10-22
ri,2021-08-18,14,44,2021-10-22
ri,2021-08-19,16,44,2021-10-22
ri,2021-08-20,13,44,2021-10-22
ri,2021-08-21,13,44,2021-10-22
ri,2021-08-22,10,44,2021-10-22
ri,2021-08-23,10,44,2021-10-22
ri,2021-08-24,9,44,2021-10-22
ri,2021-08-25,12,44,2021-10-22
ri,2021-08-26,15,44,2021-10-22
ri,2021-08-27,11,44,2021-10-22
ri,2021-08-28,13,44,2021-10-22
ri,2021-08-29,10,44,2021-10-22
ri,2021-08-30,13,44,2021-10-22
ri,2021-08-31,17,44,2021-10-22
ri,2021-09-01,12,44,2021-10-22
ri,2021-09-02,17,44,2021-10-22
ri,2021-09-03,18,44,2021-10-22
ri,2021-09-04,9,44,2021-10-22
ri,2021-09-05,6,44,2021-10-22
ri,2021-09-06,6,44,2021-10-22
ri,2021-09-07,13,44,2021-10-22
ri,2021-09-08,8,44,2021-10-22
ri,2021-09-09,13,44,2021-10-22
ri,2021-09-10,8,44,2021-10-22
ri,2021-09-11,6,44,2021-10-22
ri,2021-09-12,13,44,2021-10-22
ri,2021-09-13,15,44,2021-10-22
ri,2021-09-14,14,44,2021-10-22
ri,2021-09-15,13,44,2021-10-22
ri,2021-09-16,4,44,2021-10-22
ri,2021-09-17,13,44,2021-10-22
ri,2021-09-18,11,44,2021-10-22
ri,2021-09-19,9,44,2021-10-22
ri,2021-09-20,18,44,2021-10-22
ri,2021-09-21,13,44,2021-10-22
ri,2021-09-22,11,44,2021-10-22
ri,2021-09-23,13,44,2021-10-22
ri,2021-09-24,13,44,2021-10-22
ri,2021-09-25,15,44,2021-10-22
ri,2021-09-26,9,44,2021-10-22
ri,2021-09-27,4,44,2021-10-22
ri,2021-09-28,13,44,2021-10-22
ri,2021-09-29,5,44,2021-10-22
ri,2021-09-30,15,44,2021-10-22
ri,2021-10-01,11,44,2021-10-22
ri,2021-10-02,5,44,2021-10-22
ri,2021-10-03,3,44,2021-10-22
ri,2021-10-04,14,44,2021-10-22
ri,2021-10-05,14,44,2021-10-22
ri,2021-10-06,7,44,2021-10-22
ri,2021-10-07,7,44,2021-10-22
ri,2021-10-08,8,44,2021-10-22
ri,2021-10-09,6,44,2021-10-22
ri,2021-10-10,6,44,2021-10-22
ri,2021-10-11,6,44,2021-10-22
ri,2021-10-12,12,44,2021-10-22
ri,2021-10-13,7,44,2021-10-22
ri,2021-10-14,13,44,2021-10-22
ri,2021-10-15,5,44,2021-10-22
ri,2021-10-16,3,44,2021-10-22
ri,2021-10-17,13,44,2021-10-22
ri,2021-10-18,12,44,2021-10-22
ri,2021-10-19,4,44,2021-10-22
ri,2021-10-20,9,44,2021-10-22
ri,2021-10-21,9,44,2021-10-22
sc,2020-03-01,NA,45,2021-10-22
sc,2020-03-02,NA,45,2021-10-22
sc,2020-03-03,NA,45,2021-10-22
sc,2020-03-04,NA,45,2021-10-22
sc,2020-03-05,NA,45,2021-10-22
sc,2020-03-06,NA,45,2021-10-22
sc,2020-03-07,NA,45,2021-10-22
sc,2020-03-08,NA,45,2021-10-22
sc,2020-03-09,NA,45,2021-10-22
sc,2020-03-10,NA,45,2021-10-22
sc,2020-03-11,NA,45,2021-10-22
sc,2020-03-12,NA,45,2021-10-22
sc,2020-03-13,NA,45,2021-10-22
sc,2020-03-14,NA,45,2021-10-22
sc,2020-03-15,NA,45,2021-10-22
sc,2020-03-16,NA,45,2021-10-22
sc,2020-03-17,NA,45,2021-10-22
sc,2020-03-18,NA,45,2021-10-22
sc,2020-03-19,NA,45,2021-10-22
sc,2020-03-20,NA,45,2021-10-22
sc,2020-03-21,NA,45,2021-10-22
sc,2020-03-22,NA,45,2021-10-22
sc,2020-03-23,NA,45,2021-10-22
sc,2020-03-24,NA,45,2021-10-22
sc,2020-03-25,NA,45,2021-10-22
sc,2020-03-26,NA,45,2021-10-22
sc,2020-03-27,NA,45,2021-10-22
sc,2020-03-28,NA,45,2021-10-22
sc,2020-03-29,NA,45,2021-10-22
sc,2020-03-30,NA,45,2021-10-22
sc,2020-03-31,NA,45,2021-10-22
sc,2020-04-01,NA,45,2021-10-22
sc,2020-04-02,NA,45,2021-10-22
sc,2020-04-03,NA,45,2021-10-22
sc,2020-04-04,NA,45,2021-10-22
sc,2020-04-05,NA,45,2021-10-22
sc,2020-04-06,NA,45,2021-10-22
sc,2020-04-07,NA,45,2021-10-22
sc,2020-04-08,NA,45,2021-10-22
sc,2020-04-09,NA,45,2021-10-22
sc,2020-04-10,NA,45,2021-10-22
sc,2020-04-11,NA,45,2021-10-22
sc,2020-04-12,NA,45,2021-10-22
sc,2020-04-13,NA,45,2021-10-22
sc,2020-04-14,NA,45,2021-10-22
sc,2020-04-15,NA,45,2021-10-22
sc,2020-04-16,NA,45,2021-10-22
sc,2020-04-17,NA,45,2021-10-22
sc,2020-04-18,NA,45,2021-10-22
sc,2020-04-19,NA,45,2021-10-22
sc,2020-04-20,NA,45,2021-10-22
sc,2020-04-21,NA,45,2021-10-22
sc,2020-04-22,NA,45,2021-10-22
sc,2020-04-23,NA,45,2021-10-22
sc,2020-04-24,NA,45,2021-10-22
sc,2020-04-25,NA,45,2021-10-22
sc,2020-04-26,NA,45,2021-10-22
sc,2020-04-27,NA,45,2021-10-22
sc,2020-04-28,NA,45,2021-10-22
sc,2020-04-29,NA,45,2021-10-22
sc,2020-04-30,NA,45,2021-10-22
sc,2020-05-01,NA,45,2021-10-22
sc,2020-05-02,NA,45,2021-10-22
sc,2020-05-03,NA,45,2021-10-22
sc,2020-05-04,NA,45,2021-10-22
sc,2020-05-05,NA,45,2021-10-22
sc,2020-05-06,NA,45,2021-10-22
sc,2020-05-07,NA,45,2021-10-22
sc,2020-05-08,NA,45,2021-10-22
sc,2020-05-09,NA,45,2021-10-22
sc,2020-05-10,NA,45,2021-10-22
sc,2020-05-11,NA,45,2021-10-22
sc,2020-05-12,NA,45,2021-10-22
sc,2020-05-13,NA,45,2021-10-22
sc,2020-05-14,NA,45,2021-10-22
sc,2020-05-15,NA,45,2021-10-22
sc,2020-05-16,NA,45,2021-10-22
sc,2020-05-17,NA,45,2021-10-22
sc,2020-05-18,NA,45,2021-10-22
sc,2020-05-19,NA,45,2021-10-22
sc,2020-05-20,NA,45,2021-10-22
sc,2020-05-21,NA,45,2021-10-22
sc,2020-05-22,NA,45,2021-10-22
sc,2020-05-23,NA,45,2021-10-22
sc,2020-05-24,NA,45,2021-10-22
sc,2020-05-25,NA,45,2021-10-22
sc,2020-05-26,NA,45,2021-10-22
sc,2020-05-27,NA,45,2021-10-22
sc,2020-05-28,NA,45,2021-10-22
sc,2020-05-29,NA,45,2021-10-22
sc,2020-05-30,NA,45,2021-10-22
sc,2020-05-31,NA,45,2021-10-22
sc,2020-06-01,NA,45,2021-10-22
sc,2020-06-02,NA,45,2021-10-22
sc,2020-06-03,NA,45,2021-10-22
sc,2020-06-04,NA,45,2021-10-22
sc,2020-06-05,NA,45,2021-10-22
sc,2020-06-06,NA,45,2021-10-22
sc,2020-06-07,NA,45,2021-10-22
sc,2020-06-08,NA,45,2021-10-22
sc,2020-06-09,NA,45,2021-10-22
sc,2020-06-10,NA,45,2021-10-22
sc,2020-06-11,NA,45,2021-10-22
sc,2020-06-12,NA,45,2021-10-22
sc,2020-06-13,NA,45,2021-10-22
sc,2020-06-14,NA,45,2021-10-22
sc,2020-06-15,NA,45,2021-10-22
sc,2020-06-16,NA,45,2021-10-22
sc,2020-06-17,NA,45,2021-10-22
sc,2020-06-18,NA,45,2021-10-22
sc,2020-06-19,NA,45,2021-10-22
sc,2020-06-20,NA,45,2021-10-22
sc,2020-06-21,NA,45,2021-10-22
sc,2020-06-22,NA,45,2021-10-22
sc,2020-06-23,NA,45,2021-10-22
sc,2020-06-24,NA,45,2021-10-22
sc,2020-06-25,NA,45,2021-10-22
sc,2020-06-26,NA,45,2021-10-22
sc,2020-06-27,NA,45,2021-10-22
sc,2020-06-28,NA,45,2021-10-22
sc,2020-06-29,NA,45,2021-10-22
sc,2020-06-30,NA,45,2021-10-22
sc,2020-07-01,NA,45,2021-10-22
sc,2020-07-02,NA,45,2021-10-22
sc,2020-07-03,NA,45,2021-10-22
sc,2020-07-04,NA,45,2021-10-22
sc,2020-07-05,NA,45,2021-10-22
sc,2020-07-06,NA,45,2021-10-22
sc,2020-07-07,NA,45,2021-10-22
sc,2020-07-08,NA,45,2021-10-22
sc,2020-07-09,NA,45,2021-10-22
sc,2020-07-10,NA,45,2021-10-22
sc,2020-07-11,NA,45,2021-10-22
sc,2020-07-12,NA,45,2021-10-22
sc,2020-07-13,NA,45,2021-10-22
sc,2020-07-14,103,45,2021-10-22
sc,2020-07-15,102,45,2021-10-22
sc,2020-07-16,105,45,2021-10-22
sc,2020-07-17,116,45,2021-10-22
sc,2020-07-18,132,45,2021-10-22
sc,2020-07-19,105,45,2021-10-22
sc,2020-07-20,121,45,2021-10-22
sc,2020-07-21,117,45,2021-10-22
sc,2020-07-22,159,45,2021-10-22
sc,2020-07-23,185,45,2021-10-22
sc,2020-07-24,190,45,2021-10-22
sc,2020-07-25,192,45,2021-10-22
sc,2020-07-26,161,45,2021-10-22
sc,2020-07-27,195,45,2021-10-22
sc,2020-07-28,178,45,2021-10-22
sc,2020-07-29,170,45,2021-10-22
sc,2020-07-30,165,45,2021-10-22
sc,2020-07-31,179,45,2021-10-22
sc,2020-08-01,179,45,2021-10-22
sc,2020-08-02,182,45,2021-10-22
sc,2020-08-03,197,45,2021-10-22
sc,2020-08-04,106,45,2021-10-22
sc,2020-08-05,96,45,2021-10-22
sc,2020-08-06,112,45,2021-10-22
sc,2020-08-07,98,45,2021-10-22
sc,2020-08-08,81,45,2021-10-22
sc,2020-08-09,90,45,2021-10-22
sc,2020-08-10,88,45,2021-10-22
sc,2020-08-11,102,45,2021-10-22
sc,2020-08-12,97,45,2021-10-22
sc,2020-08-13,114,45,2021-10-22
sc,2020-08-14,91,45,2021-10-22
sc,2020-08-15,92,45,2021-10-22
sc,2020-08-16,76,45,2021-10-22
sc,2020-08-17,105,45,2021-10-22
sc,2020-08-18,97,45,2021-10-22
sc,2020-08-19,99,45,2021-10-22
sc,2020-08-20,78,45,2021-10-22
sc,2020-08-21,93,45,2021-10-22
sc,2020-08-22,84,45,2021-10-22
sc,2020-08-23,83,45,2021-10-22
sc,2020-08-24,89,45,2021-10-22
sc,2020-08-25,91,45,2021-10-22
sc,2020-08-26,89,45,2021-10-22
sc,2020-08-27,96,45,2021-10-22
sc,2020-08-28,93,45,2021-10-22
sc,2020-08-29,74,45,2021-10-22
sc,2020-08-30,66,45,2021-10-22
sc,2020-08-31,80,45,2021-10-22
sc,2020-09-01,70,45,2021-10-22
sc,2020-09-02,89,45,2021-10-22
sc,2020-09-03,53,45,2021-10-22
sc,2020-09-04,70,45,2021-10-22
sc,2020-09-05,52,45,2021-10-22
sc,2020-09-06,85,45,2021-10-22
sc,2020-09-07,67,45,2021-10-22
sc,2020-09-08,73,45,2021-10-22
sc,2020-09-09,71,45,2021-10-22
sc,2020-09-10,86,45,2021-10-22
sc,2020-09-11,65,45,2021-10-22
sc,2020-09-12,53,45,2021-10-22
sc,2020-09-13,55,45,2021-10-22
sc,2020-09-14,82,45,2021-10-22
sc,2020-09-15,55,45,2021-10-22
sc,2020-09-16,64,45,2021-10-22
sc,2020-09-17,69,45,2021-10-22
sc,2020-09-18,67,45,2021-10-22
sc,2020-09-19,48,45,2021-10-22
sc,2020-09-20,59,45,2021-10-22
sc,2020-09-21,84,45,2021-10-22
sc,2020-09-22,78,45,2021-10-22
sc,2020-09-23,67,45,2021-10-22
sc,2020-09-24,62,45,2021-10-22
sc,2020-09-25,74,45,2021-10-22
sc,2020-09-26,44,45,2021-10-22
sc,2020-09-27,53,45,2021-10-22
sc,2020-09-28,51,45,2021-10-22
sc,2020-09-29,57,45,2021-10-22
sc,2020-09-30,60,45,2021-10-22
sc,2020-10-01,55,45,2021-10-22
sc,2020-10-02,62,45,2021-10-22
sc,2020-10-03,60,45,2021-10-22
sc,2020-10-04,66,45,2021-10-22
sc,2020-10-05,74,45,2021-10-22
sc,2020-10-06,79,45,2021-10-22
sc,2020-10-07,99,45,2021-10-22
sc,2020-10-08,70,45,2021-10-22
sc,2020-10-09,59,45,2021-10-22
sc,2020-10-10,67,45,2021-10-22
sc,2020-10-11,78,45,2021-10-22
sc,2020-10-12,72,45,2021-10-22
sc,2020-10-13,77,45,2021-10-22
sc,2020-10-14,84,45,2021-10-22
sc,2020-10-15,81,45,2021-10-22
sc,2020-10-16,90,45,2021-10-22
sc,2020-10-17,63,45,2021-10-22
sc,2020-10-18,59,45,2021-10-22
sc,2020-10-19,78,45,2021-10-22
sc,2020-10-20,73,45,2021-10-22
sc,2020-10-21,72,45,2021-10-22
sc,2020-10-22,77,45,2021-10-22
sc,2020-10-23,64,45,2021-10-22
sc,2020-10-24,58,45,2021-10-22
sc,2020-10-25,86,45,2021-10-22
sc,2020-10-26,92,45,2021-10-22
sc,2020-10-27,72,45,2021-10-22
sc,2020-10-28,84,45,2021-10-22
sc,2020-10-29,77,45,2021-10-22
sc,2020-10-30,43,45,2021-10-22
sc,2020-10-31,41,45,2021-10-22
sc,2020-11-01,73,45,2021-10-22
sc,2020-11-02,64,45,2021-10-22
sc,2020-11-03,81,45,2021-10-22
sc,2020-11-04,77,45,2021-10-22
sc,2020-11-05,63,45,2021-10-22
sc,2020-11-06,74,45,2021-10-22
sc,2020-11-07,66,45,2021-10-22
sc,2020-11-08,70,45,2021-10-22
sc,2020-11-09,91,45,2021-10-22
sc,2020-11-10,66,45,2021-10-22
sc,2020-11-11,68,45,2021-10-22
sc,2020-11-12,71,45,2021-10-22
sc,2020-11-13,81,45,2021-10-22
sc,2020-11-14,76,45,2021-10-22
sc,2020-11-15,82,45,2021-10-22
sc,2020-11-16,87,45,2021-10-22
sc,2020-11-17,85,45,2021-10-22
sc,2020-11-18,79,45,2021-10-22
sc,2020-11-19,83,45,2021-10-22
sc,2020-11-20,85,45,2021-10-22
sc,2020-11-21,101,45,2021-10-22
sc,2020-11-22,74,45,2021-10-22
sc,2020-11-23,97,45,2021-10-22
sc,2020-11-24,98,45,2021-10-22
sc,2020-11-25,99,45,2021-10-22
sc,2020-11-26,89,45,2021-10-22
sc,2020-11-27,101,45,2021-10-22
sc,2020-11-28,96,45,2021-10-22
sc,2020-11-29,107,45,2021-10-22
sc,2020-11-30,144,45,2021-10-22
sc,2020-12-01,142,45,2021-10-22
sc,2020-12-02,123,45,2021-10-22
sc,2020-12-03,134,45,2021-10-22
sc,2020-12-04,102,45,2021-10-22
sc,2020-12-05,134,45,2021-10-22
sc,2020-12-06,134,45,2021-10-22
sc,2020-12-07,161,45,2021-10-22
sc,2020-12-08,160,45,2021-10-22
sc,2020-12-09,131,45,2021-10-22
sc,2020-12-10,173,45,2021-10-22
sc,2020-12-11,155,45,2021-10-22
sc,2020-12-12,137,45,2021-10-22
sc,2020-12-13,164,45,2021-10-22
sc,2020-12-14,201,45,2021-10-22
sc,2020-12-15,179,45,2021-10-22
sc,2020-12-16,172,45,2021-10-22
sc,2020-12-17,177,45,2021-10-22
sc,2020-12-18,174,45,2021-10-22
sc,2020-12-19,166,45,2021-10-22
sc,2020-12-20,191,45,2021-10-22
sc,2020-12-21,196,45,2021-10-22
sc,2020-12-22,226,45,2021-10-22
sc,2020-12-23,182,45,2021-10-22
sc,2020-12-24,200,45,2021-10-22
sc,2020-12-25,195,45,2021-10-22
sc,2020-12-26,242,45,2021-10-22
sc,2020-12-27,196,45,2021-10-22
sc,2020-12-28,236,45,2021-10-22
sc,2020-12-29,259,45,2021-10-22
sc,2020-12-30,230,45,2021-10-22
sc,2020-12-31,249,45,2021-10-22
sc,2021-01-01,244,45,2021-10-22
sc,2021-01-02,290,45,2021-10-22
sc,2021-01-03,261,45,2021-10-22
sc,2021-01-04,281,45,2021-10-22
sc,2021-01-05,288,45,2021-10-22
sc,2021-01-06,277,45,2021-10-22
sc,2021-01-07,279,45,2021-10-22
sc,2021-01-08,283,45,2021-10-22
sc,2021-01-09,259,45,2021-10-22
sc,2021-01-10,258,45,2021-10-22
sc,2021-01-11,317,45,2021-10-22
sc,2021-01-12,309,45,2021-10-22
sc,2021-01-13,297,45,2021-10-22
sc,2021-01-14,240,45,2021-10-22
sc,2021-01-15,259,45,2021-10-22
sc,2021-01-16,221,45,2021-10-22
sc,2021-01-17,235,45,2021-10-22
sc,2021-01-18,255,45,2021-10-22
sc,2021-01-19,256,45,2021-10-22
sc,2021-01-20,252,45,2021-10-22
sc,2021-01-21,277,45,2021-10-22
sc,2021-01-22,228,45,2021-10-22
sc,2021-01-23,224,45,2021-10-22
sc,2021-01-24,191,45,2021-10-22
sc,2021-01-25,268,45,2021-10-22
sc,2021-01-26,241,45,2021-10-22
sc,2021-01-27,218,45,2021-10-22
sc,2021-01-28,207,45,2021-10-22
sc,2021-01-29,189,45,2021-10-22
sc,2021-01-30,173,45,2021-10-22
sc,2021-01-31,192,45,2021-10-22
sc,2021-02-01,222,45,2021-10-22
sc,2021-02-02,184,45,2021-10-22
sc,2021-02-03,189,45,2021-10-22
sc,2021-02-04,172,45,2021-10-22
sc,2021-02-05,160,45,2021-10-22
sc,2021-02-06,136,45,2021-10-22
sc,2021-02-07,149,45,2021-10-22
sc,2021-02-08,144,45,2021-10-22
sc,2021-02-09,163,45,2021-10-22
sc,2021-02-10,147,45,2021-10-22
sc,2021-02-11,158,45,2021-10-22
sc,2021-02-12,132,45,2021-10-22
sc,2021-02-13,84,45,2021-10-22
sc,2021-02-14,109,45,2021-10-22
sc,2021-02-15,163,45,2021-10-22
sc,2021-02-16,134,45,2021-10-22
sc,2021-02-17,126,45,2021-10-22
sc,2021-02-18,110,45,2021-10-22
sc,2021-02-19,107,45,2021-10-22
sc,2021-02-20,87,45,2021-10-22
sc,2021-02-21,96,45,2021-10-22
sc,2021-02-22,111,45,2021-10-22
sc,2021-02-23,110,45,2021-10-22
sc,2021-02-24,110,45,2021-10-22
sc,2021-02-25,86,45,2021-10-22
sc,2021-02-26,90,45,2021-10-22
sc,2021-02-27,81,45,2021-10-22
sc,2021-02-28,73,45,2021-10-22
sc,2021-03-01,75,45,2021-10-22
sc,2021-03-02,62,45,2021-10-22
sc,2021-03-03,85,45,2021-10-22
sc,2021-03-04,82,45,2021-10-22
sc,2021-03-05,74,45,2021-10-22
sc,2021-03-06,58,45,2021-10-22
sc,2021-03-07,67,45,2021-10-22
sc,2021-03-08,76,45,2021-10-22
sc,2021-03-09,71,45,2021-10-22
sc,2021-03-10,79,45,2021-10-22
sc,2021-03-11,65,45,2021-10-22
sc,2021-03-12,61,45,2021-10-22
sc,2021-03-13,62,45,2021-10-22
sc,2021-03-14,65,45,2021-10-22
sc,2021-03-15,70,45,2021-10-22
sc,2021-03-16,71,45,2021-10-22
sc,2021-03-17,56,45,2021-10-22
sc,2021-03-18,66,45,2021-10-22
sc,2021-03-19,68,45,2021-10-22
sc,2021-03-20,51,45,2021-10-22
sc,2021-03-21,56,45,2021-10-22
sc,2021-03-22,87,45,2021-10-22
sc,2021-03-23,63,45,2021-10-22
sc,2021-03-24,64,45,2021-10-22
sc,2021-03-25,53,45,2021-10-22
sc,2021-03-26,53,45,2021-10-22
sc,2021-03-27,69,45,2021-10-22
sc,2021-03-28,70,45,2021-10-22
sc,2021-03-29,62,45,2021-10-22
sc,2021-03-30,68,45,2021-10-22
sc,2021-03-31,79,45,2021-10-22
sc,2021-04-01,78,45,2021-10-22
sc,2021-04-02,68,45,2021-10-22
sc,2021-04-03,62,45,2021-10-22
sc,2021-04-04,63,45,2021-10-22
sc,2021-04-05,86,45,2021-10-22
sc,2021-04-06,53,45,2021-10-22
sc,2021-04-07,73,45,2021-10-22
sc,2021-04-08,82,45,2021-10-22
sc,2021-04-09,61,45,2021-10-22
sc,2021-04-10,69,45,2021-10-22
sc,2021-04-11,74,45,2021-10-22
sc,2021-04-12,64,45,2021-10-22
sc,2021-04-13,62,45,2021-10-22
sc,2021-04-14,76,45,2021-10-22
sc,2021-04-15,62,45,2021-10-22
sc,2021-04-16,66,45,2021-10-22
sc,2021-04-17,52,45,2021-10-22
sc,2021-04-18,66,45,2021-10-22
sc,2021-04-19,58,45,2021-10-22
sc,2021-04-20,74,45,2021-10-22
sc,2021-04-21,79,45,2021-10-22
sc,2021-04-22,54,45,2021-10-22
sc,2021-04-23,51,45,2021-10-22
sc,2021-04-24,57,45,2021-10-22
sc,2021-04-25,52,45,2021-10-22
sc,2021-04-26,55,45,2021-10-22
sc,2021-04-27,63,45,2021-10-22
sc,2021-04-28,52,45,2021-10-22
sc,2021-04-29,58,45,2021-10-22
sc,2021-04-30,43,45,2021-10-22
sc,2021-05-01,38,45,2021-10-22
sc,2021-05-02,41,45,2021-10-22
sc,2021-05-03,41,45,2021-10-22
sc,2021-05-04,41,45,2021-10-22
sc,2021-05-05,46,45,2021-10-22
sc,2021-05-06,38,45,2021-10-22
sc,2021-05-07,54,45,2021-10-22
sc,2021-05-08,36,45,2021-10-22
sc,2021-05-09,29,45,2021-10-22
sc,2021-05-10,35,45,2021-10-22
sc,2021-05-11,37,45,2021-10-22
sc,2021-05-12,37,45,2021-10-22
sc,2021-05-13,54,45,2021-10-22
sc,2021-05-14,36,45,2021-10-22
sc,2021-05-15,25,45,2021-10-22
sc,2021-05-16,27,45,2021-10-22
sc,2021-05-17,39,45,2021-10-22
sc,2021-05-18,35,45,2021-10-22
sc,2021-05-19,38,45,2021-10-22
sc,2021-05-20,23,45,2021-10-22
sc,2021-05-21,21,45,2021-10-22
sc,2021-05-22,23,45,2021-10-22
sc,2021-05-23,24,45,2021-10-22
sc,2021-05-24,34,45,2021-10-22
sc,2021-05-25,32,45,2021-10-22
sc,2021-05-26,26,45,2021-10-22
sc,2021-05-27,24,45,2021-10-22
sc,2021-05-28,24,45,2021-10-22
sc,2021-05-29,16,45,2021-10-22
sc,2021-05-30,28,45,2021-10-22
sc,2021-05-31,18,45,2021-10-22
sc,2021-06-01,17,45,2021-10-22
sc,2021-06-02,25,45,2021-10-22
sc,2021-06-03,27,45,2021-10-22
sc,2021-06-04,15,45,2021-10-22
sc,2021-06-05,12,45,2021-10-22
sc,2021-06-06,12,45,2021-10-22
sc,2021-06-07,23,45,2021-10-22
sc,2021-06-08,15,45,2021-10-22
sc,2021-06-09,11,45,2021-10-22
sc,2021-06-10,13,45,2021-10-22
sc,2021-06-11,18,45,2021-10-22
sc,2021-06-12,16,45,2021-10-22
sc,2021-06-13,13,45,2021-10-22
sc,2021-06-14,12,45,2021-10-22
sc,2021-06-15,20,45,2021-10-22
sc,2021-06-16,9,45,2021-10-22
sc,2021-06-17,16,45,2021-10-22
sc,2021-06-18,18,45,2021-10-22
sc,2021-06-19,10,45,2021-10-22
sc,2021-06-20,9,45,2021-10-22
sc,2021-06-21,12,45,2021-10-22
sc,2021-06-22,16,45,2021-10-22
sc,2021-06-23,16,45,2021-10-22
sc,2021-06-24,14,45,2021-10-22
sc,2021-06-25,9,45,2021-10-22
sc,2021-06-26,8,45,2021-10-22
sc,2021-06-27,10,45,2021-10-22
sc,2021-06-28,11,45,2021-10-22
sc,2021-06-29,16,45,2021-10-22
sc,2021-06-30,8,45,2021-10-22
sc,2021-07-01,19,45,2021-10-22
sc,2021-07-02,18,45,2021-10-22
sc,2021-07-03,9,45,2021-10-22
sc,2021-07-04,23,45,2021-10-22
sc,2021-07-05,15,45,2021-10-22
sc,2021-07-06,27,45,2021-10-22
sc,2021-07-07,23,45,2021-10-22
sc,2021-07-08,32,45,2021-10-22
sc,2021-07-09,21,45,2021-10-22
sc,2021-07-10,32,45,2021-10-22
sc,2021-07-11,29,45,2021-10-22
sc,2021-07-12,36,45,2021-10-22
sc,2021-07-13,37,45,2021-10-22
sc,2021-07-14,30,45,2021-10-22
sc,2021-07-15,42,45,2021-10-22
sc,2021-07-16,41,45,2021-10-22
sc,2021-07-17,49,45,2021-10-22
sc,2021-07-18,48,45,2021-10-22
sc,2021-07-19,43,45,2021-10-22
sc,2021-07-20,52,45,2021-10-22
sc,2021-07-21,55,45,2021-10-22
sc,2021-07-22,49,45,2021-10-22
sc,2021-07-23,58,45,2021-10-22
sc,2021-07-24,66,45,2021-10-22
sc,2021-07-25,92,45,2021-10-22
sc,2021-07-26,82,45,2021-10-22
sc,2021-07-27,98,45,2021-10-22
sc,2021-07-28,114,45,2021-10-22
sc,2021-07-29,135,45,2021-10-22
sc,2021-07-30,138,45,2021-10-22
sc,2021-07-31,121,45,2021-10-22
sc,2021-08-01,145,45,2021-10-22
sc,2021-08-02,144,45,2021-10-22
sc,2021-08-03,150,45,2021-10-22
sc,2021-08-04,159,45,2021-10-22
sc,2021-08-05,168,45,2021-10-22
sc,2021-08-06,190,45,2021-10-22
sc,2021-08-07,173,45,2021-10-22
sc,2021-08-08,177,45,2021-10-22
sc,2021-08-09,179,45,2021-10-22
sc,2021-08-10,214,45,2021-10-22
sc,2021-08-11,209,45,2021-10-22
sc,2021-08-12,219,45,2021-10-22
sc,2021-08-13,222,45,2021-10-22
sc,2021-08-14,249,45,2021-10-22
sc,2021-08-15,232,45,2021-10-22
sc,2021-08-16,268,45,2021-10-22
sc,2021-08-17,294,45,2021-10-22
sc,2021-08-18,272,45,2021-10-22
sc,2021-08-19,261,45,2021-10-22
sc,2021-08-20,291,45,2021-10-22
sc,2021-08-21,295,45,2021-10-22
sc,2021-08-22,253,45,2021-10-22
sc,2021-08-23,327,45,2021-10-22
sc,2021-08-24,325,45,2021-10-22
sc,2021-08-25,347,45,2021-10-22
sc,2021-08-26,302,45,2021-10-22
sc,2021-08-27,295,45,2021-10-22
sc,2021-08-28,278,45,2021-10-22
sc,2021-08-29,300,45,2021-10-22
sc,2021-08-30,319,45,2021-10-22
sc,2021-08-31,352,45,2021-10-22
sc,2021-09-01,345,45,2021-10-22
sc,2021-09-02,284,45,2021-10-22
sc,2021-09-03,335,45,2021-10-22
sc,2021-09-04,304,45,2021-10-22
sc,2021-09-05,347,45,2021-10-22
sc,2021-09-06,342,45,2021-10-22
sc,2021-09-07,334,45,2021-10-22
sc,2021-09-08,358,45,2021-10-22
sc,2021-09-09,340,45,2021-10-22
sc,2021-09-10,310,45,2021-10-22
sc,2021-09-11,294,45,2021-10-22
sc,2021-09-12,304,45,2021-10-22
sc,2021-09-13,315,45,2021-10-22
sc,2021-09-14,289,45,2021-10-22
sc,2021-09-15,306,45,2021-10-22
sc,2021-09-16,278,45,2021-10-22
sc,2021-09-17,270,45,2021-10-22
sc,2021-09-18,225,45,2021-10-22
sc,2021-09-19,238,45,2021-10-22
sc,2021-09-20,247,45,2021-10-22
sc,2021-09-21,239,45,2021-10-22
sc,2021-09-22,227,45,2021-10-22
sc,2021-09-23,193,45,2021-10-22
sc,2021-09-24,179,45,2021-10-22
sc,2021-09-25,162,45,2021-10-22
sc,2021-09-26,165,45,2021-10-22
sc,2021-09-27,171,45,2021-10-22
sc,2021-09-28,185,45,2021-10-22
sc,2021-09-29,175,45,2021-10-22
sc,2021-09-30,172,45,2021-10-22
sc,2021-10-01,141,45,2021-10-22
sc,2021-10-02,142,45,2021-10-22
sc,2021-10-03,122,45,2021-10-22
sc,2021-10-04,138,45,2021-10-22
sc,2021-10-05,130,45,2021-10-22
sc,2021-10-06,138,45,2021-10-22
sc,2021-10-07,140,45,2021-10-22
sc,2021-10-08,120,45,2021-10-22
sc,2021-10-09,94,45,2021-10-22
sc,2021-10-10,102,45,2021-10-22
sc,2021-10-11,116,45,2021-10-22
sc,2021-10-12,88,45,2021-10-22
sc,2021-10-13,87,45,2021-10-22
sc,2021-10-14,97,45,2021-10-22
sc,2021-10-15,100,45,2021-10-22
sc,2021-10-16,88,45,2021-10-22
sc,2021-10-17,70,45,2021-10-22
sc,2021-10-18,82,45,2021-10-22
sc,2021-10-19,72,45,2021-10-22
sc,2021-10-20,83,45,2021-10-22
sc,2021-10-21,83,45,2021-10-22
sd,2020-03-24,NA,46,2021-10-22
sd,2020-03-25,NA,46,2021-10-22
sd,2020-03-26,NA,46,2021-10-22
sd,2020-03-27,NA,46,2021-10-22
sd,2020-03-28,NA,46,2021-10-22
sd,2020-03-29,NA,46,2021-10-22
sd,2020-03-30,NA,46,2021-10-22
sd,2020-03-31,NA,46,2021-10-22
sd,2020-04-01,NA,46,2021-10-22
sd,2020-04-02,NA,46,2021-10-22
sd,2020-04-03,NA,46,2021-10-22
sd,2020-04-04,NA,46,2021-10-22
sd,2020-04-05,NA,46,2021-10-22
sd,2020-04-06,NA,46,2021-10-22
sd,2020-04-07,NA,46,2021-10-22
sd,2020-04-08,NA,46,2021-10-22
sd,2020-04-09,NA,46,2021-10-22
sd,2020-04-10,NA,46,2021-10-22
sd,2020-04-11,NA,46,2021-10-22
sd,2020-04-12,NA,46,2021-10-22
sd,2020-04-13,NA,46,2021-10-22
sd,2020-04-14,NA,46,2021-10-22
sd,2020-04-15,NA,46,2021-10-22
sd,2020-04-16,NA,46,2021-10-22
sd,2020-04-17,NA,46,2021-10-22
sd,2020-04-18,NA,46,2021-10-22
sd,2020-04-19,NA,46,2021-10-22
sd,2020-04-20,NA,46,2021-10-22
sd,2020-04-21,NA,46,2021-10-22
sd,2020-04-22,NA,46,2021-10-22
sd,2020-04-23,NA,46,2021-10-22
sd,2020-04-24,NA,46,2021-10-22
sd,2020-04-25,NA,46,2021-10-22
sd,2020-04-26,NA,46,2021-10-22
sd,2020-04-27,NA,46,2021-10-22
sd,2020-04-28,NA,46,2021-10-22
sd,2020-04-29,NA,46,2021-10-22
sd,2020-04-30,NA,46,2021-10-22
sd,2020-05-01,NA,46,2021-10-22
sd,2020-05-02,NA,46,2021-10-22
sd,2020-05-03,NA,46,2021-10-22
sd,2020-05-04,NA,46,2021-10-22
sd,2020-05-05,NA,46,2021-10-22
sd,2020-05-06,NA,46,2021-10-22
sd,2020-05-07,NA,46,2021-10-22
sd,2020-05-08,NA,46,2021-10-22
sd,2020-05-09,NA,46,2021-10-22
sd,2020-05-10,NA,46,2021-10-22
sd,2020-05-11,NA,46,2021-10-22
sd,2020-05-12,NA,46,2021-10-22
sd,2020-05-13,NA,46,2021-10-22
sd,2020-05-14,NA,46,2021-10-22
sd,2020-05-15,NA,46,2021-10-22
sd,2020-05-16,NA,46,2021-10-22
sd,2020-05-17,NA,46,2021-10-22
sd,2020-05-18,NA,46,2021-10-22
sd,2020-05-19,NA,46,2021-10-22
sd,2020-05-20,NA,46,2021-10-22
sd,2020-05-21,NA,46,2021-10-22
sd,2020-05-22,NA,46,2021-10-22
sd,2020-05-23,NA,46,2021-10-22
sd,2020-05-24,NA,46,2021-10-22
sd,2020-05-25,NA,46,2021-10-22
sd,2020-05-26,NA,46,2021-10-22
sd,2020-05-27,NA,46,2021-10-22
sd,2020-05-28,NA,46,2021-10-22
sd,2020-05-29,NA,46,2021-10-22
sd,2020-05-30,NA,46,2021-10-22
sd,2020-05-31,NA,46,2021-10-22
sd,2020-06-01,NA,46,2021-10-22
sd,2020-06-02,NA,46,2021-10-22
sd,2020-06-03,NA,46,2021-10-22
sd,2020-06-04,NA,46,2021-10-22
sd,2020-06-05,NA,46,2021-10-22
sd,2020-06-06,NA,46,2021-10-22
sd,2020-06-07,NA,46,2021-10-22
sd,2020-06-08,NA,46,2021-10-22
sd,2020-06-09,NA,46,2021-10-22
sd,2020-06-10,NA,46,2021-10-22
sd,2020-06-11,NA,46,2021-10-22
sd,2020-06-12,NA,46,2021-10-22
sd,2020-06-13,NA,46,2021-10-22
sd,2020-06-14,NA,46,2021-10-22
sd,2020-06-15,NA,46,2021-10-22
sd,2020-06-16,NA,46,2021-10-22
sd,2020-06-17,NA,46,2021-10-22
sd,2020-06-18,NA,46,2021-10-22
sd,2020-06-19,NA,46,2021-10-22
sd,2020-06-20,NA,46,2021-10-22
sd,2020-06-21,NA,46,2021-10-22
sd,2020-06-22,NA,46,2021-10-22
sd,2020-06-23,NA,46,2021-10-22
sd,2020-06-24,NA,46,2021-10-22
sd,2020-06-25,NA,46,2021-10-22
sd,2020-06-26,NA,46,2021-10-22
sd,2020-06-27,NA,46,2021-10-22
sd,2020-06-28,NA,46,2021-10-22
sd,2020-06-29,NA,46,2021-10-22
sd,2020-06-30,NA,46,2021-10-22
sd,2020-07-01,NA,46,2021-10-22
sd,2020-07-02,NA,46,2021-10-22
sd,2020-07-03,NA,46,2021-10-22
sd,2020-07-04,NA,46,2021-10-22
sd,2020-07-05,NA,46,2021-10-22
sd,2020-07-06,NA,46,2021-10-22
sd,2020-07-07,NA,46,2021-10-22
sd,2020-07-08,NA,46,2021-10-22
sd,2020-07-09,NA,46,2021-10-22
sd,2020-07-10,NA,46,2021-10-22
sd,2020-07-11,NA,46,2021-10-22
sd,2020-07-12,NA,46,2021-10-22
sd,2020-07-13,NA,46,2021-10-22
sd,2020-07-14,15,46,2021-10-22
sd,2020-07-15,17,46,2021-10-22
sd,2020-07-16,16,46,2021-10-22
sd,2020-07-17,26,46,2021-10-22
sd,2020-07-18,3,46,2021-10-22
sd,2020-07-19,2,46,2021-10-22
sd,2020-07-20,1,46,2021-10-22
sd,2020-07-21,2,46,2021-10-22
sd,2020-07-22,2,46,2021-10-22
sd,2020-07-23,3,46,2021-10-22
sd,2020-07-24,4,46,2021-10-22
sd,2020-07-25,2,46,2021-10-22
sd,2020-07-26,2,46,2021-10-22
sd,2020-07-27,4,46,2021-10-22
sd,2020-07-28,6,46,2021-10-22
sd,2020-07-29,4,46,2021-10-22
sd,2020-07-30,6,46,2021-10-22
sd,2020-07-31,3,46,2021-10-22
sd,2020-08-01,6,46,2021-10-22
sd,2020-08-02,1,46,2021-10-22
sd,2020-08-03,6,46,2021-10-22
sd,2020-08-04,7,46,2021-10-22
sd,2020-08-05,8,46,2021-10-22
sd,2020-08-06,6,46,2021-10-22
sd,2020-08-07,16,46,2021-10-22
sd,2020-08-08,15,46,2021-10-22
sd,2020-08-09,14,46,2021-10-22
sd,2020-08-10,12,46,2021-10-22
sd,2020-08-11,11,46,2021-10-22
sd,2020-08-12,18,46,2021-10-22
sd,2020-08-13,14,46,2021-10-22
sd,2020-08-14,14,46,2021-10-22
sd,2020-08-15,10,46,2021-10-22
sd,2020-08-16,18,46,2021-10-22
sd,2020-08-17,14,46,2021-10-22
sd,2020-08-18,14,46,2021-10-22
sd,2020-08-19,10,46,2021-10-22
sd,2020-08-20,22,46,2021-10-22
sd,2020-08-21,13,46,2021-10-22
sd,2020-08-22,11,46,2021-10-22
sd,2020-08-23,16,46,2021-10-22
sd,2020-08-24,21,46,2021-10-22
sd,2020-08-25,18,46,2021-10-22
sd,2020-08-26,22,46,2021-10-22
sd,2020-08-27,25,46,2021-10-22
sd,2020-08-28,17,46,2021-10-22
sd,2020-08-29,22,46,2021-10-22
sd,2020-08-30,15,46,2021-10-22
sd,2020-08-31,18,46,2021-10-22
sd,2020-09-01,20,46,2021-10-22
sd,2020-09-02,23,46,2021-10-22
sd,2020-09-03,17,46,2021-10-22
sd,2020-09-04,12,46,2021-10-22
sd,2020-09-05,14,46,2021-10-22
sd,2020-09-06,10,46,2021-10-22
sd,2020-09-07,20,46,2021-10-22
sd,2020-09-08,19,46,2021-10-22
sd,2020-09-09,28,46,2021-10-22
sd,2020-09-10,30,46,2021-10-22
sd,2020-09-11,27,46,2021-10-22
sd,2020-09-12,20,46,2021-10-22
sd,2020-09-13,29,46,2021-10-22
sd,2020-09-14,37,46,2021-10-22
sd,2020-09-15,34,46,2021-10-22
sd,2020-09-16,34,46,2021-10-22
sd,2020-09-17,35,46,2021-10-22
sd,2020-09-18,36,46,2021-10-22
sd,2020-09-19,21,46,2021-10-22
sd,2020-09-20,34,46,2021-10-22
sd,2020-09-21,40,46,2021-10-22
sd,2020-09-22,34,46,2021-10-22
sd,2020-09-23,45,46,2021-10-22
sd,2020-09-24,46,46,2021-10-22
sd,2020-09-25,47,46,2021-10-22
sd,2020-09-26,37,46,2021-10-22
sd,2020-09-27,32,46,2021-10-22
sd,2020-09-28,60,46,2021-10-22
sd,2020-09-29,38,46,2021-10-22
sd,2020-09-30,40,46,2021-10-22
sd,2020-10-01,47,46,2021-10-22
sd,2020-10-02,42,46,2021-10-22
sd,2020-10-03,40,46,2021-10-22
sd,2020-10-04,37,46,2021-10-22
sd,2020-10-05,65,46,2021-10-22
sd,2020-10-06,53,46,2021-10-22
sd,2020-10-07,42,46,2021-10-22
sd,2020-10-08,51,46,2021-10-22
sd,2020-10-09,56,46,2021-10-22
sd,2020-10-10,46,46,2021-10-22
sd,2020-10-11,38,46,2021-10-22
sd,2020-10-12,42,46,2021-10-22
sd,2020-10-13,49,46,2021-10-22
sd,2020-10-14,43,46,2021-10-22
sd,2020-10-15,51,46,2021-10-22
sd,2020-10-16,51,46,2021-10-22
sd,2020-10-17,44,46,2021-10-22
sd,2020-10-18,48,46,2021-10-22
sd,2020-10-19,48,46,2021-10-22
sd,2020-10-20,51,46,2021-10-22
sd,2020-10-21,78,46,2021-10-22
sd,2020-10-22,49,46,2021-10-22
sd,2020-10-23,60,46,2021-10-22
sd,2020-10-24,52,46,2021-10-22
sd,2020-10-25,62,46,2021-10-22
sd,2020-10-26,92,46,2021-10-22
sd,2020-10-27,78,46,2021-10-22
sd,2020-10-28,71,46,2021-10-22
sd,2020-10-29,59,46,2021-10-22
sd,2020-10-30,63,46,2021-10-22
sd,2020-10-31,58,46,2021-10-22
sd,2020-11-01,54,46,2021-10-22
sd,2020-11-02,70,46,2021-10-22
sd,2020-11-03,91,46,2021-10-22
sd,2020-11-04,77,46,2021-10-22
sd,2020-11-05,83,46,2021-10-22
sd,2020-11-06,91,46,2021-10-22
sd,2020-11-07,71,46,2021-10-22
sd,2020-11-08,61,46,2021-10-22
sd,2020-11-09,75,46,2021-10-22
sd,2020-11-10,80,46,2021-10-22
sd,2020-11-11,83,46,2021-10-22
sd,2020-11-12,74,46,2021-10-22
sd,2020-11-13,66,46,2021-10-22
sd,2020-11-14,69,46,2021-10-22
sd,2020-11-15,55,46,2021-10-22
sd,2020-11-16,95,46,2021-10-22
sd,2020-11-17,64,46,2021-10-22
sd,2020-11-18,82,46,2021-10-22
sd,2020-11-19,73,46,2021-10-22
sd,2020-11-20,66,46,2021-10-22
sd,2020-11-21,50,46,2021-10-22
sd,2020-11-22,58,46,2021-10-22
sd,2020-11-23,77,46,2021-10-22
sd,2020-11-24,66,46,2021-10-22
sd,2020-11-25,44,46,2021-10-22
sd,2020-11-26,41,46,2021-10-22
sd,2020-11-27,68,46,2021-10-22
sd,2020-11-28,41,46,2021-10-22
sd,2020-11-29,52,46,2021-10-22
sd,2020-11-30,53,46,2021-10-22
sd,2020-12-01,51,46,2021-10-22
sd,2020-12-02,49,46,2021-10-22
sd,2020-12-03,51,46,2021-10-22
sd,2020-12-04,50,46,2021-10-22
sd,2020-12-05,34,46,2021-10-22
sd,2020-12-06,47,46,2021-10-22
sd,2020-12-07,61,46,2021-10-22
sd,2020-12-08,42,46,2021-10-22
sd,2020-12-09,40,46,2021-10-22
sd,2020-12-10,35,46,2021-10-22
sd,2020-12-11,45,46,2021-10-22
sd,2020-12-12,19,46,2021-10-22
sd,2020-12-13,31,46,2021-10-22
sd,2020-12-14,35,46,2021-10-22
sd,2020-12-15,33,46,2021-10-22
sd,2020-12-16,31,46,2021-10-22
sd,2020-12-17,41,46,2021-10-22
sd,2020-12-18,35,46,2021-10-22
sd,2020-12-19,15,46,2021-10-22
sd,2020-12-20,24,46,2021-10-22
sd,2020-12-21,27,46,2021-10-22
sd,2020-12-22,23,46,2021-10-22
sd,2020-12-23,29,46,2021-10-22
sd,2020-12-24,19,46,2021-10-22
sd,2020-12-25,17,46,2021-10-22
sd,2020-12-26,24,46,2021-10-22
sd,2020-12-27,26,46,2021-10-22
sd,2020-12-28,34,46,2021-10-22
sd,2020-12-29,26,46,2021-10-22
sd,2020-12-30,24,46,2021-10-22
sd,2020-12-31,21,46,2021-10-22
sd,2021-01-01,20,46,2021-10-22
sd,2021-01-02,23,46,2021-10-22
sd,2021-01-03,16,46,2021-10-22
sd,2021-01-04,27,46,2021-10-22
sd,2021-01-05,27,46,2021-10-22
sd,2021-01-06,24,46,2021-10-22
sd,2021-01-07,19,46,2021-10-22
sd,2021-01-08,24,46,2021-10-22
sd,2021-01-09,26,46,2021-10-22
sd,2021-01-10,21,46,2021-10-22
sd,2021-01-11,29,46,2021-10-22
sd,2021-01-12,20,46,2021-10-22
sd,2021-01-13,22,46,2021-10-22
sd,2021-01-14,20,46,2021-10-22
sd,2021-01-15,17,46,2021-10-22
sd,2021-01-16,11,46,2021-10-22
sd,2021-01-17,14,46,2021-10-22
sd,2021-01-18,16,46,2021-10-22
sd,2021-01-19,10,46,2021-10-22
sd,2021-01-20,14,46,2021-10-22
sd,2021-01-21,19,46,2021-10-22
sd,2021-01-22,9,46,2021-10-22
sd,2021-01-23,10,46,2021-10-22
sd,2021-01-24,7,46,2021-10-22
sd,2021-01-25,15,46,2021-10-22
sd,2021-01-26,14,46,2021-10-22
sd,2021-01-27,12,46,2021-10-22
sd,2021-01-28,13,46,2021-10-22
sd,2021-01-29,11,46,2021-10-22
sd,2021-01-30,8,46,2021-10-22
sd,2021-01-31,14,46,2021-10-22
sd,2021-02-01,17,46,2021-10-22
sd,2021-02-02,11,46,2021-10-22
sd,2021-02-03,7,46,2021-10-22
sd,2021-02-04,8,46,2021-10-22
sd,2021-02-05,12,46,2021-10-22
sd,2021-02-06,6,46,2021-10-22
sd,2021-02-07,9,46,2021-10-22
sd,2021-02-08,8,46,2021-10-22
sd,2021-02-09,7,46,2021-10-22
sd,2021-02-10,7,46,2021-10-22
sd,2021-02-11,6,46,2021-10-22
sd,2021-02-12,12,46,2021-10-22
sd,2021-02-13,6,46,2021-10-22
sd,2021-02-14,10,46,2021-10-22
sd,2021-02-15,8,46,2021-10-22
sd,2021-02-16,8,46,2021-10-22
sd,2021-02-17,10,46,2021-10-22
sd,2021-02-18,11,46,2021-10-22
sd,2021-02-19,24,46,2021-10-22
sd,2021-02-20,10,46,2021-10-22
sd,2021-02-21,9,46,2021-10-22
sd,2021-02-22,16,46,2021-10-22
sd,2021-02-23,13,46,2021-10-22
sd,2021-02-24,14,46,2021-10-22
sd,2021-02-25,11,46,2021-10-22
sd,2021-02-26,7,46,2021-10-22
sd,2021-02-27,10,46,2021-10-22
sd,2021-02-28,10,46,2021-10-22
sd,2021-03-01,13,46,2021-10-22
sd,2021-03-02,9,46,2021-10-22
sd,2021-03-03,8,46,2021-10-22
sd,2021-03-04,7,46,2021-10-22
sd,2021-03-05,6,46,2021-10-22
sd,2021-03-06,4,46,2021-10-22
sd,2021-03-07,6,46,2021-10-22
sd,2021-03-08,10,46,2021-10-22
sd,2021-03-09,10,46,2021-10-22
sd,2021-03-10,4,46,2021-10-22
sd,2021-03-11,6,46,2021-10-22
sd,2021-03-12,5,46,2021-10-22
sd,2021-03-13,5,46,2021-10-22
sd,2021-03-14,8,46,2021-10-22
sd,2021-03-15,6,46,2021-10-22
sd,2021-03-16,10,46,2021-10-22
sd,2021-03-17,4,46,2021-10-22
sd,2021-03-18,5,46,2021-10-22
sd,2021-03-19,8,46,2021-10-22
sd,2021-03-20,3,46,2021-10-22
sd,2021-03-21,12,46,2021-10-22
sd,2021-03-22,14,46,2021-10-22
sd,2021-03-23,12,46,2021-10-22
sd,2021-03-24,13,46,2021-10-22
sd,2021-03-25,12,46,2021-10-22
sd,2021-03-26,7,46,2021-10-22
sd,2021-03-27,9,46,2021-10-22
sd,2021-03-28,5,46,2021-10-22
sd,2021-03-29,14,46,2021-10-22
sd,2021-03-30,5,46,2021-10-22
sd,2021-03-31,7,46,2021-10-22
sd,2021-04-01,6,46,2021-10-22
sd,2021-04-02,5,46,2021-10-22
sd,2021-04-03,10,46,2021-10-22
sd,2021-04-04,9,46,2021-10-22
sd,2021-04-05,7,46,2021-10-22
sd,2021-04-06,13,46,2021-10-22
sd,2021-04-07,6,46,2021-10-22
sd,2021-04-08,15,46,2021-10-22
sd,2021-04-09,11,46,2021-10-22
sd,2021-04-10,9,46,2021-10-22
sd,2021-04-11,7,46,2021-10-22
sd,2021-04-12,12,46,2021-10-22
sd,2021-04-13,8,46,2021-10-22
sd,2021-04-14,8,46,2021-10-22
sd,2021-04-15,7,46,2021-10-22
sd,2021-04-16,15,46,2021-10-22
sd,2021-04-17,15,46,2021-10-22
sd,2021-04-18,16,46,2021-10-22
sd,2021-04-19,11,46,2021-10-22
sd,2021-04-20,15,46,2021-10-22
sd,2021-04-21,13,46,2021-10-22
sd,2021-04-22,7,46,2021-10-22
sd,2021-04-23,5,46,2021-10-22
sd,2021-04-24,6,46,2021-10-22
sd,2021-04-25,6,46,2021-10-22
sd,2021-04-26,10,46,2021-10-22
sd,2021-04-27,16,46,2021-10-22
sd,2021-04-28,11,46,2021-10-22
sd,2021-04-29,11,46,2021-10-22
sd,2021-04-30,12,46,2021-10-22
sd,2021-05-01,12,46,2021-10-22
sd,2021-05-02,12,46,2021-10-22
sd,2021-05-03,11,46,2021-10-22
sd,2021-05-04,8,46,2021-10-22
sd,2021-05-05,9,46,2021-10-22
sd,2021-05-06,8,46,2021-10-22
sd,2021-05-07,6,46,2021-10-22
sd,2021-05-08,5,46,2021-10-22
sd,2021-05-09,6,46,2021-10-22
sd,2021-05-10,12,46,2021-10-22
sd,2021-05-11,7,46,2021-10-22
sd,2021-05-12,4,46,2021-10-22
sd,2021-05-13,7,46,2021-10-22
sd,2021-05-14,5,46,2021-10-22
sd,2021-05-15,5,46,2021-10-22
sd,2021-05-16,4,46,2021-10-22
sd,2021-05-17,4,46,2021-10-22
sd,2021-05-18,6,46,2021-10-22
sd,2021-05-19,4,46,2021-10-22
sd,2021-05-20,4,46,2021-10-22
sd,2021-05-21,3,46,2021-10-22
sd,2021-05-22,3,46,2021-10-22
sd,2021-05-23,1,46,2021-10-22
sd,2021-05-24,6,46,2021-10-22
sd,2021-05-25,1,46,2021-10-22
sd,2021-05-26,4,46,2021-10-22
sd,2021-05-27,6,46,2021-10-22
sd,2021-05-28,4,46,2021-10-22
sd,2021-05-29,3,46,2021-10-22
sd,2021-05-30,3,46,2021-10-22
sd,2021-05-31,4,46,2021-10-22
sd,2021-06-01,4,46,2021-10-22
sd,2021-06-02,4,46,2021-10-22
sd,2021-06-03,6,46,2021-10-22
sd,2021-06-04,4,46,2021-10-22
sd,2021-06-05,4,46,2021-10-22
sd,2021-06-06,5,46,2021-10-22
sd,2021-06-07,4,46,2021-10-22
sd,2021-06-08,5,46,2021-10-22
sd,2021-06-09,3,46,2021-10-22
sd,2021-06-10,6,46,2021-10-22
sd,2021-06-11,2,46,2021-10-22
sd,2021-06-12,1,46,2021-10-22
sd,2021-06-13,3,46,2021-10-22
sd,2021-06-14,1,46,2021-10-22
sd,2021-06-15,1,46,2021-10-22
sd,2021-06-16,4,46,2021-10-22
sd,2021-06-17,2,46,2021-10-22
sd,2021-06-18,3,46,2021-10-22
sd,2021-06-19,2,46,2021-10-22
sd,2021-06-20,1,46,2021-10-22
sd,2021-06-21,2,46,2021-10-22
sd,2021-06-22,6,46,2021-10-22
sd,2021-06-23,2,46,2021-10-22
sd,2021-06-24,5,46,2021-10-22
sd,2021-06-25,3,46,2021-10-22
sd,2021-06-26,3,46,2021-10-22
sd,2021-06-27,4,46,2021-10-22
sd,2021-06-28,6,46,2021-10-22
sd,2021-06-29,5,46,2021-10-22
sd,2021-06-30,6,46,2021-10-22
sd,2021-07-01,4,46,2021-10-22
sd,2021-07-02,3,46,2021-10-22
sd,2021-07-03,3,46,2021-10-22
sd,2021-07-04,3,46,2021-10-22
sd,2021-07-05,3,46,2021-10-22
sd,2021-07-06,5,46,2021-10-22
sd,2021-07-07,3,46,2021-10-22
sd,2021-07-08,5,46,2021-10-22
sd,2021-07-09,6,46,2021-10-22
sd,2021-07-10,3,46,2021-10-22
sd,2021-07-11,3,46,2021-10-22
sd,2021-07-12,6,46,2021-10-22
sd,2021-07-13,6,46,2021-10-22
sd,2021-07-14,7,46,2021-10-22
sd,2021-07-15,7,46,2021-10-22
sd,2021-07-16,9,46,2021-10-22
sd,2021-07-17,5,46,2021-10-22
sd,2021-07-18,2,46,2021-10-22
sd,2021-07-19,5,46,2021-10-22
sd,2021-07-20,5,46,2021-10-22
sd,2021-07-21,2,46,2021-10-22
sd,2021-07-22,5,46,2021-10-22
sd,2021-07-23,5,46,2021-10-22
sd,2021-07-24,3,46,2021-10-22
sd,2021-07-25,4,46,2021-10-22
sd,2021-07-26,8,46,2021-10-22
sd,2021-07-27,6,46,2021-10-22
sd,2021-07-28,7,46,2021-10-22
sd,2021-07-29,4,46,2021-10-22
sd,2021-07-30,9,46,2021-10-22
sd,2021-07-31,6,46,2021-10-22
sd,2021-08-01,6,46,2021-10-22
sd,2021-08-02,9,46,2021-10-22
sd,2021-08-03,5,46,2021-10-22
sd,2021-08-04,9,46,2021-10-22
sd,2021-08-05,9,46,2021-10-22
sd,2021-08-06,8,46,2021-10-22
sd,2021-08-07,8,46,2021-10-22
sd,2021-08-08,15,46,2021-10-22
sd,2021-08-09,17,46,2021-10-22
sd,2021-08-10,12,46,2021-10-22
sd,2021-08-11,11,46,2021-10-22
sd,2021-08-12,15,46,2021-10-22
sd,2021-08-13,21,46,2021-10-22
sd,2021-08-14,3,46,2021-10-22
sd,2021-08-15,15,46,2021-10-22
sd,2021-08-16,15,46,2021-10-22
sd,2021-08-17,23,46,2021-10-22
sd,2021-08-18,18,46,2021-10-22
sd,2021-08-19,19,46,2021-10-22
sd,2021-08-20,19,46,2021-10-22
sd,2021-08-21,17,46,2021-10-22
sd,2021-08-22,37,46,2021-10-22
sd,2021-08-23,34,46,2021-10-22
sd,2021-08-24,33,46,2021-10-22
sd,2021-08-25,33,46,2021-10-22
sd,2021-08-26,30,46,2021-10-22
sd,2021-08-27,38,46,2021-10-22
sd,2021-08-28,36,46,2021-10-22
sd,2021-08-29,32,46,2021-10-22
sd,2021-08-30,32,46,2021-10-22
sd,2021-08-31,29,46,2021-10-22
sd,2021-09-01,41,46,2021-10-22
sd,2021-09-02,30,46,2021-10-22
sd,2021-09-03,42,46,2021-10-22
sd,2021-09-04,23,46,2021-10-22
sd,2021-09-05,20,46,2021-10-22
sd,2021-09-06,16,46,2021-10-22
sd,2021-09-07,26,46,2021-10-22
sd,2021-09-08,29,46,2021-10-22
sd,2021-09-09,28,46,2021-10-22
sd,2021-09-10,20,46,2021-10-22
sd,2021-09-11,26,46,2021-10-22
sd,2021-09-12,27,46,2021-10-22
sd,2021-09-13,26,46,2021-10-22
sd,2021-09-14,34,46,2021-10-22
sd,2021-09-15,30,46,2021-10-22
sd,2021-09-16,30,46,2021-10-22
sd,2021-09-17,31,46,2021-10-22
sd,2021-09-18,19,46,2021-10-22
sd,2021-09-19,29,46,2021-10-22
sd,2021-09-20,23,46,2021-10-22
sd,2021-09-21,33,46,2021-10-22
sd,2021-09-22,23,46,2021-10-22
sd,2021-09-23,29,46,2021-10-22
sd,2021-09-24,21,46,2021-10-22
sd,2021-09-25,23,46,2021-10-22
sd,2021-09-26,25,46,2021-10-22
sd,2021-09-27,36,46,2021-10-22
sd,2021-09-28,29,46,2021-10-22
sd,2021-09-29,33,46,2021-10-22
sd,2021-09-30,30,46,2021-10-22
sd,2021-10-01,26,46,2021-10-22
sd,2021-10-02,26,46,2021-10-22
sd,2021-10-03,36,46,2021-10-22
sd,2021-10-04,30,46,2021-10-22
sd,2021-10-05,17,46,2021-10-22
sd,2021-10-06,32,46,2021-10-22
sd,2021-10-07,23,46,2021-10-22
sd,2021-10-08,28,46,2021-10-22
sd,2021-10-09,23,46,2021-10-22
sd,2021-10-10,26,46,2021-10-22
sd,2021-10-11,28,46,2021-10-22
sd,2021-10-12,20,46,2021-10-22
sd,2021-10-13,16,46,2021-10-22
sd,2021-10-14,23,46,2021-10-22
sd,2021-10-15,24,46,2021-10-22
sd,2021-10-16,26,46,2021-10-22
sd,2021-10-17,26,46,2021-10-22
sd,2021-10-18,41,46,2021-10-22
sd,2021-10-19,20,46,2021-10-22
sd,2021-10-20,30,46,2021-10-22
sd,2021-10-21,30,46,2021-10-22
tn,2020-03-13,NA,47,2021-10-22
tn,2020-03-14,NA,47,2021-10-22
tn,2020-03-15,NA,47,2021-10-22
tn,2020-03-16,NA,47,2021-10-22
tn,2020-03-17,NA,47,2021-10-22
tn,2020-03-18,NA,47,2021-10-22
tn,2020-03-19,NA,47,2021-10-22
tn,2020-03-20,NA,47,2021-10-22
tn,2020-03-21,NA,47,2021-10-22
tn,2020-03-22,NA,47,2021-10-22
tn,2020-03-23,NA,47,2021-10-22
tn,2020-03-24,NA,47,2021-10-22
tn,2020-03-25,NA,47,2021-10-22
tn,2020-03-26,NA,47,2021-10-22
tn,2020-03-27,NA,47,2021-10-22
tn,2020-03-28,NA,47,2021-10-22
tn,2020-03-29,NA,47,2021-10-22
tn,2020-03-30,NA,47,2021-10-22
tn,2020-03-31,NA,47,2021-10-22
tn,2020-04-01,NA,47,2021-10-22
tn,2020-04-02,NA,47,2021-10-22
tn,2020-04-03,NA,47,2021-10-22
tn,2020-04-04,NA,47,2021-10-22
tn,2020-04-05,NA,47,2021-10-22
tn,2020-04-06,NA,47,2021-10-22
tn,2020-04-07,NA,47,2021-10-22
tn,2020-04-08,NA,47,2021-10-22
tn,2020-04-09,NA,47,2021-10-22
tn,2020-04-10,NA,47,2021-10-22
tn,2020-04-11,NA,47,2021-10-22
tn,2020-04-12,NA,47,2021-10-22
tn,2020-04-13,NA,47,2021-10-22
tn,2020-04-14,NA,47,2021-10-22
tn,2020-04-15,NA,47,2021-10-22
tn,2020-04-16,NA,47,2021-10-22
tn,2020-04-17,NA,47,2021-10-22
tn,2020-04-18,NA,47,2021-10-22
tn,2020-04-19,NA,47,2021-10-22
tn,2020-04-20,NA,47,2021-10-22
tn,2020-04-21,NA,47,2021-10-22
tn,2020-04-22,NA,47,2021-10-22
tn,2020-04-23,NA,47,2021-10-22
tn,2020-04-24,NA,47,2021-10-22
tn,2020-04-25,NA,47,2021-10-22
tn,2020-04-26,NA,47,2021-10-22
tn,2020-04-27,NA,47,2021-10-22
tn,2020-04-28,NA,47,2021-10-22
tn,2020-04-29,NA,47,2021-10-22
tn,2020-04-30,NA,47,2021-10-22
tn,2020-05-01,NA,47,2021-10-22
tn,2020-05-02,NA,47,2021-10-22
tn,2020-05-03,NA,47,2021-10-22
tn,2020-05-04,NA,47,2021-10-22
tn,2020-05-05,NA,47,2021-10-22
tn,2020-05-06,NA,47,2021-10-22
tn,2020-05-07,NA,47,2021-10-22
tn,2020-05-08,NA,47,2021-10-22
tn,2020-05-09,NA,47,2021-10-22
tn,2020-05-10,NA,47,2021-10-22
tn,2020-05-11,NA,47,2021-10-22
tn,2020-05-12,NA,47,2021-10-22
tn,2020-05-13,NA,47,2021-10-22
tn,2020-05-14,NA,47,2021-10-22
tn,2020-05-15,NA,47,2021-10-22
tn,2020-05-16,NA,47,2021-10-22
tn,2020-05-17,NA,47,2021-10-22
tn,2020-05-18,NA,47,2021-10-22
tn,2020-05-19,NA,47,2021-10-22
tn,2020-05-20,NA,47,2021-10-22
tn,2020-05-21,NA,47,2021-10-22
tn,2020-05-22,NA,47,2021-10-22
tn,2020-05-23,NA,47,2021-10-22
tn,2020-05-24,NA,47,2021-10-22
tn,2020-05-25,NA,47,2021-10-22
tn,2020-05-26,NA,47,2021-10-22
tn,2020-05-27,NA,47,2021-10-22
tn,2020-05-28,NA,47,2021-10-22
tn,2020-05-29,NA,47,2021-10-22
tn,2020-05-30,NA,47,2021-10-22
tn,2020-05-31,NA,47,2021-10-22
tn,2020-06-01,NA,47,2021-10-22
tn,2020-06-02,NA,47,2021-10-22
tn,2020-06-03,NA,47,2021-10-22
tn,2020-06-04,NA,47,2021-10-22
tn,2020-06-05,NA,47,2021-10-22
tn,2020-06-06,NA,47,2021-10-22
tn,2020-06-07,NA,47,2021-10-22
tn,2020-06-08,NA,47,2021-10-22
tn,2020-06-09,NA,47,2021-10-22
tn,2020-06-10,NA,47,2021-10-22
tn,2020-06-11,NA,47,2021-10-22
tn,2020-06-12,NA,47,2021-10-22
tn,2020-06-13,NA,47,2021-10-22
tn,2020-06-14,NA,47,2021-10-22
tn,2020-06-15,NA,47,2021-10-22
tn,2020-06-16,NA,47,2021-10-22
tn,2020-06-17,NA,47,2021-10-22
tn,2020-06-18,NA,47,2021-10-22
tn,2020-06-19,NA,47,2021-10-22
tn,2020-06-20,NA,47,2021-10-22
tn,2020-06-21,NA,47,2021-10-22
tn,2020-06-22,NA,47,2021-10-22
tn,2020-06-23,NA,47,2021-10-22
tn,2020-06-24,NA,47,2021-10-22
tn,2020-06-25,NA,47,2021-10-22
tn,2020-06-26,NA,47,2021-10-22
tn,2020-06-27,NA,47,2021-10-22
tn,2020-06-28,NA,47,2021-10-22
tn,2020-06-29,NA,47,2021-10-22
tn,2020-06-30,NA,47,2021-10-22
tn,2020-07-01,NA,47,2021-10-22
tn,2020-07-02,NA,47,2021-10-22
tn,2020-07-03,NA,47,2021-10-22
tn,2020-07-04,NA,47,2021-10-22
tn,2020-07-05,NA,47,2021-10-22
tn,2020-07-06,NA,47,2021-10-22
tn,2020-07-07,NA,47,2021-10-22
tn,2020-07-08,NA,47,2021-10-22
tn,2020-07-09,NA,47,2021-10-22
tn,2020-07-10,NA,47,2021-10-22
tn,2020-07-11,NA,47,2021-10-22
tn,2020-07-12,NA,47,2021-10-22
tn,2020-07-13,NA,47,2021-10-22
tn,2020-07-14,180,47,2021-10-22
tn,2020-07-15,132,47,2021-10-22
tn,2020-07-16,178,47,2021-10-22
tn,2020-07-17,123,47,2021-10-22
tn,2020-07-18,104,47,2021-10-22
tn,2020-07-19,102,47,2021-10-22
tn,2020-07-20,147,47,2021-10-22
tn,2020-07-21,182,47,2021-10-22
tn,2020-07-22,162,47,2021-10-22
tn,2020-07-23,167,47,2021-10-22
tn,2020-07-24,150,47,2021-10-22
tn,2020-07-25,134,47,2021-10-22
tn,2020-07-26,142,47,2021-10-22
tn,2020-07-27,158,47,2021-10-22
tn,2020-07-28,139,47,2021-10-22
tn,2020-07-29,153,47,2021-10-22
tn,2020-07-30,138,47,2021-10-22
tn,2020-07-31,134,47,2021-10-22
tn,2020-08-01,131,47,2021-10-22
tn,2020-08-02,120,47,2021-10-22
tn,2020-08-03,168,47,2021-10-22
tn,2020-08-04,165,47,2021-10-22
tn,2020-08-05,145,47,2021-10-22
tn,2020-08-06,151,47,2021-10-22
tn,2020-08-07,136,47,2021-10-22
tn,2020-08-08,113,47,2021-10-22
tn,2020-08-09,138,47,2021-10-22
tn,2020-08-10,130,47,2021-10-22
tn,2020-08-11,135,47,2021-10-22
tn,2020-08-12,134,47,2021-10-22
tn,2020-08-13,148,47,2021-10-22
tn,2020-08-14,120,47,2021-10-22
tn,2020-08-15,102,47,2021-10-22
tn,2020-08-16,96,47,2021-10-22
tn,2020-08-17,133,47,2021-10-22
tn,2020-08-18,113,47,2021-10-22
tn,2020-08-19,139,47,2021-10-22
tn,2020-08-20,111,47,2021-10-22
tn,2020-08-21,95,47,2021-10-22
tn,2020-08-22,82,47,2021-10-22
tn,2020-08-23,97,47,2021-10-22
tn,2020-08-24,112,47,2021-10-22
tn,2020-08-25,128,47,2021-10-22
tn,2020-08-26,113,47,2021-10-22
tn,2020-08-27,121,47,2021-10-22
tn,2020-08-28,100,47,2021-10-22
tn,2020-08-29,125,47,2021-10-22
tn,2020-08-30,86,47,2021-10-22
tn,2020-08-31,115,47,2021-10-22
tn,2020-09-01,114,47,2021-10-22
tn,2020-09-02,122,47,2021-10-22
tn,2020-09-03,119,47,2021-10-22
tn,2020-09-04,114,47,2021-10-22
tn,2020-09-05,62,47,2021-10-22
tn,2020-09-06,98,47,2021-10-22
tn,2020-09-07,97,47,2021-10-22
tn,2020-09-08,108,47,2021-10-22
tn,2020-09-09,104,47,2021-10-22
tn,2020-09-10,110,47,2021-10-22
tn,2020-09-11,115,47,2021-10-22
tn,2020-09-12,108,47,2021-10-22
tn,2020-09-13,90,47,2021-10-22
tn,2020-09-14,95,47,2021-10-22
tn,2020-09-15,108,47,2021-10-22
tn,2020-09-16,118,47,2021-10-22
tn,2020-09-17,97,47,2021-10-22
tn,2020-09-18,83,47,2021-10-22
tn,2020-09-19,85,47,2021-10-22
tn,2020-09-20,93,47,2021-10-22
tn,2020-09-21,128,47,2021-10-22
tn,2020-09-22,106,47,2021-10-22
tn,2020-09-23,95,47,2021-10-22
tn,2020-09-24,116,47,2021-10-22
tn,2020-09-25,108,47,2021-10-22
tn,2020-09-26,79,47,2021-10-22
tn,2020-09-27,93,47,2021-10-22
tn,2020-09-28,119,47,2021-10-22
tn,2020-09-29,133,47,2021-10-22
tn,2020-09-30,128,47,2021-10-22
tn,2020-10-01,125,47,2021-10-22
tn,2020-10-02,117,47,2021-10-22
tn,2020-10-03,87,47,2021-10-22
tn,2020-10-04,126,47,2021-10-22
tn,2020-10-05,135,47,2021-10-22
tn,2020-10-06,156,47,2021-10-22
tn,2020-10-07,135,47,2021-10-22
tn,2020-10-08,119,47,2021-10-22
tn,2020-10-09,137,47,2021-10-22
tn,2020-10-10,138,47,2021-10-22
tn,2020-10-11,141,47,2021-10-22
tn,2020-10-12,154,47,2021-10-22
tn,2020-10-13,169,47,2021-10-22
tn,2020-10-14,169,47,2021-10-22
tn,2020-10-15,155,47,2021-10-22
tn,2020-10-16,166,47,2021-10-22
tn,2020-10-17,136,47,2021-10-22
tn,2020-10-18,168,47,2021-10-22
tn,2020-10-19,193,47,2021-10-22
tn,2020-10-20,173,47,2021-10-22
tn,2020-10-21,166,47,2021-10-22
tn,2020-10-22,176,47,2021-10-22
tn,2020-10-23,176,47,2021-10-22
tn,2020-10-24,151,47,2021-10-22
tn,2020-10-25,174,47,2021-10-22
tn,2020-10-26,205,47,2021-10-22
tn,2020-10-27,198,47,2021-10-22
tn,2020-10-28,181,47,2021-10-22
tn,2020-10-29,208,47,2021-10-22
tn,2020-10-30,185,47,2021-10-22
tn,2020-10-31,147,47,2021-10-22
tn,2020-11-01,167,47,2021-10-22
tn,2020-11-02,193,47,2021-10-22
tn,2020-11-03,224,47,2021-10-22
tn,2020-11-04,198,47,2021-10-22
tn,2020-11-05,184,47,2021-10-22
tn,2020-11-06,180,47,2021-10-22
tn,2020-11-07,194,47,2021-10-22
tn,2020-11-08,214,47,2021-10-22
tn,2020-11-09,261,47,2021-10-22
tn,2020-11-10,264,47,2021-10-22
tn,2020-11-11,264,47,2021-10-22
tn,2020-11-12,210,47,2021-10-22
tn,2020-11-13,238,47,2021-10-22
tn,2020-11-14,254,47,2021-10-22
tn,2020-11-15,231,47,2021-10-22
tn,2020-11-16,277,47,2021-10-22
tn,2020-11-17,264,47,2021-10-22
tn,2020-11-18,268,47,2021-10-22
tn,2020-11-19,277,47,2021-10-22
tn,2020-11-20,277,47,2021-10-22
tn,2020-11-21,250,47,2021-10-22
tn,2020-11-22,254,47,2021-10-22
tn,2020-11-23,297,47,2021-10-22
tn,2020-11-24,297,47,2021-10-22
tn,2020-11-25,288,47,2021-10-22
tn,2020-11-26,216,47,2021-10-22
tn,2020-11-27,293,47,2021-10-22
tn,2020-11-28,293,47,2021-10-22
tn,2020-11-29,249,47,2021-10-22
tn,2020-11-30,328,47,2021-10-22
tn,2020-12-01,294,47,2021-10-22
tn,2020-12-02,359,47,2021-10-22
tn,2020-12-03,336,47,2021-10-22
tn,2020-12-04,362,47,2021-10-22
tn,2020-12-05,308,47,2021-10-22
tn,2020-12-06,310,47,2021-10-22
tn,2020-12-07,376,47,2021-10-22
tn,2020-12-08,343,47,2021-10-22
tn,2020-12-09,388,47,2021-10-22
tn,2020-12-10,394,47,2021-10-22
tn,2020-12-11,388,47,2021-10-22
tn,2020-12-12,358,47,2021-10-22
tn,2020-12-13,355,47,2021-10-22
tn,2020-12-14,461,47,2021-10-22
tn,2020-12-15,407,47,2021-10-22
tn,2020-12-16,415,47,2021-10-22
tn,2020-12-17,369,47,2021-10-22
tn,2020-12-18,332,47,2021-10-22
tn,2020-12-19,298,47,2021-10-22
tn,2020-12-20,362,47,2021-10-22
tn,2020-12-21,456,47,2021-10-22
tn,2020-12-22,379,47,2021-10-22
tn,2020-12-23,390,47,2021-10-22
tn,2020-12-24,303,47,2021-10-22
tn,2020-12-25,260,47,2021-10-22
tn,2020-12-26,350,47,2021-10-22
tn,2020-12-27,379,47,2021-10-22
tn,2020-12-28,463,47,2021-10-22
tn,2020-12-29,423,47,2021-10-22
tn,2020-12-30,388,47,2021-10-22
tn,2020-12-31,368,47,2021-10-22
tn,2021-01-01,387,47,2021-10-22
tn,2021-01-02,333,47,2021-10-22
tn,2021-01-03,337,47,2021-10-22
tn,2021-01-04,445,47,2021-10-22
tn,2021-01-05,420,47,2021-10-22
tn,2021-01-06,363,47,2021-10-22
tn,2021-01-07,396,47,2021-10-22
tn,2021-01-08,326,47,2021-10-22
tn,2021-01-09,263,47,2021-10-22
tn,2021-01-10,289,47,2021-10-22
tn,2021-01-11,361,47,2021-10-22
tn,2021-01-12,314,47,2021-10-22
tn,2021-01-13,329,47,2021-10-22
tn,2021-01-14,284,47,2021-10-22
tn,2021-01-15,282,47,2021-10-22
tn,2021-01-16,239,47,2021-10-22
tn,2021-01-17,235,47,2021-10-22
tn,2021-01-18,252,47,2021-10-22
tn,2021-01-19,237,47,2021-10-22
tn,2021-01-20,245,47,2021-10-22
tn,2021-01-21,252,47,2021-10-22
tn,2021-01-22,190,47,2021-10-22
tn,2021-01-23,177,47,2021-10-22
tn,2021-01-24,154,47,2021-10-22
tn,2021-01-25,218,47,2021-10-22
tn,2021-01-26,202,47,2021-10-22
tn,2021-01-27,199,47,2021-10-22
tn,2021-01-28,156,47,2021-10-22
tn,2021-01-29,179,47,2021-10-22
tn,2021-01-30,151,47,2021-10-22
tn,2021-01-31,143,47,2021-10-22
tn,2021-02-01,183,47,2021-10-22
tn,2021-02-02,150,47,2021-10-22
tn,2021-02-03,169,47,2021-10-22
tn,2021-02-04,166,47,2021-10-22
tn,2021-02-05,140,47,2021-10-22
tn,2021-02-06,123,47,2021-10-22
tn,2021-02-07,111,47,2021-10-22
tn,2021-02-08,150,47,2021-10-22
tn,2021-02-09,139,47,2021-10-22
tn,2021-02-10,139,47,2021-10-22
tn,2021-02-11,126,47,2021-10-22
tn,2021-02-12,130,47,2021-10-22
tn,2021-02-13,101,47,2021-10-22
tn,2021-02-14,98,47,2021-10-22
tn,2021-02-15,90,47,2021-10-22
tn,2021-02-16,106,47,2021-10-22
tn,2021-02-17,99,47,2021-10-22
tn,2021-02-18,135,47,2021-10-22
tn,2021-02-19,117,47,2021-10-22
tn,2021-02-20,95,47,2021-10-22
tn,2021-02-21,107,47,2021-10-22
tn,2021-02-22,115,47,2021-10-22
tn,2021-02-23,169,47,2021-10-22
tn,2021-02-24,147,47,2021-10-22
tn,2021-02-25,134,47,2021-10-22
tn,2021-02-26,92,47,2021-10-22
tn,2021-02-27,75,47,2021-10-22
tn,2021-02-28,73,47,2021-10-22
tn,2021-03-01,102,47,2021-10-22
tn,2021-03-02,101,47,2021-10-22
tn,2021-03-03,80,47,2021-10-22
tn,2021-03-04,79,47,2021-10-22
tn,2021-03-05,57,47,2021-10-22
tn,2021-03-06,66,47,2021-10-22
tn,2021-03-07,69,47,2021-10-22
tn,2021-03-08,70,47,2021-10-22
tn,2021-03-09,77,47,2021-10-22
tn,2021-03-10,89,47,2021-10-22
tn,2021-03-11,80,47,2021-10-22
tn,2021-03-12,79,47,2021-10-22
tn,2021-03-13,70,47,2021-10-22
tn,2021-03-14,64,47,2021-10-22
tn,2021-03-15,89,47,2021-10-22
tn,2021-03-16,88,47,2021-10-22
tn,2021-03-17,112,47,2021-10-22
tn,2021-03-18,92,47,2021-10-22
tn,2021-03-19,80,47,2021-10-22
tn,2021-03-20,99,47,2021-10-22
tn,2021-03-21,77,47,2021-10-22
tn,2021-03-22,115,47,2021-10-22
tn,2021-03-23,112,47,2021-10-22
tn,2021-03-24,115,47,2021-10-22
tn,2021-03-25,101,47,2021-10-22
tn,2021-03-26,104,47,2021-10-22
tn,2021-03-27,98,47,2021-10-22
tn,2021-03-28,81,47,2021-10-22
tn,2021-03-29,139,47,2021-10-22
tn,2021-03-30,109,47,2021-10-22
tn,2021-03-31,70,47,2021-10-22
tn,2021-04-01,103,47,2021-10-22
tn,2021-04-02,90,47,2021-10-22
tn,2021-04-03,87,47,2021-10-22
tn,2021-04-04,97,47,2021-10-22
tn,2021-04-05,118,47,2021-10-22
tn,2021-04-06,103,47,2021-10-22
tn,2021-04-07,108,47,2021-10-22
tn,2021-04-08,105,47,2021-10-22
tn,2021-04-09,99,47,2021-10-22
tn,2021-04-10,90,47,2021-10-22
tn,2021-04-11,94,47,2021-10-22
tn,2021-04-12,99,47,2021-10-22
tn,2021-04-13,98,47,2021-10-22
tn,2021-04-14,111,47,2021-10-22
tn,2021-04-15,138,47,2021-10-22
tn,2021-04-16,89,47,2021-10-22
tn,2021-04-17,104,47,2021-10-22
tn,2021-04-18,96,47,2021-10-22
tn,2021-04-19,131,47,2021-10-22
tn,2021-04-20,104,47,2021-10-22
tn,2021-04-21,92,47,2021-10-22
tn,2021-04-22,103,47,2021-10-22
tn,2021-04-23,97,47,2021-10-22
tn,2021-04-24,91,47,2021-10-22
tn,2021-04-25,68,47,2021-10-22
tn,2021-04-26,106,47,2021-10-22
tn,2021-04-27,80,47,2021-10-22
tn,2021-04-28,98,47,2021-10-22
tn,2021-04-29,106,47,2021-10-22
tn,2021-04-30,93,47,2021-10-22
tn,2021-05-01,59,47,2021-10-22
tn,2021-05-02,75,47,2021-10-22
tn,2021-05-03,99,47,2021-10-22
tn,2021-05-04,92,47,2021-10-22
tn,2021-05-05,81,47,2021-10-22
tn,2021-05-06,73,47,2021-10-22
tn,2021-05-07,86,47,2021-10-22
tn,2021-05-08,68,47,2021-10-22
tn,2021-05-09,74,47,2021-10-22
tn,2021-05-10,77,47,2021-10-22
tn,2021-05-11,74,47,2021-10-22
tn,2021-05-12,73,47,2021-10-22
tn,2021-05-13,80,47,2021-10-22
tn,2021-05-14,70,47,2021-10-22
tn,2021-05-15,54,47,2021-10-22
tn,2021-05-16,49,47,2021-10-22
tn,2021-05-17,52,47,2021-10-22
tn,2021-05-18,61,47,2021-10-22
tn,2021-05-19,56,47,2021-10-22
tn,2021-05-20,67,47,2021-10-22
tn,2021-05-21,53,47,2021-10-22
tn,2021-05-22,59,47,2021-10-22
tn,2021-05-23,57,47,2021-10-22
tn,2021-05-24,63,47,2021-10-22
tn,2021-05-25,51,47,2021-10-22
tn,2021-05-26,56,47,2021-10-22
tn,2021-05-27,47,47,2021-10-22
tn,2021-05-28,44,47,2021-10-22
tn,2021-05-29,34,47,2021-10-22
tn,2021-05-30,42,47,2021-10-22
tn,2021-05-31,30,47,2021-10-22
tn,2021-06-01,44,47,2021-10-22
tn,2021-06-02,42,47,2021-10-22
tn,2021-06-03,39,47,2021-10-22
tn,2021-06-04,33,47,2021-10-22
tn,2021-06-05,23,47,2021-10-22
tn,2021-06-06,34,47,2021-10-22
tn,2021-06-07,42,47,2021-10-22
tn,2021-06-08,18,47,2021-10-22
tn,2021-06-09,36,47,2021-10-22
tn,2021-06-10,29,47,2021-10-22
tn,2021-06-11,41,47,2021-10-22
tn,2021-06-12,25,47,2021-10-22
tn,2021-06-13,27,47,2021-10-22
tn,2021-06-14,21,47,2021-10-22
tn,2021-06-15,22,47,2021-10-22
tn,2021-06-16,20,47,2021-10-22
tn,2021-06-17,21,47,2021-10-22
tn,2021-06-18,24,47,2021-10-22
tn,2021-06-19,24,47,2021-10-22
tn,2021-06-20,14,47,2021-10-22
tn,2021-06-21,15,47,2021-10-22
tn,2021-06-22,26,47,2021-10-22
tn,2021-06-23,29,47,2021-10-22
tn,2021-06-24,32,47,2021-10-22
tn,2021-06-25,21,47,2021-10-22
tn,2021-06-26,11,47,2021-10-22
tn,2021-06-27,26,47,2021-10-22
tn,2021-06-28,27,47,2021-10-22
tn,2021-06-29,14,47,2021-10-22
tn,2021-06-30,38,47,2021-10-22
tn,2021-07-01,18,47,2021-10-22
tn,2021-07-02,20,47,2021-10-22
tn,2021-07-03,20,47,2021-10-22
tn,2021-07-04,32,47,2021-10-22
tn,2021-07-05,33,47,2021-10-22
tn,2021-07-06,30,47,2021-10-22
tn,2021-07-07,24,47,2021-10-22
tn,2021-07-08,31,47,2021-10-22
tn,2021-07-09,35,47,2021-10-22
tn,2021-07-10,39,47,2021-10-22
tn,2021-07-11,41,47,2021-10-22
tn,2021-07-12,53,47,2021-10-22
tn,2021-07-13,48,47,2021-10-22
tn,2021-07-14,43,47,2021-10-22
tn,2021-07-15,56,47,2021-10-22
tn,2021-07-16,74,47,2021-10-22
tn,2021-07-17,63,47,2021-10-22
tn,2021-07-18,72,47,2021-10-22
tn,2021-07-19,87,47,2021-10-22
tn,2021-07-20,89,47,2021-10-22
tn,2021-07-21,88,47,2021-10-22
tn,2021-07-22,97,47,2021-10-22
tn,2021-07-23,97,47,2021-10-22
tn,2021-07-24,76,47,2021-10-22
tn,2021-07-25,116,47,2021-10-22
tn,2021-07-26,137,47,2021-10-22
tn,2021-07-27,161,47,2021-10-22
tn,2021-07-28,153,47,2021-10-22
tn,2021-07-29,156,47,2021-10-22
tn,2021-07-30,181,47,2021-10-22
tn,2021-07-31,144,47,2021-10-22
tn,2021-08-01,197,47,2021-10-22
tn,2021-08-02,207,47,2021-10-22
tn,2021-08-03,231,47,2021-10-22
tn,2021-08-04,216,47,2021-10-22
tn,2021-08-05,250,47,2021-10-22
tn,2021-08-06,224,47,2021-10-22
tn,2021-08-07,233,47,2021-10-22
tn,2021-08-08,272,47,2021-10-22
tn,2021-08-09,288,47,2021-10-22
tn,2021-08-10,278,47,2021-10-22
tn,2021-08-11,309,47,2021-10-22
tn,2021-08-12,311,47,2021-10-22
tn,2021-08-13,291,47,2021-10-22
tn,2021-08-14,238,47,2021-10-22
tn,2021-08-15,288,47,2021-10-22
tn,2021-08-16,332,47,2021-10-22
tn,2021-08-17,311,47,2021-10-22
tn,2021-08-18,331,47,2021-10-22
tn,2021-08-19,345,47,2021-10-22
tn,2021-08-20,300,47,2021-10-22
tn,2021-08-21,291,47,2021-10-22
tn,2021-08-22,350,47,2021-10-22
tn,2021-08-23,362,47,2021-10-22
tn,2021-08-24,372,47,2021-10-22
tn,2021-08-25,385,47,2021-10-22
tn,2021-08-26,373,47,2021-10-22
tn,2021-08-27,401,47,2021-10-22
tn,2021-08-28,315,47,2021-10-22
tn,2021-08-29,372,47,2021-10-22
tn,2021-08-30,458,47,2021-10-22
tn,2021-08-31,463,47,2021-10-22
tn,2021-09-01,461,47,2021-10-22
tn,2021-09-02,396,47,2021-10-22
tn,2021-09-03,381,47,2021-10-22
tn,2021-09-04,371,47,2021-10-22
tn,2021-09-05,362,47,2021-10-22
tn,2021-09-06,393,47,2021-10-22
tn,2021-09-07,431,47,2021-10-22
tn,2021-09-08,441,47,2021-10-22
tn,2021-09-09,426,47,2021-10-22
tn,2021-09-10,365,47,2021-10-22
tn,2021-09-11,292,47,2021-10-22
tn,2021-09-12,286,47,2021-10-22
tn,2021-09-13,358,47,2021-10-22
tn,2021-09-14,364,47,2021-10-22
tn,2021-09-15,345,47,2021-10-22
tn,2021-09-16,336,47,2021-10-22
tn,2021-09-17,295,47,2021-10-22
tn,2021-09-18,258,47,2021-10-22
tn,2021-09-19,261,47,2021-10-22
tn,2021-09-20,283,47,2021-10-22
tn,2021-09-21,306,47,2021-10-22
tn,2021-09-22,257,47,2021-10-22
tn,2021-09-23,240,47,2021-10-22
tn,2021-09-24,244,47,2021-10-22
tn,2021-09-25,223,47,2021-10-22
tn,2021-09-26,213,47,2021-10-22
tn,2021-09-27,245,47,2021-10-22
tn,2021-09-28,248,47,2021-10-22
tn,2021-09-29,206,47,2021-10-22
tn,2021-09-30,197,47,2021-10-22
tn,2021-10-01,166,47,2021-10-22
tn,2021-10-02,157,47,2021-10-22
tn,2021-10-03,165,47,2021-10-22
tn,2021-10-04,200,47,2021-10-22
tn,2021-10-05,170,47,2021-10-22
tn,2021-10-06,201,47,2021-10-22
tn,2021-10-07,154,47,2021-10-22
tn,2021-10-08,140,47,2021-10-22
tn,2021-10-09,119,47,2021-10-22
tn,2021-10-10,156,47,2021-10-22
tn,2021-10-11,151,47,2021-10-22
tn,2021-10-12,169,47,2021-10-22
tn,2021-10-13,150,47,2021-10-22
tn,2021-10-14,153,47,2021-10-22
tn,2021-10-15,121,47,2021-10-22
tn,2021-10-16,107,47,2021-10-22
tn,2021-10-17,96,47,2021-10-22
tn,2021-10-18,119,47,2021-10-22
tn,2021-10-19,123,47,2021-10-22
tn,2021-10-20,122,47,2021-10-22
tn,2021-10-21,122,47,2021-10-22
tx,2019-12-31,NA,48,2021-10-22
tx,2020-01-01,NA,48,2021-10-22
tx,2020-01-02,NA,48,2021-10-22
tx,2020-01-03,NA,48,2021-10-22
tx,2020-01-04,NA,48,2021-10-22
tx,2020-01-05,NA,48,2021-10-22
tx,2020-01-06,NA,48,2021-10-22
tx,2020-01-07,NA,48,2021-10-22
tx,2020-01-08,NA,48,2021-10-22
tx,2020-01-09,NA,48,2021-10-22
tx,2020-01-10,NA,48,2021-10-22
tx,2020-01-11,NA,48,2021-10-22
tx,2020-01-12,NA,48,2021-10-22
tx,2020-01-13,NA,48,2021-10-22
tx,2020-01-14,NA,48,2021-10-22
tx,2020-01-15,NA,48,2021-10-22
tx,2020-01-16,NA,48,2021-10-22
tx,2020-01-17,NA,48,2021-10-22
tx,2020-01-18,NA,48,2021-10-22
tx,2020-01-19,NA,48,2021-10-22
tx,2020-01-20,NA,48,2021-10-22
tx,2020-01-21,NA,48,2021-10-22
tx,2020-01-22,NA,48,2021-10-22
tx,2020-01-23,NA,48,2021-10-22
tx,2020-01-24,NA,48,2021-10-22
tx,2020-01-25,NA,48,2021-10-22
tx,2020-01-26,NA,48,2021-10-22
tx,2020-01-27,NA,48,2021-10-22
tx,2020-01-28,NA,48,2021-10-22
tx,2020-01-29,NA,48,2021-10-22
tx,2020-01-30,NA,48,2021-10-22
tx,2020-01-31,NA,48,2021-10-22
tx,2020-02-01,NA,48,2021-10-22
tx,2020-02-02,NA,48,2021-10-22
tx,2020-02-03,NA,48,2021-10-22
tx,2020-02-04,NA,48,2021-10-22
tx,2020-02-05,NA,48,2021-10-22
tx,2020-02-06,NA,48,2021-10-22
tx,2020-02-07,NA,48,2021-10-22
tx,2020-02-08,NA,48,2021-10-22
tx,2020-02-09,NA,48,2021-10-22
tx,2020-02-10,NA,48,2021-10-22
tx,2020-02-11,NA,48,2021-10-22
tx,2020-02-12,NA,48,2021-10-22
tx,2020-02-13,NA,48,2021-10-22
tx,2020-02-14,NA,48,2021-10-22
tx,2020-02-15,NA,48,2021-10-22
tx,2020-02-16,NA,48,2021-10-22
tx,2020-02-17,NA,48,2021-10-22
tx,2020-02-18,NA,48,2021-10-22
tx,2020-02-19,NA,48,2021-10-22
tx,2020-02-20,NA,48,2021-10-22
tx,2020-02-21,NA,48,2021-10-22
tx,2020-02-22,NA,48,2021-10-22
tx,2020-02-23,NA,48,2021-10-22
tx,2020-02-24,NA,48,2021-10-22
tx,2020-02-25,NA,48,2021-10-22
tx,2020-02-26,NA,48,2021-10-22
tx,2020-02-27,NA,48,2021-10-22
tx,2020-02-28,NA,48,2021-10-22
tx,2020-02-29,NA,48,2021-10-22
tx,2020-03-01,NA,48,2021-10-22
tx,2020-03-02,NA,48,2021-10-22
tx,2020-03-03,NA,48,2021-10-22
tx,2020-03-04,NA,48,2021-10-22
tx,2020-03-05,NA,48,2021-10-22
tx,2020-03-06,NA,48,2021-10-22
tx,2020-03-07,NA,48,2021-10-22
tx,2020-03-08,NA,48,2021-10-22
tx,2020-03-09,NA,48,2021-10-22
tx,2020-03-10,NA,48,2021-10-22
tx,2020-03-11,NA,48,2021-10-22
tx,2020-03-12,NA,48,2021-10-22
tx,2020-03-13,NA,48,2021-10-22
tx,2020-03-14,NA,48,2021-10-22
tx,2020-03-15,NA,48,2021-10-22
tx,2020-03-16,NA,48,2021-10-22
tx,2020-03-17,NA,48,2021-10-22
tx,2020-03-18,NA,48,2021-10-22
tx,2020-03-19,NA,48,2021-10-22
tx,2020-03-20,NA,48,2021-10-22
tx,2020-03-21,NA,48,2021-10-22
tx,2020-03-22,NA,48,2021-10-22
tx,2020-03-23,NA,48,2021-10-22
tx,2020-03-24,NA,48,2021-10-22
tx,2020-03-25,NA,48,2021-10-22
tx,2020-03-26,NA,48,2021-10-22
tx,2020-03-27,NA,48,2021-10-22
tx,2020-03-28,NA,48,2021-10-22
tx,2020-03-29,NA,48,2021-10-22
tx,2020-03-30,NA,48,2021-10-22
tx,2020-03-31,NA,48,2021-10-22
tx,2020-04-01,NA,48,2021-10-22
tx,2020-04-02,NA,48,2021-10-22
tx,2020-04-03,NA,48,2021-10-22
tx,2020-04-04,NA,48,2021-10-22
tx,2020-04-05,NA,48,2021-10-22
tx,2020-04-06,NA,48,2021-10-22
tx,2020-04-07,NA,48,2021-10-22
tx,2020-04-08,NA,48,2021-10-22
tx,2020-04-09,NA,48,2021-10-22
tx,2020-04-10,NA,48,2021-10-22
tx,2020-04-11,NA,48,2021-10-22
tx,2020-04-12,NA,48,2021-10-22
tx,2020-04-13,NA,48,2021-10-22
tx,2020-04-14,NA,48,2021-10-22
tx,2020-04-15,NA,48,2021-10-22
tx,2020-04-16,NA,48,2021-10-22
tx,2020-04-17,NA,48,2021-10-22
tx,2020-04-18,NA,48,2021-10-22
tx,2020-04-19,NA,48,2021-10-22
tx,2020-04-20,NA,48,2021-10-22
tx,2020-04-21,NA,48,2021-10-22
tx,2020-04-22,NA,48,2021-10-22
tx,2020-04-23,NA,48,2021-10-22
tx,2020-04-24,NA,48,2021-10-22
tx,2020-04-25,NA,48,2021-10-22
tx,2020-04-26,NA,48,2021-10-22
tx,2020-04-27,NA,48,2021-10-22
tx,2020-04-28,NA,48,2021-10-22
tx,2020-04-29,NA,48,2021-10-22
tx,2020-04-30,NA,48,2021-10-22
tx,2020-05-01,NA,48,2021-10-22
tx,2020-05-02,NA,48,2021-10-22
tx,2020-05-03,NA,48,2021-10-22
tx,2020-05-04,NA,48,2021-10-22
tx,2020-05-05,NA,48,2021-10-22
tx,2020-05-06,NA,48,2021-10-22
tx,2020-05-07,NA,48,2021-10-22
tx,2020-05-08,NA,48,2021-10-22
tx,2020-05-09,NA,48,2021-10-22
tx,2020-05-10,NA,48,2021-10-22
tx,2020-05-11,NA,48,2021-10-22
tx,2020-05-12,NA,48,2021-10-22
tx,2020-05-13,NA,48,2021-10-22
tx,2020-05-14,NA,48,2021-10-22
tx,2020-05-15,NA,48,2021-10-22
tx,2020-05-16,NA,48,2021-10-22
tx,2020-05-17,NA,48,2021-10-22
tx,2020-05-18,NA,48,2021-10-22
tx,2020-05-19,NA,48,2021-10-22
tx,2020-05-20,NA,48,2021-10-22
tx,2020-05-21,NA,48,2021-10-22
tx,2020-05-22,NA,48,2021-10-22
tx,2020-05-23,NA,48,2021-10-22
tx,2020-05-24,NA,48,2021-10-22
tx,2020-05-25,NA,48,2021-10-22
tx,2020-05-26,NA,48,2021-10-22
tx,2020-05-27,NA,48,2021-10-22
tx,2020-05-28,NA,48,2021-10-22
tx,2020-05-29,NA,48,2021-10-22
tx,2020-05-30,NA,48,2021-10-22
tx,2020-05-31,NA,48,2021-10-22
tx,2020-06-01,NA,48,2021-10-22
tx,2020-06-02,NA,48,2021-10-22
tx,2020-06-03,NA,48,2021-10-22
tx,2020-06-04,NA,48,2021-10-22
tx,2020-06-05,NA,48,2021-10-22
tx,2020-06-06,NA,48,2021-10-22
tx,2020-06-07,NA,48,2021-10-22
tx,2020-06-08,NA,48,2021-10-22
tx,2020-06-09,NA,48,2021-10-22
tx,2020-06-10,NA,48,2021-10-22
tx,2020-06-11,NA,48,2021-10-22
tx,2020-06-12,NA,48,2021-10-22
tx,2020-06-13,NA,48,2021-10-22
tx,2020-06-14,NA,48,2021-10-22
tx,2020-06-15,NA,48,2021-10-22
tx,2020-06-16,NA,48,2021-10-22
tx,2020-06-17,NA,48,2021-10-22
tx,2020-06-18,NA,48,2021-10-22
tx,2020-06-19,NA,48,2021-10-22
tx,2020-06-20,NA,48,2021-10-22
tx,2020-06-21,NA,48,2021-10-22
tx,2020-06-22,NA,48,2021-10-22
tx,2020-06-23,NA,48,2021-10-22
tx,2020-06-24,NA,48,2021-10-22
tx,2020-06-25,NA,48,2021-10-22
tx,2020-06-26,NA,48,2021-10-22
tx,2020-06-27,NA,48,2021-10-22
tx,2020-06-28,NA,48,2021-10-22
tx,2020-06-29,NA,48,2021-10-22
tx,2020-06-30,NA,48,2021-10-22
tx,2020-07-01,NA,48,2021-10-22
tx,2020-07-02,NA,48,2021-10-22
tx,2020-07-03,NA,48,2021-10-22
tx,2020-07-04,NA,48,2021-10-22
tx,2020-07-05,NA,48,2021-10-22
tx,2020-07-06,NA,48,2021-10-22
tx,2020-07-07,NA,48,2021-10-22
tx,2020-07-08,NA,48,2021-10-22
tx,2020-07-09,NA,48,2021-10-22
tx,2020-07-10,NA,48,2021-10-22
tx,2020-07-11,NA,48,2021-10-22
tx,2020-07-12,NA,48,2021-10-22
tx,2020-07-13,NA,48,2021-10-22
tx,2020-07-14,752,48,2021-10-22
tx,2020-07-15,1014,48,2021-10-22
tx,2020-07-16,1012,48,2021-10-22
tx,2020-07-17,847,48,2021-10-22
tx,2020-07-18,757,48,2021-10-22
tx,2020-07-19,748,48,2021-10-22
tx,2020-07-20,906,48,2021-10-22
tx,2020-07-21,894,48,2021-10-22
tx,2020-07-22,515,48,2021-10-22
tx,2020-07-23,761,48,2021-10-22
tx,2020-07-24,1021,48,2021-10-22
tx,2020-07-25,368,48,2021-10-22
tx,2020-07-26,886,48,2021-10-22
tx,2020-07-27,1044,48,2021-10-22
tx,2020-07-28,948,48,2021-10-22
tx,2020-07-29,849,48,2021-10-22
tx,2020-07-30,864,48,2021-10-22
tx,2020-07-31,882,48,2021-10-22
tx,2020-08-01,752,48,2021-10-22
tx,2020-08-02,710,48,2021-10-22
tx,2020-08-03,763,48,2021-10-22
tx,2020-08-04,761,48,2021-10-22
tx,2020-08-05,828,48,2021-10-22
tx,2020-08-06,800,48,2021-10-22
tx,2020-08-07,716,48,2021-10-22
tx,2020-08-08,653,48,2021-10-22
tx,2020-08-09,600,48,2021-10-22
tx,2020-08-10,640,48,2021-10-22
tx,2020-08-11,664,48,2021-10-22
tx,2020-08-12,638,48,2021-10-22
tx,2020-08-13,671,48,2021-10-22
tx,2020-08-14,675,48,2021-10-22
tx,2020-08-15,576,48,2021-10-22
tx,2020-08-16,537,48,2021-10-22
tx,2020-08-17,567,48,2021-10-22
tx,2020-08-18,651,48,2021-10-22
tx,2020-08-19,616,48,2021-10-22
tx,2020-08-20,552,48,2021-10-22
tx,2020-08-21,516,48,2021-10-22
tx,2020-08-22,494,48,2021-10-22
tx,2020-08-23,430,48,2021-10-22
tx,2020-08-24,516,48,2021-10-22
tx,2020-08-25,517,48,2021-10-22
tx,2020-08-26,520,48,2021-10-22
tx,2020-08-27,519,48,2021-10-22
tx,2020-08-28,511,48,2021-10-22
tx,2020-08-29,438,48,2021-10-22
tx,2020-08-30,415,48,2021-10-22
tx,2020-08-31,470,48,2021-10-22
tx,2020-09-01,510,48,2021-10-22
tx,2020-09-02,449,48,2021-10-22
tx,2020-09-03,529,48,2021-10-22
tx,2020-09-04,474,48,2021-10-22
tx,2020-09-05,508,48,2021-10-22
tx,2020-09-06,392,48,2021-10-22
tx,2020-09-07,407,48,2021-10-22
tx,2020-09-08,459,48,2021-10-22
tx,2020-09-09,427,48,2021-10-22
tx,2020-09-10,395,48,2021-10-22
tx,2020-09-11,434,48,2021-10-22
tx,2020-09-12,424,48,2021-10-22
tx,2020-09-13,374,48,2021-10-22
tx,2020-09-14,526,48,2021-10-22
tx,2020-09-15,492,48,2021-10-22
tx,2020-09-16,472,48,2021-10-22
tx,2020-09-17,388,48,2021-10-22
tx,2020-09-18,381,48,2021-10-22
tx,2020-09-19,371,48,2021-10-22
tx,2020-09-20,341,48,2021-10-22
tx,2020-09-21,525,48,2021-10-22
tx,2020-09-22,413,48,2021-10-22
tx,2020-09-23,438,48,2021-10-22
tx,2020-09-24,409,48,2021-10-22
tx,2020-09-25,493,48,2021-10-22
tx,2020-09-26,388,48,2021-10-22
tx,2020-09-27,411,48,2021-10-22
tx,2020-09-28,445,48,2021-10-22
tx,2020-09-29,396,48,2021-10-22
tx,2020-09-30,457,48,2021-10-22
tx,2020-10-01,472,48,2021-10-22
tx,2020-10-02,628,48,2021-10-22
tx,2020-10-03,446,48,2021-10-22
tx,2020-10-04,467,48,2021-10-22
tx,2020-10-05,537,48,2021-10-22
tx,2020-10-06,544,48,2021-10-22
tx,2020-10-07,553,48,2021-10-22
tx,2020-10-08,587,48,2021-10-22
tx,2020-10-09,582,48,2021-10-22
tx,2020-10-10,651,48,2021-10-22
tx,2020-10-11,665,48,2021-10-22
tx,2020-10-12,695,48,2021-10-22
tx,2020-10-13,671,48,2021-10-22
tx,2020-10-14,669,48,2021-10-22
tx,2020-10-15,713,48,2021-10-22
tx,2020-10-16,703,48,2021-10-22
tx,2020-10-17,735,48,2021-10-22
tx,2020-10-18,690,48,2021-10-22
tx,2020-10-19,735,48,2021-10-22
tx,2020-10-20,764,48,2021-10-22
tx,2020-10-21,781,48,2021-10-22
tx,2020-10-22,793,48,2021-10-22
tx,2020-10-23,788,48,2021-10-22
tx,2020-10-24,657,48,2021-10-22
tx,2020-10-25,722,48,2021-10-22
tx,2020-10-26,774,48,2021-10-22
tx,2020-10-27,807,48,2021-10-22
tx,2020-10-28,853,48,2021-10-22
tx,2020-10-29,848,48,2021-10-22
tx,2020-10-30,863,48,2021-10-22
tx,2020-10-31,798,48,2021-10-22
tx,2020-11-01,759,48,2021-10-22
tx,2020-11-02,829,48,2021-10-22
tx,2020-11-03,930,48,2021-10-22
tx,2020-11-04,904,48,2021-10-22
tx,2020-11-05,939,48,2021-10-22
tx,2020-11-06,891,48,2021-10-22
tx,2020-11-07,818,48,2021-10-22
tx,2020-11-08,795,48,2021-10-22
tx,2020-11-09,1043,48,2021-10-22
tx,2020-11-10,1060,48,2021-10-22
tx,2020-11-11,1054,48,2021-10-22
tx,2020-11-12,1085,48,2021-10-22
tx,2020-11-13,1139,48,2021-10-22
tx,2020-11-14,1069,48,2021-10-22
tx,2020-11-15,1039,48,2021-10-22
tx,2020-11-16,1284,48,2021-10-22
tx,2020-11-17,1181,48,2021-10-22
tx,2020-11-18,1262,48,2021-10-22
tx,2020-11-19,1241,48,2021-10-22
tx,2020-11-20,1298,48,2021-10-22
tx,2020-11-21,1096,48,2021-10-22
tx,2020-11-22,1028,48,2021-10-22
tx,2020-11-23,1181,48,2021-10-22
tx,2020-11-24,1181,48,2021-10-22
tx,2020-11-25,1145,48,2021-10-22
tx,2020-11-26,1010,48,2021-10-22
tx,2020-11-27,1119,48,2021-10-22
tx,2020-11-28,1089,48,2021-10-22
tx,2020-11-29,1081,48,2021-10-22
tx,2020-11-30,1162,48,2021-10-22
tx,2020-12-01,1212,48,2021-10-22
tx,2020-12-02,1152,48,2021-10-22
tx,2020-12-03,1122,48,2021-10-22
tx,2020-12-04,1126,48,2021-10-22
tx,2020-12-05,1064,48,2021-10-22
tx,2020-12-06,1113,48,2021-10-22
tx,2020-12-07,1260,48,2021-10-22
tx,2020-12-08,1314,48,2021-10-22
tx,2020-12-09,1279,48,2021-10-22
tx,2020-12-10,1223,48,2021-10-22
tx,2020-12-11,1245,48,2021-10-22
tx,2020-12-12,1087,48,2021-10-22
tx,2020-12-13,1137,48,2021-10-22
tx,2020-12-14,1367,48,2021-10-22
tx,2020-12-15,1304,48,2021-10-22
tx,2020-12-16,1374,48,2021-10-22
tx,2020-12-17,1430,48,2021-10-22
tx,2020-12-18,1451,48,2021-10-22
tx,2020-12-19,1355,48,2021-10-22
tx,2020-12-20,1409,48,2021-10-22
tx,2020-12-21,1618,48,2021-10-22
tx,2020-12-22,1589,48,2021-10-22
tx,2020-12-23,1580,48,2021-10-22
tx,2020-12-24,1426,48,2021-10-22
tx,2020-12-25,1324,48,2021-10-22
tx,2020-12-26,1568,48,2021-10-22
tx,2020-12-27,1652,48,2021-10-22
tx,2020-12-28,1806,48,2021-10-22
tx,2020-12-29,1861,48,2021-10-22
tx,2020-12-30,1850,48,2021-10-22
tx,2020-12-31,1772,48,2021-10-22
tx,2021-01-01,1608,48,2021-10-22
tx,2021-01-02,1677,48,2021-10-22
tx,2021-01-03,1692,48,2021-10-22
tx,2021-01-04,2038,48,2021-10-22
tx,2021-01-05,2006,48,2021-10-22
tx,2021-01-06,2034,48,2021-10-22
tx,2021-01-07,1946,48,2021-10-22
tx,2021-01-08,1887,48,2021-10-22
tx,2021-01-09,1791,48,2021-10-22
tx,2021-01-10,1648,48,2021-10-22
tx,2021-01-11,1894,48,2021-10-22
tx,2021-01-12,1993,48,2021-10-22
tx,2021-01-13,1872,48,2021-10-22
tx,2021-01-14,1900,48,2021-10-22
tx,2021-01-15,1937,48,2021-10-22
tx,2021-01-16,1567,48,2021-10-22
tx,2021-01-17,1586,48,2021-10-22
tx,2021-01-18,1719,48,2021-10-22
tx,2021-01-19,1679,48,2021-10-22
tx,2021-01-20,1628,48,2021-10-22
tx,2021-01-21,1716,48,2021-10-22
tx,2021-01-22,1646,48,2021-10-22
tx,2021-01-23,1489,48,2021-10-22
tx,2021-01-24,1292,48,2021-10-22
tx,2021-01-25,1587,48,2021-10-22
tx,2021-01-26,1549,48,2021-10-22
tx,2021-01-27,1405,48,2021-10-22
tx,2021-01-28,1334,48,2021-10-22
tx,2021-01-29,1410,48,2021-10-22
tx,2021-01-30,1259,48,2021-10-22
tx,2021-01-31,1118,48,2021-10-22
tx,2021-02-01,1353,48,2021-10-22
tx,2021-02-02,1232,48,2021-10-22
tx,2021-02-03,1282,48,2021-10-22
tx,2021-02-04,1217,48,2021-10-22
tx,2021-02-05,1142,48,2021-10-22
tx,2021-02-06,925,48,2021-10-22
tx,2021-02-07,934,48,2021-10-22
tx,2021-02-08,1107,48,2021-10-22
tx,2021-02-09,1051,48,2021-10-22
tx,2021-02-10,1049,48,2021-10-22
tx,2021-02-11,872,48,2021-10-22
tx,2021-02-12,929,48,2021-10-22
tx,2021-02-13,846,48,2021-10-22
tx,2021-02-14,650,48,2021-10-22
tx,2021-02-15,643,48,2021-10-22
tx,2021-02-16,792,48,2021-10-22
tx,2021-02-17,758,48,2021-10-22
tx,2021-02-18,812,48,2021-10-22
tx,2021-02-19,817,48,2021-10-22
tx,2021-02-20,804,48,2021-10-22
tx,2021-02-21,774,48,2021-10-22
tx,2021-02-22,782,48,2021-10-22
tx,2021-02-23,719,48,2021-10-22
tx,2021-02-24,686,48,2021-10-22
tx,2021-02-25,596,48,2021-10-22
tx,2021-02-26,590,48,2021-10-22
tx,2021-02-27,580,48,2021-10-22
tx,2021-02-28,543,48,2021-10-22
tx,2021-03-01,584,48,2021-10-22
tx,2021-03-02,582,48,2021-10-22
tx,2021-03-03,567,48,2021-10-22
tx,2021-03-04,645,48,2021-10-22
tx,2021-03-05,577,48,2021-10-22
tx,2021-03-06,438,48,2021-10-22
tx,2021-03-07,468,48,2021-10-22
tx,2021-03-08,575,48,2021-10-22
tx,2021-03-09,534,48,2021-10-22
tx,2021-03-10,512,48,2021-10-22
tx,2021-03-11,621,48,2021-10-22
tx,2021-03-12,524,48,2021-10-22
tx,2021-03-13,441,48,2021-10-22
tx,2021-03-14,390,48,2021-10-22
tx,2021-03-15,480,48,2021-10-22
tx,2021-03-16,504,48,2021-10-22
tx,2021-03-17,457,48,2021-10-22
tx,2021-03-18,422,48,2021-10-22
tx,2021-03-19,422,48,2021-10-22
tx,2021-03-20,390,48,2021-10-22
tx,2021-03-21,361,48,2021-10-22
tx,2021-03-22,448,48,2021-10-22
tx,2021-03-23,467,48,2021-10-22
tx,2021-03-24,428,48,2021-10-22
tx,2021-03-25,415,48,2021-10-22
tx,2021-03-26,376,48,2021-10-22
tx,2021-03-27,344,48,2021-10-22
tx,2021-03-28,340,48,2021-10-22
tx,2021-03-29,394,48,2021-10-22
tx,2021-03-30,403,48,2021-10-22
tx,2021-03-31,393,48,2021-10-22
tx,2021-04-01,400,48,2021-10-22
tx,2021-04-02,375,48,2021-10-22
tx,2021-04-03,326,48,2021-10-22
tx,2021-04-04,325,48,2021-10-22
tx,2021-04-05,390,48,2021-10-22
tx,2021-04-06,396,48,2021-10-22
tx,2021-04-07,411,48,2021-10-22
tx,2021-04-08,400,48,2021-10-22
tx,2021-04-09,438,48,2021-10-22
tx,2021-04-10,354,48,2021-10-22
tx,2021-04-11,415,48,2021-10-22
tx,2021-04-12,439,48,2021-10-22
tx,2021-04-13,416,48,2021-10-22
tx,2021-04-14,419,48,2021-10-22
tx,2021-04-15,445,48,2021-10-22
tx,2021-04-16,451,48,2021-10-22
tx,2021-04-17,346,48,2021-10-22
tx,2021-04-18,340,48,2021-10-22
tx,2021-04-19,404,48,2021-10-22
tx,2021-04-20,420,48,2021-10-22
tx,2021-04-21,364,48,2021-10-22
tx,2021-04-22,410,48,2021-10-22
tx,2021-04-23,402,48,2021-10-22
tx,2021-04-24,366,48,2021-10-22
tx,2021-04-25,315,48,2021-10-22
tx,2021-04-26,386,48,2021-10-22
tx,2021-04-27,371,48,2021-10-22
tx,2021-04-28,383,48,2021-10-22
tx,2021-04-29,387,48,2021-10-22
tx,2021-04-30,323,48,2021-10-22
tx,2021-05-01,302,48,2021-10-22
tx,2021-05-02,296,48,2021-10-22
tx,2021-05-03,370,48,2021-10-22
tx,2021-05-04,335,48,2021-10-22
tx,2021-05-05,326,48,2021-10-22
tx,2021-05-06,338,48,2021-10-22
tx,2021-05-07,339,48,2021-10-22
tx,2021-05-08,311,48,2021-10-22
tx,2021-05-09,337,48,2021-10-22
tx,2021-05-10,331,48,2021-10-22
tx,2021-05-11,303,48,2021-10-22
tx,2021-05-12,297,48,2021-10-22
tx,2021-05-13,314,48,2021-10-22
tx,2021-05-14,263,48,2021-10-22
tx,2021-05-15,254,48,2021-10-22
tx,2021-05-16,243,48,2021-10-22
tx,2021-05-17,250,48,2021-10-22
tx,2021-05-18,277,48,2021-10-22
tx,2021-05-19,253,48,2021-10-22
tx,2021-05-20,306,48,2021-10-22
tx,2021-05-21,281,48,2021-10-22
tx,2021-05-22,251,48,2021-10-22
tx,2021-05-23,233,48,2021-10-22
tx,2021-05-24,284,48,2021-10-22
tx,2021-05-25,263,48,2021-10-22
tx,2021-05-26,261,48,2021-10-22
tx,2021-05-27,213,48,2021-10-22
tx,2021-05-28,207,48,2021-10-22
tx,2021-05-29,182,48,2021-10-22
tx,2021-05-30,181,48,2021-10-22
tx,2021-05-31,233,48,2021-10-22
tx,2021-06-01,310,48,2021-10-22
tx,2021-06-02,255,48,2021-10-22
tx,2021-06-03,201,48,2021-10-22
tx,2021-06-04,207,48,2021-10-22
tx,2021-06-05,201,48,2021-10-22
tx,2021-06-06,169,48,2021-10-22
tx,2021-06-07,219,48,2021-10-22
tx,2021-06-08,229,48,2021-10-22
tx,2021-06-09,262,48,2021-10-22
tx,2021-06-10,254,48,2021-10-22
tx,2021-06-11,235,48,2021-10-22
tx,2021-06-12,220,48,2021-10-22
tx,2021-06-13,190,48,2021-10-22
tx,2021-06-14,203,48,2021-10-22
tx,2021-06-15,204,48,2021-10-22
tx,2021-06-16,206,48,2021-10-22
tx,2021-06-17,206,48,2021-10-22
tx,2021-06-18,189,48,2021-10-22
tx,2021-06-19,178,48,2021-10-22
tx,2021-06-20,171,48,2021-10-22
tx,2021-06-21,234,48,2021-10-22
tx,2021-06-22,201,48,2021-10-22
tx,2021-06-23,220,48,2021-10-22
tx,2021-06-24,205,48,2021-10-22
tx,2021-06-25,178,48,2021-10-22
tx,2021-06-26,185,48,2021-10-22
tx,2021-06-27,211,48,2021-10-22
tx,2021-06-28,226,48,2021-10-22
tx,2021-06-29,220,48,2021-10-22
tx,2021-06-30,242,48,2021-10-22
tx,2021-07-01,254,48,2021-10-22
tx,2021-07-02,256,48,2021-10-22
tx,2021-07-03,224,48,2021-10-22
tx,2021-07-04,247,48,2021-10-22
tx,2021-07-05,250,48,2021-10-22
tx,2021-07-06,330,48,2021-10-22
tx,2021-07-07,327,48,2021-10-22
tx,2021-07-08,325,48,2021-10-22
tx,2021-07-09,338,48,2021-10-22
tx,2021-07-10,368,48,2021-10-22
tx,2021-07-11,388,48,2021-10-22
tx,2021-07-12,402,48,2021-10-22
tx,2021-07-13,394,48,2021-10-22
tx,2021-07-14,419,48,2021-10-22
tx,2021-07-15,504,48,2021-10-22
tx,2021-07-16,518,48,2021-10-22
tx,2021-07-17,468,48,2021-10-22
tx,2021-07-18,568,48,2021-10-22
tx,2021-07-19,617,48,2021-10-22
tx,2021-07-20,624,48,2021-10-22
tx,2021-07-21,670,48,2021-10-22
tx,2021-07-22,736,48,2021-10-22
tx,2021-07-23,801,48,2021-10-22
tx,2021-07-24,754,48,2021-10-22
tx,2021-07-25,777,48,2021-10-22
tx,2021-07-26,984,48,2021-10-22
tx,2021-07-27,998,48,2021-10-22
tx,2021-07-28,960,48,2021-10-22
tx,2021-07-29,1138,48,2021-10-22
tx,2021-07-30,1130,48,2021-10-22
tx,2021-07-31,1051,48,2021-10-22
tx,2021-08-01,1164,48,2021-10-22
tx,2021-08-02,1368,48,2021-10-22
tx,2021-08-03,1397,48,2021-10-22
tx,2021-08-04,1407,48,2021-10-22
tx,2021-08-05,1482,48,2021-10-22
tx,2021-08-06,1534,48,2021-10-22
tx,2021-08-07,1521,48,2021-10-22
tx,2021-08-08,1520,48,2021-10-22
tx,2021-08-09,1657,48,2021-10-22
tx,2021-08-10,1672,48,2021-10-22
tx,2021-08-11,1801,48,2021-10-22
tx,2021-08-12,1752,48,2021-10-22
tx,2021-08-13,1747,48,2021-10-22
tx,2021-08-14,1532,48,2021-10-22
tx,2021-08-15,1566,48,2021-10-22
tx,2021-08-16,1831,48,2021-10-22
tx,2021-08-17,1797,48,2021-10-22
tx,2021-08-18,1791,48,2021-10-22
tx,2021-08-19,1774,48,2021-10-22
tx,2021-08-20,1838,48,2021-10-22
tx,2021-08-21,1719,48,2021-10-22
tx,2021-08-22,1698,48,2021-10-22
tx,2021-08-23,1762,48,2021-10-22
tx,2021-08-24,1724,48,2021-10-22
tx,2021-08-25,1680,48,2021-10-22
tx,2021-08-26,1807,48,2021-10-22
tx,2021-08-27,1631,48,2021-10-22
tx,2021-08-28,1580,48,2021-10-22
tx,2021-08-29,1540,48,2021-10-22
tx,2021-08-30,1756,48,2021-10-22
tx,2021-08-31,1813,48,2021-10-22
tx,2021-09-01,1650,48,2021-10-22
tx,2021-09-02,1703,48,2021-10-22
tx,2021-09-03,1734,48,2021-10-22
tx,2021-09-04,1514,48,2021-10-22
tx,2021-09-05,1457,48,2021-10-22
tx,2021-09-06,1500,48,2021-10-22
tx,2021-09-07,1623,48,2021-10-22
tx,2021-09-08,1664,48,2021-10-22
tx,2021-09-09,1510,48,2021-10-22
tx,2021-09-10,1581,48,2021-10-22
tx,2021-09-11,1320,48,2021-10-22
tx,2021-09-12,1355,48,2021-10-22
tx,2021-09-13,1486,48,2021-10-22
tx,2021-09-14,1323,48,2021-10-22
tx,2021-09-15,1421,48,2021-10-22
tx,2021-09-16,1301,48,2021-10-22
tx,2021-09-17,1294,48,2021-10-22
tx,2021-09-18,1250,48,2021-10-22
tx,2021-09-19,1022,48,2021-10-22
tx,2021-09-20,1178,48,2021-10-22
tx,2021-09-21,1207,48,2021-10-22
tx,2021-09-22,1170,48,2021-10-22
tx,2021-09-23,1117,48,2021-10-22
tx,2021-09-24,1067,48,2021-10-22
tx,2021-09-25,905,48,2021-10-22
tx,2021-09-26,869,48,2021-10-22
tx,2021-09-27,997,48,2021-10-22
tx,2021-09-28,939,48,2021-10-22
tx,2021-09-29,892,48,2021-10-22
tx,2021-09-30,815,48,2021-10-22
tx,2021-10-01,837,48,2021-10-22
tx,2021-10-02,700,48,2021-10-22
tx,2021-10-03,671,48,2021-10-22
tx,2021-10-04,742,48,2021-10-22
tx,2021-10-05,777,48,2021-10-22
tx,2021-10-06,712,48,2021-10-22
tx,2021-10-07,649,48,2021-10-22
tx,2021-10-08,630,48,2021-10-22
tx,2021-10-09,568,48,2021-10-22
tx,2021-10-10,571,48,2021-10-22
tx,2021-10-11,633,48,2021-10-22
tx,2021-10-12,590,48,2021-10-22
tx,2021-10-13,599,48,2021-10-22
tx,2021-10-14,535,48,2021-10-22
tx,2021-10-15,511,48,2021-10-22
tx,2021-10-16,438,48,2021-10-22
tx,2021-10-17,423,48,2021-10-22
tx,2021-10-18,530,48,2021-10-22
tx,2021-10-19,529,48,2021-10-22
tx,2021-10-20,555,48,2021-10-22
tx,2021-10-21,555,48,2021-10-22
ut,2020-03-13,NA,49,2021-10-22
ut,2020-03-14,NA,49,2021-10-22
ut,2020-03-15,NA,49,2021-10-22
ut,2020-03-16,NA,49,2021-10-22
ut,2020-03-17,NA,49,2021-10-22
ut,2020-03-18,NA,49,2021-10-22
ut,2020-03-19,NA,49,2021-10-22
ut,2020-03-26,NA,49,2021-10-22
ut,2020-03-27,NA,49,2021-10-22
ut,2020-03-28,NA,49,2021-10-22
ut,2020-03-29,NA,49,2021-10-22
ut,2020-03-30,NA,49,2021-10-22
ut,2020-03-31,NA,49,2021-10-22
ut,2020-04-01,NA,49,2021-10-22
ut,2020-04-02,NA,49,2021-10-22
ut,2020-04-03,NA,49,2021-10-22
ut,2020-04-04,NA,49,2021-10-22
ut,2020-04-05,NA,49,2021-10-22
ut,2020-04-06,NA,49,2021-10-22
ut,2020-04-07,NA,49,2021-10-22
ut,2020-04-08,NA,49,2021-10-22
ut,2020-04-09,NA,49,2021-10-22
ut,2020-04-10,NA,49,2021-10-22
ut,2020-04-11,NA,49,2021-10-22
ut,2020-04-12,NA,49,2021-10-22
ut,2020-04-13,NA,49,2021-10-22
ut,2020-04-14,NA,49,2021-10-22
ut,2020-04-15,NA,49,2021-10-22
ut,2020-04-16,NA,49,2021-10-22
ut,2020-04-17,NA,49,2021-10-22
ut,2020-04-18,NA,49,2021-10-22
ut,2020-04-19,NA,49,2021-10-22
ut,2020-04-20,NA,49,2021-10-22
ut,2020-04-21,NA,49,2021-10-22
ut,2020-04-22,NA,49,2021-10-22
ut,2020-04-23,NA,49,2021-10-22
ut,2020-04-24,NA,49,2021-10-22
ut,2020-04-25,NA,49,2021-10-22
ut,2020-04-26,NA,49,2021-10-22
ut,2020-04-27,NA,49,2021-10-22
ut,2020-04-28,NA,49,2021-10-22
ut,2020-04-29,NA,49,2021-10-22
ut,2020-04-30,NA,49,2021-10-22
ut,2020-05-01,NA,49,2021-10-22
ut,2020-05-02,NA,49,2021-10-22
ut,2020-05-03,NA,49,2021-10-22
ut,2020-05-04,NA,49,2021-10-22
ut,2020-05-05,NA,49,2021-10-22
ut,2020-05-06,NA,49,2021-10-22
ut,2020-05-07,NA,49,2021-10-22
ut,2020-05-08,NA,49,2021-10-22
ut,2020-05-09,NA,49,2021-10-22
ut,2020-05-10,NA,49,2021-10-22
ut,2020-05-11,NA,49,2021-10-22
ut,2020-05-12,NA,49,2021-10-22
ut,2020-05-13,NA,49,2021-10-22
ut,2020-05-14,NA,49,2021-10-22
ut,2020-05-15,NA,49,2021-10-22
ut,2020-05-16,NA,49,2021-10-22
ut,2020-05-17,NA,49,2021-10-22
ut,2020-05-18,NA,49,2021-10-22
ut,2020-05-19,NA,49,2021-10-22
ut,2020-05-20,NA,49,2021-10-22
ut,2020-05-21,NA,49,2021-10-22
ut,2020-05-22,NA,49,2021-10-22
ut,2020-05-23,NA,49,2021-10-22
ut,2020-05-24,NA,49,2021-10-22
ut,2020-05-25,NA,49,2021-10-22
ut,2020-05-26,NA,49,2021-10-22
ut,2020-05-27,NA,49,2021-10-22
ut,2020-05-28,NA,49,2021-10-22
ut,2020-05-29,NA,49,2021-10-22
ut,2020-05-30,NA,49,2021-10-22
ut,2020-05-31,NA,49,2021-10-22
ut,2020-06-01,NA,49,2021-10-22
ut,2020-06-02,NA,49,2021-10-22
ut,2020-06-03,NA,49,2021-10-22
ut,2020-06-04,NA,49,2021-10-22
ut,2020-06-05,NA,49,2021-10-22
ut,2020-06-06,NA,49,2021-10-22
ut,2020-06-07,NA,49,2021-10-22
ut,2020-06-08,NA,49,2021-10-22
ut,2020-06-09,NA,49,2021-10-22
ut,2020-06-10,NA,49,2021-10-22
ut,2020-06-11,NA,49,2021-10-22
ut,2020-06-12,NA,49,2021-10-22
ut,2020-06-13,NA,49,2021-10-22
ut,2020-06-14,NA,49,2021-10-22
ut,2020-06-15,NA,49,2021-10-22
ut,2020-06-16,NA,49,2021-10-22
ut,2020-06-17,NA,49,2021-10-22
ut,2020-06-18,NA,49,2021-10-22
ut,2020-06-19,NA,49,2021-10-22
ut,2020-06-20,NA,49,2021-10-22
ut,2020-06-21,NA,49,2021-10-22
ut,2020-06-22,NA,49,2021-10-22
ut,2020-06-23,NA,49,2021-10-22
ut,2020-06-24,NA,49,2021-10-22
ut,2020-06-25,NA,49,2021-10-22
ut,2020-06-26,NA,49,2021-10-22
ut,2020-06-27,NA,49,2021-10-22
ut,2020-06-28,NA,49,2021-10-22
ut,2020-06-29,NA,49,2021-10-22
ut,2020-06-30,NA,49,2021-10-22
ut,2020-07-01,NA,49,2021-10-22
ut,2020-07-02,NA,49,2021-10-22
ut,2020-07-03,NA,49,2021-10-22
ut,2020-07-04,NA,49,2021-10-22
ut,2020-07-05,NA,49,2021-10-22
ut,2020-07-06,NA,49,2021-10-22
ut,2020-07-07,NA,49,2021-10-22
ut,2020-07-08,NA,49,2021-10-22
ut,2020-07-09,NA,49,2021-10-22
ut,2020-07-10,NA,49,2021-10-22
ut,2020-07-11,NA,49,2021-10-22
ut,2020-07-12,NA,49,2021-10-22
ut,2020-07-13,NA,49,2021-10-22
ut,2020-07-14,18,49,2021-10-22
ut,2020-07-15,20,49,2021-10-22
ut,2020-07-16,24,49,2021-10-22
ut,2020-07-17,29,49,2021-10-22
ut,2020-07-18,17,49,2021-10-22
ut,2020-07-19,9,49,2021-10-22
ut,2020-07-20,3,49,2021-10-22
ut,2020-07-21,17,49,2021-10-22
ut,2020-07-22,4,49,2021-10-22
ut,2020-07-23,19,49,2021-10-22
ut,2020-07-24,27,49,2021-10-22
ut,2020-07-25,2,49,2021-10-22
ut,2020-07-26,20,49,2021-10-22
ut,2020-07-27,9,49,2021-10-22
ut,2020-07-28,7,49,2021-10-22
ut,2020-07-29,18,49,2021-10-22
ut,2020-07-30,25,49,2021-10-22
ut,2020-07-31,24,49,2021-10-22
ut,2020-08-01,6,49,2021-10-22
ut,2020-08-02,16,49,2021-10-22
ut,2020-08-03,19,49,2021-10-22
ut,2020-08-04,33,49,2021-10-22
ut,2020-08-05,37,49,2021-10-22
ut,2020-08-06,22,49,2021-10-22
ut,2020-08-07,10,49,2021-10-22
ut,2020-08-08,19,49,2021-10-22
ut,2020-08-09,9,49,2021-10-22
ut,2020-08-10,38,49,2021-10-22
ut,2020-08-11,17,49,2021-10-22
ut,2020-08-12,19,49,2021-10-22
ut,2020-08-13,16,49,2021-10-22
ut,2020-08-14,23,49,2021-10-22
ut,2020-08-15,8,49,2021-10-22
ut,2020-08-16,15,49,2021-10-22
ut,2020-08-17,16,49,2021-10-22
ut,2020-08-18,21,49,2021-10-22
ut,2020-08-19,14,49,2021-10-22
ut,2020-08-20,21,49,2021-10-22
ut,2020-08-21,9,49,2021-10-22
ut,2020-08-22,7,49,2021-10-22
ut,2020-08-23,17,49,2021-10-22
ut,2020-08-24,15,49,2021-10-22
ut,2020-08-25,29,49,2021-10-22
ut,2020-08-26,25,49,2021-10-22
ut,2020-08-27,22,49,2021-10-22
ut,2020-08-28,26,49,2021-10-22
ut,2020-08-29,18,49,2021-10-22
ut,2020-08-30,21,49,2021-10-22
ut,2020-08-31,24,49,2021-10-22
ut,2020-09-01,18,49,2021-10-22
ut,2020-09-02,24,49,2021-10-22
ut,2020-09-03,21,49,2021-10-22
ut,2020-09-04,27,49,2021-10-22
ut,2020-09-05,16,49,2021-10-22
ut,2020-09-06,17,49,2021-10-22
ut,2020-09-07,16,49,2021-10-22
ut,2020-09-08,17,49,2021-10-22
ut,2020-09-09,28,49,2021-10-22
ut,2020-09-10,17,49,2021-10-22
ut,2020-09-11,26,49,2021-10-22
ut,2020-09-12,21,49,2021-10-22
ut,2020-09-13,17,49,2021-10-22
ut,2020-09-14,13,49,2021-10-22
ut,2020-09-15,30,49,2021-10-22
ut,2020-09-16,34,49,2021-10-22
ut,2020-09-17,30,49,2021-10-22
ut,2020-09-18,36,49,2021-10-22
ut,2020-09-19,16,49,2021-10-22
ut,2020-09-20,18,49,2021-10-22
ut,2020-09-21,42,49,2021-10-22
ut,2020-09-22,39,49,2021-10-22
ut,2020-09-23,35,49,2021-10-22
ut,2020-09-24,31,49,2021-10-22
ut,2020-09-25,24,49,2021-10-22
ut,2020-09-26,27,49,2021-10-22
ut,2020-09-27,37,49,2021-10-22
ut,2020-09-28,29,49,2021-10-22
ut,2020-09-29,34,49,2021-10-22
ut,2020-09-30,29,49,2021-10-22
ut,2020-10-01,35,49,2021-10-22
ut,2020-10-02,31,49,2021-10-22
ut,2020-10-03,27,49,2021-10-22
ut,2020-10-04,31,49,2021-10-22
ut,2020-10-05,50,49,2021-10-22
ut,2020-10-06,31,49,2021-10-22
ut,2020-10-07,46,49,2021-10-22
ut,2020-10-08,49,49,2021-10-22
ut,2020-10-09,43,49,2021-10-22
ut,2020-10-10,28,49,2021-10-22
ut,2020-10-11,34,49,2021-10-22
ut,2020-10-12,57,49,2021-10-22
ut,2020-10-13,58,49,2021-10-22
ut,2020-10-14,36,49,2021-10-22
ut,2020-10-15,51,49,2021-10-22
ut,2020-10-16,48,49,2021-10-22
ut,2020-10-17,37,49,2021-10-22
ut,2020-10-18,48,49,2021-10-22
ut,2020-10-19,50,49,2021-10-22
ut,2020-10-20,52,49,2021-10-22
ut,2020-10-21,53,49,2021-10-22
ut,2020-10-22,37,49,2021-10-22
ut,2020-10-23,50,49,2021-10-22
ut,2020-10-24,48,49,2021-10-22
ut,2020-10-25,52,49,2021-10-22
ut,2020-10-26,56,49,2021-10-22
ut,2020-10-27,51,49,2021-10-22
ut,2020-10-28,59,49,2021-10-22
ut,2020-10-29,48,49,2021-10-22
ut,2020-10-30,65,49,2021-10-22
ut,2020-10-31,46,49,2021-10-22
ut,2020-11-01,57,49,2021-10-22
ut,2020-11-02,69,49,2021-10-22
ut,2020-11-03,69,49,2021-10-22
ut,2020-11-04,65,49,2021-10-22
ut,2020-11-05,66,49,2021-10-22
ut,2020-11-06,80,49,2021-10-22
ut,2020-11-07,74,49,2021-10-22
ut,2020-11-08,76,49,2021-10-22
ut,2020-11-09,77,49,2021-10-22
ut,2020-11-10,88,49,2021-10-22
ut,2020-11-11,87,49,2021-10-22
ut,2020-11-12,77,49,2021-10-22
ut,2020-11-13,74,49,2021-10-22
ut,2020-11-14,70,49,2021-10-22
ut,2020-11-15,89,49,2021-10-22
ut,2020-11-16,111,49,2021-10-22
ut,2020-11-17,79,49,2021-10-22
ut,2020-11-18,122,49,2021-10-22
ut,2020-11-19,93,49,2021-10-22
ut,2020-11-20,82,49,2021-10-22
ut,2020-11-21,79,49,2021-10-22
ut,2020-11-22,91,49,2021-10-22
ut,2020-11-23,97,49,2021-10-22
ut,2020-11-24,104,49,2021-10-22
ut,2020-11-25,104,49,2021-10-22
ut,2020-11-26,69,49,2021-10-22
ut,2020-11-27,87,49,2021-10-22
ut,2020-11-28,92,49,2021-10-22
ut,2020-11-29,81,49,2021-10-22
ut,2020-11-30,103,49,2021-10-22
ut,2020-12-01,113,49,2021-10-22
ut,2020-12-02,91,49,2021-10-22
ut,2020-12-03,100,49,2021-10-22
ut,2020-12-04,98,49,2021-10-22
ut,2020-12-05,93,49,2021-10-22
ut,2020-12-06,104,49,2021-10-22
ut,2020-12-07,94,49,2021-10-22
ut,2020-12-08,92,49,2021-10-22
ut,2020-12-09,107,49,2021-10-22
ut,2020-12-10,83,49,2021-10-22
ut,2020-12-11,97,49,2021-10-22
ut,2020-12-12,86,49,2021-10-22
ut,2020-12-13,82,49,2021-10-22
ut,2020-12-14,86,49,2021-10-22
ut,2020-12-15,95,49,2021-10-22
ut,2020-12-16,89,49,2021-10-22
ut,2020-12-17,100,49,2021-10-22
ut,2020-12-18,97,49,2021-10-22
ut,2020-12-19,89,49,2021-10-22
ut,2020-12-20,69,49,2021-10-22
ut,2020-12-21,104,49,2021-10-22
ut,2020-12-22,80,49,2021-10-22
ut,2020-12-23,87,49,2021-10-22
ut,2020-12-24,64,49,2021-10-22
ut,2020-12-25,55,49,2021-10-22
ut,2020-12-26,87,49,2021-10-22
ut,2020-12-27,72,49,2021-10-22
ut,2020-12-28,81,49,2021-10-22
ut,2020-12-29,96,49,2021-10-22
ut,2020-12-30,74,49,2021-10-22
ut,2020-12-31,86,49,2021-10-22
ut,2021-01-01,68,49,2021-10-22
ut,2021-01-02,92,49,2021-10-22
ut,2021-01-03,89,49,2021-10-22
ut,2021-01-04,96,49,2021-10-22
ut,2021-01-05,98,49,2021-10-22
ut,2021-01-06,92,49,2021-10-22
ut,2021-01-07,96,49,2021-10-22
ut,2021-01-08,101,49,2021-10-22
ut,2021-01-09,80,49,2021-10-22
ut,2021-01-10,71,49,2021-10-22
ut,2021-01-11,98,49,2021-10-22
ut,2021-01-12,92,49,2021-10-22
ut,2021-01-13,83,49,2021-10-22
ut,2021-01-14,99,49,2021-10-22
ut,2021-01-15,82,49,2021-10-22
ut,2021-01-16,84,49,2021-10-22
ut,2021-01-17,68,49,2021-10-22
ut,2021-01-18,71,49,2021-10-22
ut,2021-01-19,79,49,2021-10-22
ut,2021-01-20,65,49,2021-10-22
ut,2021-01-21,82,49,2021-10-22
ut,2021-01-22,66,49,2021-10-22
ut,2021-01-23,51,49,2021-10-22
ut,2021-01-24,47,49,2021-10-22
ut,2021-01-25,79,49,2021-10-22
ut,2021-01-26,85,49,2021-10-22
ut,2021-01-27,75,49,2021-10-22
ut,2021-01-28,73,49,2021-10-22
ut,2021-01-29,70,49,2021-10-22
ut,2021-01-30,69,49,2021-10-22
ut,2021-01-31,62,49,2021-10-22
ut,2021-02-01,68,49,2021-10-22
ut,2021-02-02,59,49,2021-10-22
ut,2021-02-03,66,49,2021-10-22
ut,2021-02-04,56,49,2021-10-22
ut,2021-02-05,53,49,2021-10-22
ut,2021-02-06,32,49,2021-10-22
ut,2021-02-07,49,49,2021-10-22
ut,2021-02-08,69,49,2021-10-22
ut,2021-02-09,43,49,2021-10-22
ut,2021-02-10,44,49,2021-10-22
ut,2021-02-11,46,49,2021-10-22
ut,2021-02-12,48,49,2021-10-22
ut,2021-02-13,41,49,2021-10-22
ut,2021-02-14,25,49,2021-10-22
ut,2021-02-15,35,49,2021-10-22
ut,2021-02-16,39,49,2021-10-22
ut,2021-02-17,36,49,2021-10-22
ut,2021-02-18,40,49,2021-10-22
ut,2021-02-19,39,49,2021-10-22
ut,2021-02-20,38,49,2021-10-22
ut,2021-02-21,34,49,2021-10-22
ut,2021-02-22,33,49,2021-10-22
ut,2021-02-23,38,49,2021-10-22
ut,2021-02-24,45,49,2021-10-22
ut,2021-02-25,29,49,2021-10-22
ut,2021-02-26,35,49,2021-10-22
ut,2021-02-27,32,49,2021-10-22
ut,2021-02-28,28,49,2021-10-22
ut,2021-03-01,31,49,2021-10-22
ut,2021-03-02,29,49,2021-10-22
ut,2021-03-03,29,49,2021-10-22
ut,2021-03-04,35,49,2021-10-22
ut,2021-03-05,36,49,2021-10-22
ut,2021-03-06,27,49,2021-10-22
ut,2021-03-07,22,49,2021-10-22
ut,2021-03-08,36,49,2021-10-22
ut,2021-03-09,31,49,2021-10-22
ut,2021-03-10,32,49,2021-10-22
ut,2021-03-11,29,49,2021-10-22
ut,2021-03-12,31,49,2021-10-22
ut,2021-03-13,33,49,2021-10-22
ut,2021-03-14,19,49,2021-10-22
ut,2021-03-15,47,49,2021-10-22
ut,2021-03-16,36,49,2021-10-22
ut,2021-03-17,28,49,2021-10-22
ut,2021-03-18,25,49,2021-10-22
ut,2021-03-19,37,49,2021-10-22
ut,2021-03-20,20,49,2021-10-22
ut,2021-03-21,20,49,2021-10-22
ut,2021-03-22,22,49,2021-10-22
ut,2021-03-23,34,49,2021-10-22
ut,2021-03-24,22,49,2021-10-22
ut,2021-03-25,35,49,2021-10-22
ut,2021-03-26,28,49,2021-10-22
ut,2021-03-27,18,49,2021-10-22
ut,2021-03-28,16,49,2021-10-22
ut,2021-03-29,27,49,2021-10-22
ut,2021-03-30,20,49,2021-10-22
ut,2021-03-31,32,49,2021-10-22
ut,2021-04-01,21,49,2021-10-22
ut,2021-04-02,26,49,2021-10-22
ut,2021-04-03,18,49,2021-10-22
ut,2021-04-04,28,49,2021-10-22
ut,2021-04-05,24,49,2021-10-22
ut,2021-04-06,24,49,2021-10-22
ut,2021-04-07,24,49,2021-10-22
ut,2021-04-08,29,49,2021-10-22
ut,2021-04-09,21,49,2021-10-22
ut,2021-04-10,10,49,2021-10-22
ut,2021-04-11,20,49,2021-10-22
ut,2021-04-12,27,49,2021-10-22
ut,2021-04-13,25,49,2021-10-22
ut,2021-04-14,24,49,2021-10-22
ut,2021-04-15,24,49,2021-10-22
ut,2021-04-16,18,49,2021-10-22
ut,2021-04-17,19,49,2021-10-22
ut,2021-04-18,19,49,2021-10-22
ut,2021-04-19,14,49,2021-10-22
ut,2021-04-20,27,49,2021-10-22
ut,2021-04-21,32,49,2021-10-22
ut,2021-04-22,30,49,2021-10-22
ut,2021-04-23,30,49,2021-10-22
ut,2021-04-24,19,49,2021-10-22
ut,2021-04-25,10,49,2021-10-22
ut,2021-04-26,37,49,2021-10-22
ut,2021-04-27,18,49,2021-10-22
ut,2021-04-28,19,49,2021-10-22
ut,2021-04-29,28,49,2021-10-22
ut,2021-04-30,23,49,2021-10-22
ut,2021-05-01,20,49,2021-10-22
ut,2021-05-02,23,49,2021-10-22
ut,2021-05-03,35,49,2021-10-22
ut,2021-05-04,18,49,2021-10-22
ut,2021-05-05,26,49,2021-10-22
ut,2021-05-06,25,49,2021-10-22
ut,2021-05-07,24,49,2021-10-22
ut,2021-05-08,21,49,2021-10-22
ut,2021-05-09,29,49,2021-10-22
ut,2021-05-10,14,49,2021-10-22
ut,2021-05-11,25,49,2021-10-22
ut,2021-05-12,29,49,2021-10-22
ut,2021-05-13,28,49,2021-10-22
ut,2021-05-14,31,49,2021-10-22
ut,2021-05-15,18,49,2021-10-22
ut,2021-05-16,19,49,2021-10-22
ut,2021-05-17,34,49,2021-10-22
ut,2021-05-18,24,49,2021-10-22
ut,2021-05-19,31,49,2021-10-22
ut,2021-05-20,21,49,2021-10-22
ut,2021-05-21,29,49,2021-10-22
ut,2021-05-22,21,49,2021-10-22
ut,2021-05-23,27,49,2021-10-22
ut,2021-05-24,34,49,2021-10-22
ut,2021-05-25,31,49,2021-10-22
ut,2021-05-26,31,49,2021-10-22
ut,2021-05-27,25,49,2021-10-22
ut,2021-05-28,18,49,2021-10-22
ut,2021-05-29,22,49,2021-10-22
ut,2021-05-30,18,49,2021-10-22
ut,2021-05-31,28,49,2021-10-22
ut,2021-06-01,30,49,2021-10-22
ut,2021-06-02,23,49,2021-10-22
ut,2021-06-03,20,49,2021-10-22
ut,2021-06-04,22,49,2021-10-22
ut,2021-06-05,13,49,2021-10-22
ut,2021-06-06,28,49,2021-10-22
ut,2021-06-07,32,49,2021-10-22
ut,2021-06-08,20,49,2021-10-22
ut,2021-06-09,32,49,2021-10-22
ut,2021-06-10,34,49,2021-10-22
ut,2021-06-11,25,49,2021-10-22
ut,2021-06-12,25,49,2021-10-22
ut,2021-06-13,22,49,2021-10-22
ut,2021-06-14,28,49,2021-10-22
ut,2021-06-15,35,49,2021-10-22
ut,2021-06-16,40,49,2021-10-22
ut,2021-06-17,31,49,2021-10-22
ut,2021-06-18,33,49,2021-10-22
ut,2021-06-19,15,49,2021-10-22
ut,2021-06-20,26,49,2021-10-22
ut,2021-06-21,30,49,2021-10-22
ut,2021-06-22,35,49,2021-10-22
ut,2021-06-23,31,49,2021-10-22
ut,2021-06-24,29,49,2021-10-22
ut,2021-06-25,43,49,2021-10-22
ut,2021-06-26,34,49,2021-10-22
ut,2021-06-27,32,49,2021-10-22
ut,2021-06-28,43,49,2021-10-22
ut,2021-06-29,42,49,2021-10-22
ut,2021-06-30,32,49,2021-10-22
ut,2021-07-01,47,49,2021-10-22
ut,2021-07-02,37,49,2021-10-22
ut,2021-07-03,33,49,2021-10-22
ut,2021-07-04,38,49,2021-10-22
ut,2021-07-05,33,49,2021-10-22
ut,2021-07-06,46,49,2021-10-22
ut,2021-07-07,31,49,2021-10-22
ut,2021-07-08,44,49,2021-10-22
ut,2021-07-09,25,49,2021-10-22
ut,2021-07-10,26,49,2021-10-22
ut,2021-07-11,46,49,2021-10-22
ut,2021-07-12,47,49,2021-10-22
ut,2021-07-13,43,49,2021-10-22
ut,2021-07-14,50,49,2021-10-22
ut,2021-07-15,48,49,2021-10-22
ut,2021-07-16,49,49,2021-10-22
ut,2021-07-17,33,49,2021-10-22
ut,2021-07-18,46,49,2021-10-22
ut,2021-07-19,40,49,2021-10-22
ut,2021-07-20,42,49,2021-10-22
ut,2021-07-21,58,49,2021-10-22
ut,2021-07-22,50,49,2021-10-22
ut,2021-07-23,39,49,2021-10-22
ut,2021-07-24,53,49,2021-10-22
ut,2021-07-25,48,49,2021-10-22
ut,2021-07-26,51,49,2021-10-22
ut,2021-07-27,53,49,2021-10-22
ut,2021-07-28,49,49,2021-10-22
ut,2021-07-29,61,49,2021-10-22
ut,2021-07-30,61,49,2021-10-22
ut,2021-07-31,48,49,2021-10-22
ut,2021-08-01,64,49,2021-10-22
ut,2021-08-02,65,49,2021-10-22
ut,2021-08-03,51,49,2021-10-22
ut,2021-08-04,56,49,2021-10-22
ut,2021-08-05,79,49,2021-10-22
ut,2021-08-06,69,49,2021-10-22
ut,2021-08-07,44,49,2021-10-22
ut,2021-08-08,51,49,2021-10-22
ut,2021-08-09,70,49,2021-10-22
ut,2021-08-10,62,49,2021-10-22
ut,2021-08-11,65,49,2021-10-22
ut,2021-08-12,59,49,2021-10-22
ut,2021-08-13,66,49,2021-10-22
ut,2021-08-14,57,49,2021-10-22
ut,2021-08-15,55,49,2021-10-22
ut,2021-08-16,63,49,2021-10-22
ut,2021-08-17,66,49,2021-10-22
ut,2021-08-18,71,49,2021-10-22
ut,2021-08-19,58,49,2021-10-22
ut,2021-08-20,70,49,2021-10-22
ut,2021-08-21,71,49,2021-10-22
ut,2021-08-22,68,49,2021-10-22
ut,2021-08-23,82,49,2021-10-22
ut,2021-08-24,70,49,2021-10-22
ut,2021-08-25,78,49,2021-10-22
ut,2021-08-26,69,49,2021-10-22
ut,2021-08-27,68,49,2021-10-22
ut,2021-08-28,63,49,2021-10-22
ut,2021-08-29,79,49,2021-10-22
ut,2021-08-30,82,49,2021-10-22
ut,2021-08-31,68,49,2021-10-22
ut,2021-09-01,47,49,2021-10-22
ut,2021-09-02,77,49,2021-10-22
ut,2021-09-03,84,49,2021-10-22
ut,2021-09-04,72,49,2021-10-22
ut,2021-09-05,64,49,2021-10-22
ut,2021-09-06,65,49,2021-10-22
ut,2021-09-07,93,49,2021-10-22
ut,2021-09-08,90,49,2021-10-22
ut,2021-09-09,102,49,2021-10-22
ut,2021-09-10,99,49,2021-10-22
ut,2021-09-11,66,49,2021-10-22
ut,2021-09-12,66,49,2021-10-22
ut,2021-09-13,74,49,2021-10-22
ut,2021-09-14,85,49,2021-10-22
ut,2021-09-15,84,49,2021-10-22
ut,2021-09-16,94,49,2021-10-22
ut,2021-09-17,81,49,2021-10-22
ut,2021-09-18,80,49,2021-10-22
ut,2021-09-19,70,49,2021-10-22
ut,2021-09-20,75,49,2021-10-22
ut,2021-09-21,84,49,2021-10-22
ut,2021-09-22,80,49,2021-10-22
ut,2021-09-23,81,49,2021-10-22
ut,2021-09-24,90,49,2021-10-22
ut,2021-09-25,71,49,2021-10-22
ut,2021-09-26,70,49,2021-10-22
ut,2021-09-27,82,49,2021-10-22
ut,2021-09-28,85,49,2021-10-22
ut,2021-09-29,86,49,2021-10-22
ut,2021-09-30,74,49,2021-10-22
ut,2021-10-01,70,49,2021-10-22
ut,2021-10-02,67,49,2021-10-22
ut,2021-10-03,75,49,2021-10-22
ut,2021-10-04,85,49,2021-10-22
ut,2021-10-05,65,49,2021-10-22
ut,2021-10-06,84,49,2021-10-22
ut,2021-10-07,99,49,2021-10-22
ut,2021-10-08,100,49,2021-10-22
ut,2021-10-09,70,49,2021-10-22
ut,2021-10-10,68,49,2021-10-22
ut,2021-10-11,70,49,2021-10-22
ut,2021-10-12,75,49,2021-10-22
ut,2021-10-13,77,49,2021-10-22
ut,2021-10-14,68,49,2021-10-22
ut,2021-10-15,75,49,2021-10-22
ut,2021-10-16,68,49,2021-10-22
ut,2021-10-17,68,49,2021-10-22
ut,2021-10-18,82,49,2021-10-22
ut,2021-10-19,75,49,2021-10-22
ut,2021-10-20,87,49,2021-10-22
ut,2021-10-21,87,49,2021-10-22
vt,2020-03-16,NA,50,2021-10-22
vt,2020-03-17,NA,50,2021-10-22
vt,2020-03-18,NA,50,2021-10-22
vt,2020-03-19,NA,50,2021-10-22
vt,2020-03-20,NA,50,2021-10-22
vt,2020-03-21,NA,50,2021-10-22
vt,2020-03-22,NA,50,2021-10-22
vt,2020-03-23,NA,50,2021-10-22
vt,2020-03-24,NA,50,2021-10-22
vt,2020-03-25,NA,50,2021-10-22
vt,2020-03-26,NA,50,2021-10-22
vt,2020-03-27,NA,50,2021-10-22
vt,2020-03-28,NA,50,2021-10-22
vt,2020-03-29,NA,50,2021-10-22
vt,2020-03-30,NA,50,2021-10-22
vt,2020-03-31,NA,50,2021-10-22
vt,2020-04-01,NA,50,2021-10-22
vt,2020-04-02,NA,50,2021-10-22
vt,2020-04-03,NA,50,2021-10-22
vt,2020-04-04,NA,50,2021-10-22
vt,2020-04-05,NA,50,2021-10-22
vt,2020-04-06,NA,50,2021-10-22
vt,2020-04-07,NA,50,2021-10-22
vt,2020-04-08,NA,50,2021-10-22
vt,2020-04-09,NA,50,2021-10-22
vt,2020-04-10,NA,50,2021-10-22
vt,2020-04-11,NA,50,2021-10-22
vt,2020-04-12,NA,50,2021-10-22
vt,2020-04-13,NA,50,2021-10-22
vt,2020-04-14,NA,50,2021-10-22
vt,2020-04-15,NA,50,2021-10-22
vt,2020-04-16,NA,50,2021-10-22
vt,2020-04-17,NA,50,2021-10-22
vt,2020-04-18,NA,50,2021-10-22
vt,2020-04-19,NA,50,2021-10-22
vt,2020-04-20,NA,50,2021-10-22
vt,2020-04-21,NA,50,2021-10-22
vt,2020-04-22,NA,50,2021-10-22
vt,2020-04-23,NA,50,2021-10-22
vt,2020-04-24,NA,50,2021-10-22
vt,2020-04-25,NA,50,2021-10-22
vt,2020-04-26,NA,50,2021-10-22
vt,2020-04-27,NA,50,2021-10-22
vt,2020-04-28,NA,50,2021-10-22
vt,2020-04-29,NA,50,2021-10-22
vt,2020-04-30,NA,50,2021-10-22
vt,2020-05-01,NA,50,2021-10-22
vt,2020-05-02,NA,50,2021-10-22
vt,2020-05-03,NA,50,2021-10-22
vt,2020-05-04,NA,50,2021-10-22
vt,2020-05-05,NA,50,2021-10-22
vt,2020-05-06,NA,50,2021-10-22
vt,2020-05-07,NA,50,2021-10-22
vt,2020-05-08,NA,50,2021-10-22
vt,2020-05-09,NA,50,2021-10-22
vt,2020-05-10,NA,50,2021-10-22
vt,2020-05-11,NA,50,2021-10-22
vt,2020-05-12,NA,50,2021-10-22
vt,2020-05-13,NA,50,2021-10-22
vt,2020-05-14,NA,50,2021-10-22
vt,2020-05-15,NA,50,2021-10-22
vt,2020-05-16,NA,50,2021-10-22
vt,2020-05-17,NA,50,2021-10-22
vt,2020-05-18,NA,50,2021-10-22
vt,2020-05-19,NA,50,2021-10-22
vt,2020-05-20,NA,50,2021-10-22
vt,2020-05-21,NA,50,2021-10-22
vt,2020-05-22,NA,50,2021-10-22
vt,2020-05-23,NA,50,2021-10-22
vt,2020-05-24,NA,50,2021-10-22
vt,2020-05-25,NA,50,2021-10-22
vt,2020-05-26,NA,50,2021-10-22
vt,2020-05-27,NA,50,2021-10-22
vt,2020-05-28,NA,50,2021-10-22
vt,2020-05-29,NA,50,2021-10-22
vt,2020-05-30,NA,50,2021-10-22
vt,2020-05-31,NA,50,2021-10-22
vt,2020-06-01,NA,50,2021-10-22
vt,2020-06-02,NA,50,2021-10-22
vt,2020-06-03,NA,50,2021-10-22
vt,2020-06-04,NA,50,2021-10-22
vt,2020-06-05,NA,50,2021-10-22
vt,2020-06-06,NA,50,2021-10-22
vt,2020-06-07,NA,50,2021-10-22
vt,2020-06-08,NA,50,2021-10-22
vt,2020-06-09,NA,50,2021-10-22
vt,2020-06-10,NA,50,2021-10-22
vt,2020-06-11,NA,50,2021-10-22
vt,2020-06-12,NA,50,2021-10-22
vt,2020-06-13,NA,50,2021-10-22
vt,2020-06-14,NA,50,2021-10-22
vt,2020-06-15,NA,50,2021-10-22
vt,2020-06-16,NA,50,2021-10-22
vt,2020-06-17,NA,50,2021-10-22
vt,2020-06-18,NA,50,2021-10-22
vt,2020-06-19,NA,50,2021-10-22
vt,2020-06-20,NA,50,2021-10-22
vt,2020-06-21,NA,50,2021-10-22
vt,2020-06-22,NA,50,2021-10-22
vt,2020-06-23,NA,50,2021-10-22
vt,2020-06-24,NA,50,2021-10-22
vt,2020-06-25,NA,50,2021-10-22
vt,2020-06-26,NA,50,2021-10-22
vt,2020-06-27,NA,50,2021-10-22
vt,2020-06-28,NA,50,2021-10-22
vt,2020-06-29,NA,50,2021-10-22
vt,2020-06-30,NA,50,2021-10-22
vt,2020-07-01,NA,50,2021-10-22
vt,2020-07-02,NA,50,2021-10-22
vt,2020-07-03,NA,50,2021-10-22
vt,2020-07-04,NA,50,2021-10-22
vt,2020-07-05,NA,50,2021-10-22
vt,2020-07-06,NA,50,2021-10-22
vt,2020-07-07,NA,50,2021-10-22
vt,2020-07-08,NA,50,2021-10-22
vt,2020-07-09,NA,50,2021-10-22
vt,2020-07-10,NA,50,2021-10-22
vt,2020-07-11,NA,50,2021-10-22
vt,2020-07-12,NA,50,2021-10-22
vt,2020-07-13,NA,50,2021-10-22
vt,2020-07-14,7,50,2021-10-22
vt,2020-07-15,6,50,2021-10-22
vt,2020-07-16,6,50,2021-10-22
vt,2020-07-17,6,50,2021-10-22
vt,2020-07-18,6,50,2021-10-22
vt,2020-07-19,11,50,2021-10-22
vt,2020-07-20,11,50,2021-10-22
vt,2020-07-21,1,50,2021-10-22
vt,2020-07-22,1,50,2021-10-22
vt,2020-07-23,0,50,2021-10-22
vt,2020-07-24,0,50,2021-10-22
vt,2020-07-25,0,50,2021-10-22
vt,2020-07-26,0,50,2021-10-22
vt,2020-07-27,0,50,2021-10-22
vt,2020-07-28,0,50,2021-10-22
vt,2020-07-29,1,50,2021-10-22
vt,2020-07-30,1,50,2021-10-22
vt,2020-07-31,1,50,2021-10-22
vt,2020-08-01,1,50,2021-10-22
vt,2020-08-02,1,50,2021-10-22
vt,2020-08-03,1,50,2021-10-22
vt,2020-08-04,0,50,2021-10-22
vt,2020-08-05,0,50,2021-10-22
vt,2020-08-06,0,50,2021-10-22
vt,2020-08-07,0,50,2021-10-22
vt,2020-08-08,0,50,2021-10-22
vt,2020-08-09,2,50,2021-10-22
vt,2020-08-10,1,50,2021-10-22
vt,2020-08-11,1,50,2021-10-22
vt,2020-08-12,1,50,2021-10-22
vt,2020-08-13,2,50,2021-10-22
vt,2020-08-14,1,50,2021-10-22
vt,2020-08-15,2,50,2021-10-22
vt,2020-08-16,1,50,2021-10-22
vt,2020-08-17,1,50,2021-10-22
vt,2020-08-18,1,50,2021-10-22
vt,2020-08-19,0,50,2021-10-22
vt,2020-08-20,0,50,2021-10-22
vt,2020-08-21,2,50,2021-10-22
vt,2020-08-22,2,50,2021-10-22
vt,2020-08-23,1,50,2021-10-22
vt,2020-08-24,1,50,2021-10-22
vt,2020-08-25,1,50,2021-10-22
vt,2020-08-26,2,50,2021-10-22
vt,2020-08-27,1,50,2021-10-22
vt,2020-08-28,1,50,2021-10-22
vt,2020-08-29,2,50,2021-10-22
vt,2020-08-30,1,50,2021-10-22
vt,2020-08-31,1,50,2021-10-22
vt,2020-09-01,0,50,2021-10-22
vt,2020-09-02,1,50,2021-10-22
vt,2020-09-03,0,50,2021-10-22
vt,2020-09-04,0,50,2021-10-22
vt,2020-09-05,0,50,2021-10-22
vt,2020-09-06,0,50,2021-10-22
vt,2020-09-07,0,50,2021-10-22
vt,2020-09-08,1,50,2021-10-22
vt,2020-09-09,0,50,2021-10-22
vt,2020-09-10,0,50,2021-10-22
vt,2020-09-11,1,50,2021-10-22
vt,2020-09-12,0,50,2021-10-22
vt,2020-09-13,0,50,2021-10-22
vt,2020-09-14,2,50,2021-10-22
vt,2020-09-15,3,50,2021-10-22
vt,2020-09-16,0,50,2021-10-22
vt,2020-09-17,0,50,2021-10-22
vt,2020-09-18,1,50,2021-10-22
vt,2020-09-19,0,50,2021-10-22
vt,2020-09-20,0,50,2021-10-22
vt,2020-09-21,0,50,2021-10-22
vt,2020-09-22,1,50,2021-10-22
vt,2020-09-23,0,50,2021-10-22
vt,2020-09-24,0,50,2021-10-22
vt,2020-09-25,0,50,2021-10-22
vt,2020-09-26,0,50,2021-10-22
vt,2020-09-27,0,50,2021-10-22
vt,2020-09-28,0,50,2021-10-22
vt,2020-09-29,1,50,2021-10-22
vt,2020-09-30,0,50,2021-10-22
vt,2020-10-01,0,50,2021-10-22
vt,2020-10-02,0,50,2021-10-22
vt,2020-10-03,0,50,2021-10-22
vt,2020-10-04,0,50,2021-10-22
vt,2020-10-05,2,50,2021-10-22
vt,2020-10-06,1,50,2021-10-22
vt,2020-10-07,0,50,2021-10-22
vt,2020-10-08,0,50,2021-10-22
vt,2020-10-09,0,50,2021-10-22
vt,2020-10-10,0,50,2021-10-22
vt,2020-10-11,0,50,2021-10-22
vt,2020-10-12,0,50,2021-10-22
vt,2020-10-13,0,50,2021-10-22
vt,2020-10-14,0,50,2021-10-22
vt,2020-10-15,0,50,2021-10-22
vt,2020-10-16,0,50,2021-10-22
vt,2020-10-17,0,50,2021-10-22
vt,2020-10-18,0,50,2021-10-22
vt,2020-10-19,0,50,2021-10-22
vt,2020-10-20,0,50,2021-10-22
vt,2020-10-21,0,50,2021-10-22
vt,2020-10-22,1,50,2021-10-22
vt,2020-10-23,1,50,2021-10-22
vt,2020-10-24,1,50,2021-10-22
vt,2020-10-25,2,50,2021-10-22
vt,2020-10-26,1,50,2021-10-22
vt,2020-10-27,3,50,2021-10-22
vt,2020-10-28,2,50,2021-10-22
vt,2020-10-29,0,50,2021-10-22
vt,2020-10-30,0,50,2021-10-22
vt,2020-10-31,0,50,2021-10-22
vt,2020-11-01,1,50,2021-10-22
vt,2020-11-02,0,50,2021-10-22
vt,2020-11-03,1,50,2021-10-22
vt,2020-11-04,0,50,2021-10-22
vt,2020-11-05,0,50,2021-10-22
vt,2020-11-06,2,50,2021-10-22
vt,2020-11-07,0,50,2021-10-22
vt,2020-11-08,1,50,2021-10-22
vt,2020-11-09,5,50,2021-10-22
vt,2020-11-10,5,50,2021-10-22
vt,2020-11-11,6,50,2021-10-22
vt,2020-11-12,5,50,2021-10-22
vt,2020-11-13,2,50,2021-10-22
vt,2020-11-14,0,50,2021-10-22
vt,2020-11-15,2,50,2021-10-22
vt,2020-11-16,2,50,2021-10-22
vt,2020-11-17,6,50,2021-10-22
vt,2020-11-18,3,50,2021-10-22
vt,2020-11-19,3,50,2021-10-22
vt,2020-11-20,4,50,2021-10-22
vt,2020-11-21,5,50,2021-10-22
vt,2020-11-22,3,50,2021-10-22
vt,2020-11-23,5,50,2021-10-22
vt,2020-11-24,6,50,2021-10-22
vt,2020-11-25,1,50,2021-10-22
vt,2020-11-26,4,50,2021-10-22
vt,2020-11-27,3,50,2021-10-22
vt,2020-11-28,4,50,2021-10-22
vt,2020-11-29,4,50,2021-10-22
vt,2020-11-30,7,50,2021-10-22
vt,2020-12-01,5,50,2021-10-22
vt,2020-12-02,4,50,2021-10-22
vt,2020-12-03,7,50,2021-10-22
vt,2020-12-04,3,50,2021-10-22
vt,2020-12-05,3,50,2021-10-22
vt,2020-12-06,7,50,2021-10-22
vt,2020-12-07,2,50,2021-10-22
vt,2020-12-08,1,50,2021-10-22
vt,2020-12-09,4,50,2021-10-22
vt,2020-12-10,7,50,2021-10-22
vt,2020-12-11,2,50,2021-10-22
vt,2020-12-12,2,50,2021-10-22
vt,2020-12-13,3,50,2021-10-22
vt,2020-12-14,7,50,2021-10-22
vt,2020-12-15,8,50,2021-10-22
vt,2020-12-16,6,50,2021-10-22
vt,2020-12-17,11,50,2021-10-22
vt,2020-12-18,4,50,2021-10-22
vt,2020-12-19,3,50,2021-10-22
vt,2020-12-20,8,50,2021-10-22
vt,2020-12-21,4,50,2021-10-22
vt,2020-12-22,5,50,2021-10-22
vt,2020-12-23,5,50,2021-10-22
vt,2020-12-24,3,50,2021-10-22
vt,2020-12-25,3,50,2021-10-22
vt,2020-12-26,4,50,2021-10-22
vt,2020-12-27,1,50,2021-10-22
vt,2020-12-28,10,50,2021-10-22
vt,2020-12-29,6,50,2021-10-22
vt,2020-12-30,2,50,2021-10-22
vt,2020-12-31,6,50,2021-10-22
vt,2021-01-01,4,50,2021-10-22
vt,2021-01-02,9,50,2021-10-22
vt,2021-01-03,7,50,2021-10-22
vt,2021-01-04,8,50,2021-10-22
vt,2021-01-05,11,50,2021-10-22
vt,2021-01-06,12,50,2021-10-22
vt,2021-01-07,8,50,2021-10-22
vt,2021-01-08,8,50,2021-10-22
vt,2021-01-09,9,50,2021-10-22
vt,2021-01-10,8,50,2021-10-22
vt,2021-01-11,15,50,2021-10-22
vt,2021-01-12,8,50,2021-10-22
vt,2021-01-13,7,50,2021-10-22
vt,2021-01-14,8,50,2021-10-22
vt,2021-01-15,11,50,2021-10-22
vt,2021-01-16,5,50,2021-10-22
vt,2021-01-17,5,50,2021-10-22
vt,2021-01-18,9,50,2021-10-22
vt,2021-01-19,13,50,2021-10-22
vt,2021-01-20,13,50,2021-10-22
vt,2021-01-21,5,50,2021-10-22
vt,2021-01-22,8,50,2021-10-22
vt,2021-01-23,8,50,2021-10-22
vt,2021-01-24,7,50,2021-10-22
vt,2021-01-25,8,50,2021-10-22
vt,2021-01-26,9,50,2021-10-22
vt,2021-01-27,19,50,2021-10-22
vt,2021-01-28,11,50,2021-10-22
vt,2021-01-29,9,50,2021-10-22
vt,2021-01-30,9,50,2021-10-22
vt,2021-01-31,3,50,2021-10-22
vt,2021-02-01,4,50,2021-10-22
vt,2021-02-02,8,50,2021-10-22
vt,2021-02-03,13,50,2021-10-22
vt,2021-02-04,6,50,2021-10-22
vt,2021-02-05,8,50,2021-10-22
vt,2021-02-06,7,50,2021-10-22
vt,2021-02-07,2,50,2021-10-22
vt,2021-02-08,9,50,2021-10-22
vt,2021-02-09,8,50,2021-10-22
vt,2021-02-10,6,50,2021-10-22
vt,2021-02-11,5,50,2021-10-22
vt,2021-02-12,4,50,2021-10-22
vt,2021-02-13,2,50,2021-10-22
vt,2021-02-14,2,50,2021-10-22
vt,2021-02-15,5,50,2021-10-22
vt,2021-02-16,5,50,2021-10-22
vt,2021-02-17,4,50,2021-10-22
vt,2021-02-18,3,50,2021-10-22
vt,2021-02-19,7,50,2021-10-22
vt,2021-02-20,5,50,2021-10-22
vt,2021-02-21,5,50,2021-10-22
vt,2021-02-22,3,50,2021-10-22
vt,2021-02-23,8,50,2021-10-22
vt,2021-02-24,5,50,2021-10-22
vt,2021-02-25,6,50,2021-10-22
vt,2021-02-26,5,50,2021-10-22
vt,2021-02-27,4,50,2021-10-22
vt,2021-02-28,3,50,2021-10-22
vt,2021-03-01,4,50,2021-10-22
vt,2021-03-02,7,50,2021-10-22
vt,2021-03-03,3,50,2021-10-22
vt,2021-03-04,7,50,2021-10-22
vt,2021-03-05,4,50,2021-10-22
vt,2021-03-06,5,50,2021-10-22
vt,2021-03-07,5,50,2021-10-22
vt,2021-03-08,5,50,2021-10-22
vt,2021-03-09,7,50,2021-10-22
vt,2021-03-10,3,50,2021-10-22
vt,2021-03-11,3,50,2021-10-22
vt,2021-03-12,7,50,2021-10-22
vt,2021-03-13,2,50,2021-10-22
vt,2021-03-14,5,50,2021-10-22
vt,2021-03-15,4,50,2021-10-22
vt,2021-03-16,3,50,2021-10-22
vt,2021-03-17,5,50,2021-10-22
vt,2021-03-18,7,50,2021-10-22
vt,2021-03-19,5,50,2021-10-22
vt,2021-03-20,2,50,2021-10-22
vt,2021-03-21,5,50,2021-10-22
vt,2021-03-22,6,50,2021-10-22
vt,2021-03-23,3,50,2021-10-22
vt,2021-03-24,5,50,2021-10-22
vt,2021-03-25,3,50,2021-10-22
vt,2021-03-26,5,50,2021-10-22
vt,2021-03-27,5,50,2021-10-22
vt,2021-03-28,3,50,2021-10-22
vt,2021-03-29,4,50,2021-10-22
vt,2021-03-30,7,50,2021-10-22
vt,2021-03-31,6,50,2021-10-22
vt,2021-04-01,4,50,2021-10-22
vt,2021-04-02,5,50,2021-10-22
vt,2021-04-03,2,50,2021-10-22
vt,2021-04-04,4,50,2021-10-22
vt,2021-04-05,7,50,2021-10-22
vt,2021-04-06,7,50,2021-10-22
vt,2021-04-07,6,50,2021-10-22
vt,2021-04-08,10,50,2021-10-22
vt,2021-04-09,10,50,2021-10-22
vt,2021-04-10,3,50,2021-10-22
vt,2021-04-11,5,50,2021-10-22
vt,2021-04-12,7,50,2021-10-22
vt,2021-04-13,3,50,2021-10-22
vt,2021-04-14,5,50,2021-10-22
vt,2021-04-15,3,50,2021-10-22
vt,2021-04-16,4,50,2021-10-22
vt,2021-04-17,4,50,2021-10-22
vt,2021-04-18,8,50,2021-10-22
vt,2021-04-19,5,50,2021-10-22
vt,2021-04-20,9,50,2021-10-22
vt,2021-04-21,5,50,2021-10-22
vt,2021-04-22,4,50,2021-10-22
vt,2021-04-23,6,50,2021-10-22
vt,2021-04-24,3,50,2021-10-22
vt,2021-04-25,7,50,2021-10-22
vt,2021-04-26,7,50,2021-10-22
vt,2021-04-27,4,50,2021-10-22
vt,2021-04-28,4,50,2021-10-22
vt,2021-04-29,3,50,2021-10-22
vt,2021-04-30,4,50,2021-10-22
vt,2021-05-01,3,50,2021-10-22
vt,2021-05-02,2,50,2021-10-22
vt,2021-05-03,4,50,2021-10-22
vt,2021-05-04,1,50,2021-10-22
vt,2021-05-05,5,50,2021-10-22
vt,2021-05-06,3,50,2021-10-22
vt,2021-05-07,2,50,2021-10-22
vt,2021-05-08,4,50,2021-10-22
vt,2021-05-09,4,50,2021-10-22
vt,2021-05-10,6,50,2021-10-22
vt,2021-05-11,0,50,2021-10-22
vt,2021-05-12,6,50,2021-10-22
vt,2021-05-13,3,50,2021-10-22
vt,2021-05-14,0,50,2021-10-22
vt,2021-05-15,2,50,2021-10-22
vt,2021-05-16,1,50,2021-10-22
vt,2021-05-17,1,50,2021-10-22
vt,2021-05-18,4,50,2021-10-22
vt,2021-05-19,2,50,2021-10-22
vt,2021-05-20,1,50,2021-10-22
vt,2021-05-21,2,50,2021-10-22
vt,2021-05-22,1,50,2021-10-22
vt,2021-05-23,2,50,2021-10-22
vt,2021-05-24,5,50,2021-10-22
vt,2021-05-25,2,50,2021-10-22
vt,2021-05-26,3,50,2021-10-22
vt,2021-05-27,1,50,2021-10-22
vt,2021-05-28,2,50,2021-10-22
vt,2021-05-29,1,50,2021-10-22
vt,2021-05-30,1,50,2021-10-22
vt,2021-05-31,1,50,2021-10-22
vt,2021-06-01,3,50,2021-10-22
vt,2021-06-02,0,50,2021-10-22
vt,2021-06-03,0,50,2021-10-22
vt,2021-06-04,0,50,2021-10-22
vt,2021-06-05,1,50,2021-10-22
vt,2021-06-06,1,50,2021-10-22
vt,2021-06-07,1,50,2021-10-22
vt,2021-06-08,0,50,2021-10-22
vt,2021-06-09,1,50,2021-10-22
vt,2021-06-10,0,50,2021-10-22
vt,2021-06-11,0,50,2021-10-22
vt,2021-06-12,0,50,2021-10-22
vt,2021-06-13,1,50,2021-10-22
vt,2021-06-14,0,50,2021-10-22
vt,2021-06-15,2,50,2021-10-22
vt,2021-06-16,1,50,2021-10-22
vt,2021-06-17,0,50,2021-10-22
vt,2021-06-18,0,50,2021-10-22
vt,2021-06-19,0,50,2021-10-22
vt,2021-06-20,2,50,2021-10-22
vt,2021-06-21,2,50,2021-10-22
vt,2021-06-22,0,50,2021-10-22
vt,2021-06-23,1,50,2021-10-22
vt,2021-06-24,1,50,2021-10-22
vt,2021-06-25,1,50,2021-10-22
vt,2021-06-26,2,50,2021-10-22
vt,2021-06-27,1,50,2021-10-22
vt,2021-06-28,1,50,2021-10-22
vt,2021-06-29,1,50,2021-10-22
vt,2021-06-30,2,50,2021-10-22
vt,2021-07-01,0,50,2021-10-22
vt,2021-07-02,1,50,2021-10-22
vt,2021-07-03,1,50,2021-10-22
vt,2021-07-04,0,50,2021-10-22
vt,2021-07-05,2,50,2021-10-22
vt,2021-07-06,1,50,2021-10-22
vt,2021-07-07,0,50,2021-10-22
vt,2021-07-08,1,50,2021-10-22
vt,2021-07-09,0,50,2021-10-22
vt,2021-07-10,0,50,2021-10-22
vt,2021-07-11,1,50,2021-10-22
vt,2021-07-12,1,50,2021-10-22
vt,2021-07-13,0,50,2021-10-22
vt,2021-07-14,0,50,2021-10-22
vt,2021-07-15,0,50,2021-10-22
vt,2021-07-16,0,50,2021-10-22
vt,2021-07-17,1,50,2021-10-22
vt,2021-07-18,0,50,2021-10-22
vt,2021-07-19,1,50,2021-10-22
vt,2021-07-20,0,50,2021-10-22
vt,2021-07-21,1,50,2021-10-22
vt,2021-07-22,2,50,2021-10-22
vt,2021-07-23,0,50,2021-10-22
vt,2021-07-24,0,50,2021-10-22
vt,2021-07-25,4,50,2021-10-22
vt,2021-07-26,0,50,2021-10-22
vt,2021-07-27,0,50,2021-10-22
vt,2021-07-28,1,50,2021-10-22
vt,2021-07-29,0,50,2021-10-22
vt,2021-07-30,1,50,2021-10-22
vt,2021-07-31,0,50,2021-10-22
vt,2021-08-01,1,50,2021-10-22
vt,2021-08-02,0,50,2021-10-22
vt,2021-08-03,5,50,2021-10-22
vt,2021-08-04,1,50,2021-10-22
vt,2021-08-05,2,50,2021-10-22
vt,2021-08-06,1,50,2021-10-22
vt,2021-08-07,4,50,2021-10-22
vt,2021-08-08,3,50,2021-10-22
vt,2021-08-09,6,50,2021-10-22
vt,2021-08-10,4,50,2021-10-22
vt,2021-08-11,3,50,2021-10-22
vt,2021-08-12,1,50,2021-10-22
vt,2021-08-13,7,50,2021-10-22
vt,2021-08-14,2,50,2021-10-22
vt,2021-08-15,3,50,2021-10-22
vt,2021-08-16,6,50,2021-10-22
vt,2021-08-17,4,50,2021-10-22
vt,2021-08-18,1,50,2021-10-22
vt,2021-08-19,5,50,2021-10-22
vt,2021-08-20,1,50,2021-10-22
vt,2021-08-21,2,50,2021-10-22
vt,2021-08-22,7,50,2021-10-22
vt,2021-08-23,11,50,2021-10-22
vt,2021-08-24,5,50,2021-10-22
vt,2021-08-25,7,50,2021-10-22
vt,2021-08-26,8,50,2021-10-22
vt,2021-08-27,6,50,2021-10-22
vt,2021-08-28,4,50,2021-10-22
vt,2021-08-29,4,50,2021-10-22
vt,2021-08-30,6,50,2021-10-22
vt,2021-08-31,4,50,2021-10-22
vt,2021-09-01,8,50,2021-10-22
vt,2021-09-02,8,50,2021-10-22
vt,2021-09-03,4,50,2021-10-22
vt,2021-09-04,5,50,2021-10-22
vt,2021-09-05,4,50,2021-10-22
vt,2021-09-06,4,50,2021-10-22
vt,2021-09-07,7,50,2021-10-22
vt,2021-09-08,5,50,2021-10-22
vt,2021-09-09,7,50,2021-10-22
vt,2021-09-10,8,50,2021-10-22
vt,2021-09-11,7,50,2021-10-22
vt,2021-09-12,7,50,2021-10-22
vt,2021-09-13,11,50,2021-10-22
vt,2021-09-14,11,50,2021-10-22
vt,2021-09-15,9,50,2021-10-22
vt,2021-09-16,14,50,2021-10-22
vt,2021-09-17,11,50,2021-10-22
vt,2021-09-18,9,50,2021-10-22
vt,2021-09-19,12,50,2021-10-22
vt,2021-09-20,6,50,2021-10-22
vt,2021-09-21,7,50,2021-10-22
vt,2021-09-22,9,50,2021-10-22
vt,2021-09-23,13,50,2021-10-22
vt,2021-09-24,12,50,2021-10-22
vt,2021-09-25,8,50,2021-10-22
vt,2021-09-26,15,50,2021-10-22
vt,2021-09-27,10,50,2021-10-22
vt,2021-09-28,11,50,2021-10-22
vt,2021-09-29,10,50,2021-10-22
vt,2021-09-30,11,50,2021-10-22
vt,2021-10-01,3,50,2021-10-22
vt,2021-10-02,7,50,2021-10-22
vt,2021-10-03,6,50,2021-10-22
vt,2021-10-04,2,50,2021-10-22
vt,2021-10-05,5,50,2021-10-22
vt,2021-10-06,6,50,2021-10-22
vt,2021-10-07,8,50,2021-10-22
vt,2021-10-08,8,50,2021-10-22
vt,2021-10-09,9,50,2021-10-22
vt,2021-10-10,8,50,2021-10-22
vt,2021-10-11,13,50,2021-10-22
vt,2021-10-12,9,50,2021-10-22
vt,2021-10-13,10,50,2021-10-22
vt,2021-10-14,7,50,2021-10-22
vt,2021-10-15,7,50,2021-10-22
vt,2021-10-16,6,50,2021-10-22
vt,2021-10-17,5,50,2021-10-22
vt,2021-10-18,11,50,2021-10-22
vt,2021-10-19,13,50,2021-10-22
vt,2021-10-20,5,50,2021-10-22
vt,2021-10-21,5,50,2021-10-22
va,2020-03-01,NA,51,2021-10-22
va,2020-03-02,NA,51,2021-10-22
va,2020-03-03,NA,51,2021-10-22
va,2020-03-04,NA,51,2021-10-22
va,2020-03-05,NA,51,2021-10-22
va,2020-03-06,NA,51,2021-10-22
va,2020-03-07,NA,51,2021-10-22
va,2020-03-08,NA,51,2021-10-22
va,2020-03-09,NA,51,2021-10-22
va,2020-03-10,NA,51,2021-10-22
va,2020-03-11,NA,51,2021-10-22
va,2020-03-12,NA,51,2021-10-22
va,2020-03-13,NA,51,2021-10-22
va,2020-03-14,NA,51,2021-10-22
va,2020-03-15,NA,51,2021-10-22
va,2020-03-16,NA,51,2021-10-22
va,2020-03-17,NA,51,2021-10-22
va,2020-03-18,NA,51,2021-10-22
va,2020-03-19,NA,51,2021-10-22
va,2020-03-20,NA,51,2021-10-22
va,2020-03-21,NA,51,2021-10-22
va,2020-03-22,NA,51,2021-10-22
va,2020-03-23,NA,51,2021-10-22
va,2020-03-24,NA,51,2021-10-22
va,2020-03-25,NA,51,2021-10-22
va,2020-03-26,NA,51,2021-10-22
va,2020-03-27,NA,51,2021-10-22
va,2020-03-28,NA,51,2021-10-22
va,2020-03-29,NA,51,2021-10-22
va,2020-03-30,NA,51,2021-10-22
va,2020-03-31,NA,51,2021-10-22
va,2020-04-01,NA,51,2021-10-22
va,2020-04-02,NA,51,2021-10-22
va,2020-04-03,NA,51,2021-10-22
va,2020-04-04,NA,51,2021-10-22
va,2020-04-05,NA,51,2021-10-22
va,2020-04-06,NA,51,2021-10-22
va,2020-04-07,NA,51,2021-10-22
va,2020-04-08,NA,51,2021-10-22
va,2020-04-09,NA,51,2021-10-22
va,2020-04-10,NA,51,2021-10-22
va,2020-04-11,NA,51,2021-10-22
va,2020-04-12,NA,51,2021-10-22
va,2020-04-13,NA,51,2021-10-22
va,2020-04-14,NA,51,2021-10-22
va,2020-04-15,NA,51,2021-10-22
va,2020-04-16,NA,51,2021-10-22
va,2020-04-17,NA,51,2021-10-22
va,2020-04-18,NA,51,2021-10-22
va,2020-04-19,NA,51,2021-10-22
va,2020-04-20,NA,51,2021-10-22
va,2020-04-21,NA,51,2021-10-22
va,2020-04-22,NA,51,2021-10-22
va,2020-04-23,NA,51,2021-10-22
va,2020-04-24,NA,51,2021-10-22
va,2020-04-25,NA,51,2021-10-22
va,2020-04-26,NA,51,2021-10-22
va,2020-04-27,NA,51,2021-10-22
va,2020-04-28,NA,51,2021-10-22
va,2020-04-29,NA,51,2021-10-22
va,2020-04-30,NA,51,2021-10-22
va,2020-05-01,NA,51,2021-10-22
va,2020-05-02,NA,51,2021-10-22
va,2020-05-03,NA,51,2021-10-22
va,2020-05-04,NA,51,2021-10-22
va,2020-05-05,NA,51,2021-10-22
va,2020-05-06,NA,51,2021-10-22
va,2020-05-07,NA,51,2021-10-22
va,2020-05-08,NA,51,2021-10-22
va,2020-05-09,NA,51,2021-10-22
va,2020-05-10,NA,51,2021-10-22
va,2020-05-11,NA,51,2021-10-22
va,2020-05-12,NA,51,2021-10-22
va,2020-05-13,NA,51,2021-10-22
va,2020-05-14,NA,51,2021-10-22
va,2020-05-15,NA,51,2021-10-22
va,2020-05-16,NA,51,2021-10-22
va,2020-05-17,NA,51,2021-10-22
va,2020-05-18,NA,51,2021-10-22
va,2020-05-19,NA,51,2021-10-22
va,2020-05-20,NA,51,2021-10-22
va,2020-05-21,NA,51,2021-10-22
va,2020-05-22,NA,51,2021-10-22
va,2020-05-23,NA,51,2021-10-22
va,2020-05-24,NA,51,2021-10-22
va,2020-05-25,NA,51,2021-10-22
va,2020-05-26,NA,51,2021-10-22
va,2020-05-27,NA,51,2021-10-22
va,2020-05-28,NA,51,2021-10-22
va,2020-05-29,NA,51,2021-10-22
va,2020-05-30,NA,51,2021-10-22
va,2020-05-31,NA,51,2021-10-22
va,2020-06-01,NA,51,2021-10-22
va,2020-06-02,NA,51,2021-10-22
va,2020-06-03,NA,51,2021-10-22
va,2020-06-04,NA,51,2021-10-22
va,2020-06-05,NA,51,2021-10-22
va,2020-06-06,NA,51,2021-10-22
va,2020-06-07,NA,51,2021-10-22
va,2020-06-08,NA,51,2021-10-22
va,2020-06-09,NA,51,2021-10-22
va,2020-06-10,NA,51,2021-10-22
va,2020-06-11,NA,51,2021-10-22
va,2020-06-12,NA,51,2021-10-22
va,2020-06-13,NA,51,2021-10-22
va,2020-06-14,NA,51,2021-10-22
va,2020-06-15,NA,51,2021-10-22
va,2020-06-16,NA,51,2021-10-22
va,2020-06-17,NA,51,2021-10-22
va,2020-06-18,NA,51,2021-10-22
va,2020-06-19,NA,51,2021-10-22
va,2020-06-20,NA,51,2021-10-22
va,2020-06-21,NA,51,2021-10-22
va,2020-06-22,NA,51,2021-10-22
va,2020-06-23,NA,51,2021-10-22
va,2020-06-24,NA,51,2021-10-22
va,2020-06-25,NA,51,2021-10-22
va,2020-06-26,NA,51,2021-10-22
va,2020-06-27,NA,51,2021-10-22
va,2020-06-28,NA,51,2021-10-22
va,2020-06-29,NA,51,2021-10-22
va,2020-06-30,NA,51,2021-10-22
va,2020-07-01,NA,51,2021-10-22
va,2020-07-02,NA,51,2021-10-22
va,2020-07-03,NA,51,2021-10-22
va,2020-07-04,NA,51,2021-10-22
va,2020-07-05,NA,51,2021-10-22
va,2020-07-06,NA,51,2021-10-22
va,2020-07-07,NA,51,2021-10-22
va,2020-07-08,NA,51,2021-10-22
va,2020-07-09,NA,51,2021-10-22
va,2020-07-10,NA,51,2021-10-22
va,2020-07-11,NA,51,2021-10-22
va,2020-07-12,NA,51,2021-10-22
va,2020-07-13,NA,51,2021-10-22
va,2020-07-14,46,51,2021-10-22
va,2020-07-15,88,51,2021-10-22
va,2020-07-16,85,51,2021-10-22
va,2020-07-17,110,51,2021-10-22
va,2020-07-18,128,51,2021-10-22
va,2020-07-19,60,51,2021-10-22
va,2020-07-20,96,51,2021-10-22
va,2020-07-21,43,51,2021-10-22
va,2020-07-22,67,51,2021-10-22
va,2020-07-23,45,51,2021-10-22
va,2020-07-24,53,51,2021-10-22
va,2020-07-25,55,51,2021-10-22
va,2020-07-26,55,51,2021-10-22
va,2020-07-27,58,51,2021-10-22
va,2020-07-28,58,51,2021-10-22
va,2020-07-29,46,51,2021-10-22
va,2020-07-30,53,51,2021-10-22
va,2020-07-31,49,51,2021-10-22
va,2020-08-01,49,51,2021-10-22
va,2020-08-02,39,51,2021-10-22
va,2020-08-03,54,51,2021-10-22
va,2020-08-04,59,51,2021-10-22
va,2020-08-05,71,51,2021-10-22
va,2020-08-06,72,51,2021-10-22
va,2020-08-07,66,51,2021-10-22
va,2020-08-08,36,51,2021-10-22
va,2020-08-09,49,51,2021-10-22
va,2020-08-10,60,51,2021-10-22
va,2020-08-11,71,51,2021-10-22
va,2020-08-12,110,51,2021-10-22
va,2020-08-13,66,51,2021-10-22
va,2020-08-14,94,51,2021-10-22
va,2020-08-15,80,51,2021-10-22
va,2020-08-16,54,51,2021-10-22
va,2020-08-17,63,51,2021-10-22
va,2020-08-18,55,51,2021-10-22
va,2020-08-19,56,51,2021-10-22
va,2020-08-20,74,51,2021-10-22
va,2020-08-21,79,51,2021-10-22
va,2020-08-22,40,51,2021-10-22
va,2020-08-23,57,51,2021-10-22
va,2020-08-24,75,51,2021-10-22
va,2020-08-25,52,51,2021-10-22
va,2020-08-26,69,51,2021-10-22
va,2020-08-27,66,51,2021-10-22
va,2020-08-28,61,51,2021-10-22
va,2020-08-29,35,51,2021-10-22
va,2020-08-30,45,51,2021-10-22
va,2020-08-31,81,51,2021-10-22
va,2020-09-01,74,51,2021-10-22
va,2020-09-02,85,51,2021-10-22
va,2020-09-03,80,51,2021-10-22
va,2020-09-04,85,51,2021-10-22
va,2020-09-05,61,51,2021-10-22
va,2020-09-06,61,51,2021-10-22
va,2020-09-07,65,51,2021-10-22
va,2020-09-08,69,51,2021-10-22
va,2020-09-09,65,51,2021-10-22
va,2020-09-10,63,51,2021-10-22
va,2020-09-11,66,51,2021-10-22
va,2020-09-12,59,51,2021-10-22
va,2020-09-13,62,51,2021-10-22
va,2020-09-14,73,51,2021-10-22
va,2020-09-15,58,51,2021-10-22
va,2020-09-16,60,51,2021-10-22
va,2020-09-17,64,51,2021-10-22
va,2020-09-18,67,51,2021-10-22
va,2020-09-19,61,51,2021-10-22
va,2020-09-20,39,51,2021-10-22
va,2020-09-21,48,51,2021-10-22
va,2020-09-22,61,51,2021-10-22
va,2020-09-23,57,51,2021-10-22
va,2020-09-24,43,51,2021-10-22
va,2020-09-25,54,51,2021-10-22
va,2020-09-26,41,51,2021-10-22
va,2020-09-27,42,51,2021-10-22
va,2020-09-28,63,51,2021-10-22
va,2020-09-29,69,51,2021-10-22
va,2020-09-30,67,51,2021-10-22
va,2020-10-01,69,51,2021-10-22
va,2020-10-02,70,51,2021-10-22
va,2020-10-03,53,51,2021-10-22
va,2020-10-04,61,51,2021-10-22
va,2020-10-05,85,51,2021-10-22
va,2020-10-06,73,51,2021-10-22
va,2020-10-07,88,51,2021-10-22
va,2020-10-08,64,51,2021-10-22
va,2020-10-09,69,51,2021-10-22
va,2020-10-10,59,51,2021-10-22
va,2020-10-11,62,51,2021-10-22
va,2020-10-12,70,51,2021-10-22
va,2020-10-13,69,51,2021-10-22
va,2020-10-14,81,51,2021-10-22
va,2020-10-15,81,51,2021-10-22
va,2020-10-16,64,51,2021-10-22
va,2020-10-17,66,51,2021-10-22
va,2020-10-18,67,51,2021-10-22
va,2020-10-19,73,51,2021-10-22
va,2020-10-20,77,51,2021-10-22
va,2020-10-21,65,51,2021-10-22
va,2020-10-22,70,51,2021-10-22
va,2020-10-23,94,51,2021-10-22
va,2020-10-24,65,51,2021-10-22
va,2020-10-25,78,51,2021-10-22
va,2020-10-26,82,51,2021-10-22
va,2020-10-27,92,51,2021-10-22
va,2020-10-28,86,51,2021-10-22
va,2020-10-29,78,51,2021-10-22
va,2020-10-30,84,51,2021-10-22
va,2020-10-31,70,51,2021-10-22
va,2020-11-01,72,51,2021-10-22
va,2020-11-02,98,51,2021-10-22
va,2020-11-03,86,51,2021-10-22
va,2020-11-04,107,51,2021-10-22
va,2020-11-05,107,51,2021-10-22
va,2020-11-06,99,51,2021-10-22
va,2020-11-07,99,51,2021-10-22
va,2020-11-08,98,51,2021-10-22
va,2020-11-09,122,51,2021-10-22
va,2020-11-10,106,51,2021-10-22
va,2020-11-11,112,51,2021-10-22
va,2020-11-12,133,51,2021-10-22
va,2020-11-13,119,51,2021-10-22
va,2020-11-14,101,51,2021-10-22
va,2020-11-15,103,51,2021-10-22
va,2020-11-16,145,51,2021-10-22
va,2020-11-17,158,51,2021-10-22
va,2020-11-18,141,51,2021-10-22
va,2020-11-19,134,51,2021-10-22
va,2020-11-20,137,51,2021-10-22
va,2020-11-21,136,51,2021-10-22
va,2020-11-22,134,51,2021-10-22
va,2020-11-23,171,51,2021-10-22
va,2020-11-24,192,51,2021-10-22
va,2020-11-25,174,51,2021-10-22
va,2020-11-26,147,51,2021-10-22
va,2020-11-27,164,51,2021-10-22
va,2020-11-28,157,51,2021-10-22
va,2020-11-29,178,51,2021-10-22
va,2020-11-30,209,51,2021-10-22
va,2020-12-01,167,51,2021-10-22
va,2020-12-02,207,51,2021-10-22
va,2020-12-03,190,51,2021-10-22
va,2020-12-04,208,51,2021-10-22
va,2020-12-05,192,51,2021-10-22
va,2020-12-06,162,51,2021-10-22
va,2020-12-07,197,51,2021-10-22
va,2020-12-08,232,51,2021-10-22
va,2020-12-09,245,51,2021-10-22
va,2020-12-10,226,51,2021-10-22
va,2020-12-11,227,51,2021-10-22
va,2020-12-12,195,51,2021-10-22
va,2020-12-13,215,51,2021-10-22
va,2020-12-14,232,51,2021-10-22
va,2020-12-15,237,51,2021-10-22
va,2020-12-16,243,51,2021-10-22
va,2020-12-17,266,51,2021-10-22
va,2020-12-18,246,51,2021-10-22
va,2020-12-19,202,51,2021-10-22
va,2020-12-20,217,51,2021-10-22
va,2020-12-21,279,51,2021-10-22
va,2020-12-22,261,51,2021-10-22
va,2020-12-23,266,51,2021-10-22
va,2020-12-24,248,51,2021-10-22
va,2020-12-25,233,51,2021-10-22
va,2020-12-26,220,51,2021-10-22
va,2020-12-27,228,51,2021-10-22
va,2020-12-28,275,51,2021-10-22
va,2020-12-29,285,51,2021-10-22
va,2020-12-30,281,51,2021-10-22
va,2020-12-31,320,51,2021-10-22
va,2021-01-01,247,51,2021-10-22
va,2021-01-02,267,51,2021-10-22
va,2021-01-03,246,51,2021-10-22
va,2021-01-04,307,51,2021-10-22
va,2021-01-05,327,51,2021-10-22
va,2021-01-06,352,51,2021-10-22
va,2021-01-07,317,51,2021-10-22
va,2021-01-08,298,51,2021-10-22
va,2021-01-09,315,51,2021-10-22
va,2021-01-10,271,51,2021-10-22
va,2021-01-11,329,51,2021-10-22
va,2021-01-12,320,51,2021-10-22
va,2021-01-13,316,51,2021-10-22
va,2021-01-14,324,51,2021-10-22
va,2021-01-15,307,51,2021-10-22
va,2021-01-16,276,51,2021-10-22
va,2021-01-17,258,51,2021-10-22
va,2021-01-18,308,51,2021-10-22
va,2021-01-19,298,51,2021-10-22
va,2021-01-20,317,51,2021-10-22
va,2021-01-21,296,51,2021-10-22
va,2021-01-22,254,51,2021-10-22
va,2021-01-23,251,51,2021-10-22
va,2021-01-24,237,51,2021-10-22
va,2021-01-25,283,51,2021-10-22
va,2021-01-26,266,51,2021-10-22
va,2021-01-27,280,51,2021-10-22
va,2021-01-28,260,51,2021-10-22
va,2021-01-29,239,51,2021-10-22
va,2021-01-30,189,51,2021-10-22
va,2021-01-31,182,51,2021-10-22
va,2021-02-01,266,51,2021-10-22
va,2021-02-02,286,51,2021-10-22
va,2021-02-03,209,51,2021-10-22
va,2021-02-04,249,51,2021-10-22
va,2021-02-05,237,51,2021-10-22
va,2021-02-06,158,51,2021-10-22
va,2021-02-07,181,51,2021-10-22
va,2021-02-08,198,51,2021-10-22
va,2021-02-09,225,51,2021-10-22
va,2021-02-10,198,51,2021-10-22
va,2021-02-11,199,51,2021-10-22
va,2021-02-12,163,51,2021-10-22
va,2021-02-13,145,51,2021-10-22
va,2021-02-14,145,51,2021-10-22
va,2021-02-15,193,51,2021-10-22
va,2021-02-16,192,51,2021-10-22
va,2021-02-17,172,51,2021-10-22
va,2021-02-18,144,51,2021-10-22
va,2021-02-19,164,51,2021-10-22
va,2021-02-20,140,51,2021-10-22
va,2021-02-21,142,51,2021-10-22
va,2021-02-22,154,51,2021-10-22
va,2021-02-23,172,51,2021-10-22
va,2021-02-24,155,51,2021-10-22
va,2021-02-25,141,51,2021-10-22
va,2021-02-26,131,51,2021-10-22
va,2021-02-27,108,51,2021-10-22
va,2021-02-28,124,51,2021-10-22
va,2021-03-01,147,51,2021-10-22
va,2021-03-02,140,51,2021-10-22
va,2021-03-03,137,51,2021-10-22
va,2021-03-04,126,51,2021-10-22
va,2021-03-05,140,51,2021-10-22
va,2021-03-06,105,51,2021-10-22
va,2021-03-07,92,51,2021-10-22
va,2021-03-08,124,51,2021-10-22
va,2021-03-09,122,51,2021-10-22
va,2021-03-10,127,51,2021-10-22
va,2021-03-11,137,51,2021-10-22
va,2021-03-12,117,51,2021-10-22
va,2021-03-13,97,51,2021-10-22
va,2021-03-14,102,51,2021-10-22
va,2021-03-15,126,51,2021-10-22
va,2021-03-16,97,51,2021-10-22
va,2021-03-17,124,51,2021-10-22
va,2021-03-18,122,51,2021-10-22
va,2021-03-19,118,51,2021-10-22
va,2021-03-20,114,51,2021-10-22
va,2021-03-21,95,51,2021-10-22
va,2021-03-22,114,51,2021-10-22
va,2021-03-23,102,51,2021-10-22
va,2021-03-24,123,51,2021-10-22
va,2021-03-25,125,51,2021-10-22
va,2021-03-26,139,51,2021-10-22
va,2021-03-27,116,51,2021-10-22
va,2021-03-28,93,51,2021-10-22
va,2021-03-29,123,51,2021-10-22
va,2021-03-30,109,51,2021-10-22
va,2021-03-31,127,51,2021-10-22
va,2021-04-01,114,51,2021-10-22
va,2021-04-02,121,51,2021-10-22
va,2021-04-03,112,51,2021-10-22
va,2021-04-04,114,51,2021-10-22
va,2021-04-05,127,51,2021-10-22
va,2021-04-06,136,51,2021-10-22
va,2021-04-07,111,51,2021-10-22
va,2021-04-08,120,51,2021-10-22
va,2021-04-09,106,51,2021-10-22
va,2021-04-10,101,51,2021-10-22
va,2021-04-11,121,51,2021-10-22
va,2021-04-12,119,51,2021-10-22
va,2021-04-13,127,51,2021-10-22
va,2021-04-14,110,51,2021-10-22
va,2021-04-15,116,51,2021-10-22
va,2021-04-16,112,51,2021-10-22
va,2021-04-17,119,51,2021-10-22
va,2021-04-18,104,51,2021-10-22
va,2021-04-19,121,51,2021-10-22
va,2021-04-20,132,51,2021-10-22
va,2021-04-21,119,51,2021-10-22
va,2021-04-22,96,51,2021-10-22
va,2021-04-23,95,51,2021-10-22
va,2021-04-24,74,51,2021-10-22
va,2021-04-25,71,51,2021-10-22
va,2021-04-26,94,51,2021-10-22
va,2021-04-27,76,51,2021-10-22
va,2021-04-28,100,51,2021-10-22
va,2021-04-29,95,51,2021-10-22
va,2021-04-30,82,51,2021-10-22
va,2021-05-01,69,51,2021-10-22
va,2021-05-02,76,51,2021-10-22
va,2021-05-03,109,51,2021-10-22
va,2021-05-04,105,51,2021-10-22
va,2021-05-05,57,51,2021-10-22
va,2021-05-06,86,51,2021-10-22
va,2021-05-07,80,51,2021-10-22
va,2021-05-08,49,51,2021-10-22
va,2021-05-09,74,51,2021-10-22
va,2021-05-10,65,51,2021-10-22
va,2021-05-11,82,51,2021-10-22
va,2021-05-12,60,51,2021-10-22
va,2021-05-13,65,51,2021-10-22
va,2021-05-14,49,51,2021-10-22
va,2021-05-15,49,51,2021-10-22
va,2021-05-16,56,51,2021-10-22
va,2021-05-17,60,51,2021-10-22
va,2021-05-18,60,51,2021-10-22
va,2021-05-19,37,51,2021-10-22
va,2021-05-20,58,51,2021-10-22
va,2021-05-21,50,51,2021-10-22
va,2021-05-22,43,51,2021-10-22
va,2021-05-23,49,51,2021-10-22
va,2021-05-24,54,51,2021-10-22
va,2021-05-25,46,51,2021-10-22
va,2021-05-26,48,51,2021-10-22
va,2021-05-27,50,51,2021-10-22
va,2021-05-28,54,51,2021-10-22
va,2021-05-29,39,51,2021-10-22
va,2021-05-30,44,51,2021-10-22
va,2021-05-31,40,51,2021-10-22
va,2021-06-01,45,51,2021-10-22
va,2021-06-02,29,51,2021-10-22
va,2021-06-03,38,51,2021-10-22
va,2021-06-04,26,51,2021-10-22
va,2021-06-05,23,51,2021-10-22
va,2021-06-06,28,51,2021-10-22
va,2021-06-07,31,51,2021-10-22
va,2021-06-08,34,51,2021-10-22
va,2021-06-09,29,51,2021-10-22
va,2021-06-10,22,51,2021-10-22
va,2021-06-11,31,51,2021-10-22
va,2021-06-12,33,51,2021-10-22
va,2021-06-13,22,51,2021-10-22
va,2021-06-14,28,51,2021-10-22
va,2021-06-15,17,51,2021-10-22
va,2021-06-16,26,51,2021-10-22
va,2021-06-17,29,51,2021-10-22
va,2021-06-18,27,51,2021-10-22
va,2021-06-19,19,51,2021-10-22
va,2021-06-20,20,51,2021-10-22
va,2021-06-21,30,51,2021-10-22
va,2021-06-22,26,51,2021-10-22
va,2021-06-23,28,51,2021-10-22
va,2021-06-24,32,51,2021-10-22
va,2021-06-25,27,51,2021-10-22
va,2021-06-26,20,51,2021-10-22
va,2021-06-27,25,51,2021-10-22
va,2021-06-28,29,51,2021-10-22
va,2021-06-29,35,51,2021-10-22
va,2021-06-30,24,51,2021-10-22
va,2021-07-01,15,51,2021-10-22
va,2021-07-02,21,51,2021-10-22
va,2021-07-03,19,51,2021-10-22
va,2021-07-04,25,51,2021-10-22
va,2021-07-05,25,51,2021-10-22
va,2021-07-06,23,51,2021-10-22
va,2021-07-07,32,51,2021-10-22
va,2021-07-08,31,51,2021-10-22
va,2021-07-09,24,51,2021-10-22
va,2021-07-10,24,51,2021-10-22
va,2021-07-11,20,51,2021-10-22
va,2021-07-12,33,51,2021-10-22
va,2021-07-13,40,51,2021-10-22
va,2021-07-14,42,51,2021-10-22
va,2021-07-15,35,51,2021-10-22
va,2021-07-16,34,51,2021-10-22
va,2021-07-17,26,51,2021-10-22
va,2021-07-18,46,51,2021-10-22
va,2021-07-19,38,51,2021-10-22
va,2021-07-20,50,51,2021-10-22
va,2021-07-21,62,51,2021-10-22
va,2021-07-22,44,51,2021-10-22
va,2021-07-23,48,51,2021-10-22
va,2021-07-24,47,51,2021-10-22
va,2021-07-25,47,51,2021-10-22
va,2021-07-26,56,51,2021-10-22
va,2021-07-27,52,51,2021-10-22
va,2021-07-28,56,51,2021-10-22
va,2021-07-29,70,51,2021-10-22
va,2021-07-30,79,51,2021-10-22
va,2021-07-31,66,51,2021-10-22
va,2021-08-01,86,51,2021-10-22
va,2021-08-02,110,51,2021-10-22
va,2021-08-03,78,51,2021-10-22
va,2021-08-04,86,51,2021-10-22
va,2021-08-05,77,51,2021-10-22
va,2021-08-06,88,51,2021-10-22
va,2021-08-07,97,51,2021-10-22
va,2021-08-08,107,51,2021-10-22
va,2021-08-09,136,51,2021-10-22
va,2021-08-10,137,51,2021-10-22
va,2021-08-11,123,51,2021-10-22
va,2021-08-12,157,51,2021-10-22
va,2021-08-13,143,51,2021-10-22
va,2021-08-14,124,51,2021-10-22
va,2021-08-15,127,51,2021-10-22
va,2021-08-16,133,51,2021-10-22
va,2021-08-17,185,51,2021-10-22
va,2021-08-18,148,51,2021-10-22
va,2021-08-19,175,51,2021-10-22
va,2021-08-20,141,51,2021-10-22
va,2021-08-21,159,51,2021-10-22
va,2021-08-22,148,51,2021-10-22
va,2021-08-23,178,51,2021-10-22
va,2021-08-24,185,51,2021-10-22
va,2021-08-25,207,51,2021-10-22
va,2021-08-26,211,51,2021-10-22
va,2021-08-27,189,51,2021-10-22
va,2021-08-28,153,51,2021-10-22
va,2021-08-29,199,51,2021-10-22
va,2021-08-30,217,51,2021-10-22
va,2021-08-31,219,51,2021-10-22
va,2021-09-01,218,51,2021-10-22
va,2021-09-02,201,51,2021-10-22
va,2021-09-03,188,51,2021-10-22
va,2021-09-04,199,51,2021-10-22
va,2021-09-05,207,51,2021-10-22
va,2021-09-06,254,51,2021-10-22
va,2021-09-07,237,51,2021-10-22
va,2021-09-08,211,51,2021-10-22
va,2021-09-09,229,51,2021-10-22
va,2021-09-10,188,51,2021-10-22
va,2021-09-11,210,51,2021-10-22
va,2021-09-12,196,51,2021-10-22
va,2021-09-13,217,51,2021-10-22
va,2021-09-14,238,51,2021-10-22
va,2021-09-15,232,51,2021-10-22
va,2021-09-16,235,51,2021-10-22
va,2021-09-17,228,51,2021-10-22
va,2021-09-18,208,51,2021-10-22
va,2021-09-19,183,51,2021-10-22
va,2021-09-20,207,51,2021-10-22
va,2021-09-21,230,51,2021-10-22
va,2021-09-22,216,51,2021-10-22
va,2021-09-23,226,51,2021-10-22
va,2021-09-24,203,51,2021-10-22
va,2021-09-25,199,51,2021-10-22
va,2021-09-26,210,51,2021-10-22
va,2021-09-27,173,51,2021-10-22
va,2021-09-28,163,51,2021-10-22
va,2021-09-29,194,51,2021-10-22
va,2021-09-30,198,51,2021-10-22
va,2021-10-01,168,51,2021-10-22
va,2021-10-02,142,51,2021-10-22
va,2021-10-03,147,51,2021-10-22
va,2021-10-04,198,51,2021-10-22
va,2021-10-05,182,51,2021-10-22
va,2021-10-06,159,51,2021-10-22
va,2021-10-07,144,51,2021-10-22
va,2021-10-08,154,51,2021-10-22
va,2021-10-09,118,51,2021-10-22
va,2021-10-10,164,51,2021-10-22
va,2021-10-11,174,51,2021-10-22
va,2021-10-12,146,51,2021-10-22
va,2021-10-13,146,51,2021-10-22
va,2021-10-14,142,51,2021-10-22
va,2021-10-15,141,51,2021-10-22
va,2021-10-16,130,51,2021-10-22
va,2021-10-17,116,51,2021-10-22
va,2021-10-18,110,51,2021-10-22
va,2021-10-19,115,51,2021-10-22
va,2021-10-20,119,51,2021-10-22
va,2021-10-21,119,51,2021-10-22
wa,2020-02-27,NA,53,2021-10-22
wa,2020-02-28,NA,53,2021-10-22
wa,2020-02-29,NA,53,2021-10-22
wa,2020-03-01,NA,53,2021-10-22
wa,2020-03-02,NA,53,2021-10-22
wa,2020-03-03,NA,53,2021-10-22
wa,2020-03-04,NA,53,2021-10-22
wa,2020-03-05,NA,53,2021-10-22
wa,2020-03-06,NA,53,2021-10-22
wa,2020-03-07,NA,53,2021-10-22
wa,2020-03-08,NA,53,2021-10-22
wa,2020-03-09,NA,53,2021-10-22
wa,2020-03-10,NA,53,2021-10-22
wa,2020-03-11,NA,53,2021-10-22
wa,2020-03-12,NA,53,2021-10-22
wa,2020-03-13,NA,53,2021-10-22
wa,2020-03-14,NA,53,2021-10-22
wa,2020-03-15,NA,53,2021-10-22
wa,2020-03-16,NA,53,2021-10-22
wa,2020-03-17,NA,53,2021-10-22
wa,2020-03-18,NA,53,2021-10-22
wa,2020-03-19,NA,53,2021-10-22
wa,2020-03-20,NA,53,2021-10-22
wa,2020-03-21,NA,53,2021-10-22
wa,2020-03-22,NA,53,2021-10-22
wa,2020-03-23,NA,53,2021-10-22
wa,2020-03-24,NA,53,2021-10-22
wa,2020-03-25,NA,53,2021-10-22
wa,2020-03-26,NA,53,2021-10-22
wa,2020-03-27,NA,53,2021-10-22
wa,2020-03-28,NA,53,2021-10-22
wa,2020-03-29,NA,53,2021-10-22
wa,2020-03-30,NA,53,2021-10-22
wa,2020-03-31,NA,53,2021-10-22
wa,2020-04-01,NA,53,2021-10-22
wa,2020-04-02,NA,53,2021-10-22
wa,2020-04-03,NA,53,2021-10-22
wa,2020-04-04,NA,53,2021-10-22
wa,2020-04-05,NA,53,2021-10-22
wa,2020-04-06,NA,53,2021-10-22
wa,2020-04-07,NA,53,2021-10-22
wa,2020-04-08,NA,53,2021-10-22
wa,2020-04-09,NA,53,2021-10-22
wa,2020-04-10,NA,53,2021-10-22
wa,2020-04-11,NA,53,2021-10-22
wa,2020-04-12,NA,53,2021-10-22
wa,2020-04-13,NA,53,2021-10-22
wa,2020-04-14,NA,53,2021-10-22
wa,2020-04-15,NA,53,2021-10-22
wa,2020-04-16,NA,53,2021-10-22
wa,2020-04-17,NA,53,2021-10-22
wa,2020-04-18,NA,53,2021-10-22
wa,2020-04-19,NA,53,2021-10-22
wa,2020-04-20,NA,53,2021-10-22
wa,2020-04-21,NA,53,2021-10-22
wa,2020-04-22,NA,53,2021-10-22
wa,2020-04-23,NA,53,2021-10-22
wa,2020-04-24,NA,53,2021-10-22
wa,2020-04-25,NA,53,2021-10-22
wa,2020-04-26,NA,53,2021-10-22
wa,2020-04-27,NA,53,2021-10-22
wa,2020-04-28,NA,53,2021-10-22
wa,2020-04-29,NA,53,2021-10-22
wa,2020-04-30,NA,53,2021-10-22
wa,2020-05-01,NA,53,2021-10-22
wa,2020-05-02,NA,53,2021-10-22
wa,2020-05-03,NA,53,2021-10-22
wa,2020-05-04,NA,53,2021-10-22
wa,2020-05-05,NA,53,2021-10-22
wa,2020-05-06,NA,53,2021-10-22
wa,2020-05-07,NA,53,2021-10-22
wa,2020-05-08,NA,53,2021-10-22
wa,2020-05-09,NA,53,2021-10-22
wa,2020-05-10,NA,53,2021-10-22
wa,2020-05-11,NA,53,2021-10-22
wa,2020-05-12,NA,53,2021-10-22
wa,2020-05-13,NA,53,2021-10-22
wa,2020-05-14,NA,53,2021-10-22
wa,2020-05-15,NA,53,2021-10-22
wa,2020-05-16,NA,53,2021-10-22
wa,2020-05-17,NA,53,2021-10-22
wa,2020-05-18,NA,53,2021-10-22
wa,2020-05-19,NA,53,2021-10-22
wa,2020-05-20,NA,53,2021-10-22
wa,2020-05-21,NA,53,2021-10-22
wa,2020-05-22,NA,53,2021-10-22
wa,2020-05-23,NA,53,2021-10-22
wa,2020-05-24,NA,53,2021-10-22
wa,2020-05-25,NA,53,2021-10-22
wa,2020-05-26,NA,53,2021-10-22
wa,2020-05-27,NA,53,2021-10-22
wa,2020-05-28,NA,53,2021-10-22
wa,2020-05-29,NA,53,2021-10-22
wa,2020-05-30,NA,53,2021-10-22
wa,2020-05-31,NA,53,2021-10-22
wa,2020-06-01,NA,53,2021-10-22
wa,2020-06-02,NA,53,2021-10-22
wa,2020-06-03,NA,53,2021-10-22
wa,2020-06-04,NA,53,2021-10-22
wa,2020-06-05,NA,53,2021-10-22
wa,2020-06-06,NA,53,2021-10-22
wa,2020-06-07,NA,53,2021-10-22
wa,2020-06-08,NA,53,2021-10-22
wa,2020-06-09,NA,53,2021-10-22
wa,2020-06-10,NA,53,2021-10-22
wa,2020-06-11,NA,53,2021-10-22
wa,2020-06-12,NA,53,2021-10-22
wa,2020-06-13,NA,53,2021-10-22
wa,2020-06-14,NA,53,2021-10-22
wa,2020-06-15,NA,53,2021-10-22
wa,2020-06-16,NA,53,2021-10-22
wa,2020-06-17,NA,53,2021-10-22
wa,2020-06-18,NA,53,2021-10-22
wa,2020-06-19,NA,53,2021-10-22
wa,2020-06-20,NA,53,2021-10-22
wa,2020-06-21,NA,53,2021-10-22
wa,2020-06-22,NA,53,2021-10-22
wa,2020-06-23,NA,53,2021-10-22
wa,2020-06-24,NA,53,2021-10-22
wa,2020-06-25,NA,53,2021-10-22
wa,2020-06-26,NA,53,2021-10-22
wa,2020-06-27,NA,53,2021-10-22
wa,2020-06-28,NA,53,2021-10-22
wa,2020-06-29,NA,53,2021-10-22
wa,2020-06-30,NA,53,2021-10-22
wa,2020-07-01,NA,53,2021-10-22
wa,2020-07-02,NA,53,2021-10-22
wa,2020-07-03,NA,53,2021-10-22
wa,2020-07-04,NA,53,2021-10-22
wa,2020-07-05,NA,53,2021-10-22
wa,2020-07-06,NA,53,2021-10-22
wa,2020-07-07,NA,53,2021-10-22
wa,2020-07-08,NA,53,2021-10-22
wa,2020-07-09,NA,53,2021-10-22
wa,2020-07-10,NA,53,2021-10-22
wa,2020-07-11,NA,53,2021-10-22
wa,2020-07-12,NA,53,2021-10-22
wa,2020-07-13,NA,53,2021-10-22
wa,2020-07-14,26,53,2021-10-22
wa,2020-07-15,22,53,2021-10-22
wa,2020-07-16,29,53,2021-10-22
wa,2020-07-17,26,53,2021-10-22
wa,2020-07-18,30,53,2021-10-22
wa,2020-07-19,29,53,2021-10-22
wa,2020-07-20,43,53,2021-10-22
wa,2020-07-21,29,53,2021-10-22
wa,2020-07-22,30,53,2021-10-22
wa,2020-07-23,29,53,2021-10-22
wa,2020-07-24,27,53,2021-10-22
wa,2020-07-25,28,53,2021-10-22
wa,2020-07-26,29,53,2021-10-22
wa,2020-07-27,26,53,2021-10-22
wa,2020-07-28,25,53,2021-10-22
wa,2020-07-29,29,53,2021-10-22
wa,2020-07-30,30,53,2021-10-22
wa,2020-07-31,29,53,2021-10-22
wa,2020-08-01,21,53,2021-10-22
wa,2020-08-02,29,53,2021-10-22
wa,2020-08-03,29,53,2021-10-22
wa,2020-08-04,30,53,2021-10-22
wa,2020-08-05,44,53,2021-10-22
wa,2020-08-06,19,53,2021-10-22
wa,2020-08-07,27,53,2021-10-22
wa,2020-08-08,25,53,2021-10-22
wa,2020-08-09,26,53,2021-10-22
wa,2020-08-10,39,53,2021-10-22
wa,2020-08-11,24,53,2021-10-22
wa,2020-08-12,24,53,2021-10-22
wa,2020-08-13,39,53,2021-10-22
wa,2020-08-14,44,53,2021-10-22
wa,2020-08-15,39,53,2021-10-22
wa,2020-08-16,28,53,2021-10-22
wa,2020-08-17,25,53,2021-10-22
wa,2020-08-18,23,53,2021-10-22
wa,2020-08-19,26,53,2021-10-22
wa,2020-08-20,21,53,2021-10-22
wa,2020-08-21,18,53,2021-10-22
wa,2020-08-22,12,53,2021-10-22
wa,2020-08-23,13,53,2021-10-22
wa,2020-08-24,28,53,2021-10-22
wa,2020-08-25,20,53,2021-10-22
wa,2020-08-26,25,53,2021-10-22
wa,2020-08-27,26,53,2021-10-22
wa,2020-08-28,25,53,2021-10-22
wa,2020-08-29,16,53,2021-10-22
wa,2020-08-30,18,53,2021-10-22
wa,2020-08-31,18,53,2021-10-22
wa,2020-09-01,45,53,2021-10-22
wa,2020-09-02,52,53,2021-10-22
wa,2020-09-03,37,53,2021-10-22
wa,2020-09-04,32,53,2021-10-22
wa,2020-09-05,34,53,2021-10-22
wa,2020-09-06,30,53,2021-10-22
wa,2020-09-07,35,53,2021-10-22
wa,2020-09-08,31,53,2021-10-22
wa,2020-09-09,17,53,2021-10-22
wa,2020-09-10,26,53,2021-10-22
wa,2020-09-11,23,53,2021-10-22
wa,2020-09-12,22,53,2021-10-22
wa,2020-09-13,30,53,2021-10-22
wa,2020-09-14,25,53,2021-10-22
wa,2020-09-15,32,53,2021-10-22
wa,2020-09-16,29,53,2021-10-22
wa,2020-09-17,35,53,2021-10-22
wa,2020-09-18,32,53,2021-10-22
wa,2020-09-19,22,53,2021-10-22
wa,2020-09-20,29,53,2021-10-22
wa,2020-09-21,25,53,2021-10-22
wa,2020-09-22,28,53,2021-10-22
wa,2020-09-23,24,53,2021-10-22
wa,2020-09-24,27,53,2021-10-22
wa,2020-09-25,22,53,2021-10-22
wa,2020-09-26,23,53,2021-10-22
wa,2020-09-27,20,53,2021-10-22
wa,2020-09-28,19,53,2021-10-22
wa,2020-09-29,17,53,2021-10-22
wa,2020-09-30,25,53,2021-10-22
wa,2020-10-01,24,53,2021-10-22
wa,2020-10-02,21,53,2021-10-22
wa,2020-10-03,18,53,2021-10-22
wa,2020-10-04,27,53,2021-10-22
wa,2020-10-05,23,53,2021-10-22
wa,2020-10-06,24,53,2021-10-22
wa,2020-10-07,30,53,2021-10-22
wa,2020-10-08,24,53,2021-10-22
wa,2020-10-09,31,53,2021-10-22
wa,2020-10-10,30,53,2021-10-22
wa,2020-10-11,36,53,2021-10-22
wa,2020-10-12,34,53,2021-10-22
wa,2020-10-13,28,53,2021-10-22
wa,2020-10-14,25,53,2021-10-22
wa,2020-10-15,22,53,2021-10-22
wa,2020-10-16,32,53,2021-10-22
wa,2020-10-17,26,53,2021-10-22
wa,2020-10-18,30,53,2021-10-22
wa,2020-10-19,30,53,2021-10-22
wa,2020-10-20,35,53,2021-10-22
wa,2020-10-21,27,53,2021-10-22
wa,2020-10-22,28,53,2021-10-22
wa,2020-10-23,32,53,2021-10-22
wa,2020-10-24,30,53,2021-10-22
wa,2020-10-25,29,53,2021-10-22
wa,2020-10-26,48,53,2021-10-22
wa,2020-10-27,45,53,2021-10-22
wa,2020-10-28,55,53,2021-10-22
wa,2020-10-29,58,53,2021-10-22
wa,2020-10-30,30,53,2021-10-22
wa,2020-10-31,31,53,2021-10-22
wa,2020-11-01,39,53,2021-10-22
wa,2020-11-02,38,53,2021-10-22
wa,2020-11-03,43,53,2021-10-22
wa,2020-11-04,45,53,2021-10-22
wa,2020-11-05,47,53,2021-10-22
wa,2020-11-06,57,53,2021-10-22
wa,2020-11-07,59,53,2021-10-22
wa,2020-11-08,50,53,2021-10-22
wa,2020-11-09,65,53,2021-10-22
wa,2020-11-10,77,53,2021-10-22
wa,2020-11-11,66,53,2021-10-22
wa,2020-11-12,55,53,2021-10-22
wa,2020-11-13,86,53,2021-10-22
wa,2020-11-14,53,53,2021-10-22
wa,2020-11-15,78,53,2021-10-22
wa,2020-11-16,76,53,2021-10-22
wa,2020-11-17,93,53,2021-10-22
wa,2020-11-18,107,53,2021-10-22
wa,2020-11-19,94,53,2021-10-22
wa,2020-11-20,99,53,2021-10-22
wa,2020-11-21,91,53,2021-10-22
wa,2020-11-22,84,53,2021-10-22
wa,2020-11-23,124,53,2021-10-22
wa,2020-11-24,101,53,2021-10-22
wa,2020-11-25,103,53,2021-10-22
wa,2020-11-26,90,53,2021-10-22
wa,2020-11-27,100,53,2021-10-22
wa,2020-11-28,91,53,2021-10-22
wa,2020-11-29,86,53,2021-10-22
wa,2020-11-30,106,53,2021-10-22
wa,2020-12-01,96,53,2021-10-22
wa,2020-12-02,107,53,2021-10-22
wa,2020-12-03,122,53,2021-10-22
wa,2020-12-04,99,53,2021-10-22
wa,2020-12-05,104,53,2021-10-22
wa,2020-12-06,101,53,2021-10-22
wa,2020-12-07,118,53,2021-10-22
wa,2020-12-08,94,53,2021-10-22
wa,2020-12-09,89,53,2021-10-22
wa,2020-12-10,105,53,2021-10-22
wa,2020-12-11,93,53,2021-10-22
wa,2020-12-12,92,53,2021-10-22
wa,2020-12-13,87,53,2021-10-22
wa,2020-12-14,125,53,2021-10-22
wa,2020-12-15,108,53,2021-10-22
wa,2020-12-16,97,53,2021-10-22
wa,2020-12-17,94,53,2021-10-22
wa,2020-12-18,108,53,2021-10-22
wa,2020-12-19,100,53,2021-10-22
wa,2020-12-20,92,53,2021-10-22
wa,2020-12-21,107,53,2021-10-22
wa,2020-12-22,122,53,2021-10-22
wa,2020-12-23,132,53,2021-10-22
wa,2020-12-24,80,53,2021-10-22
wa,2020-12-25,119,53,2021-10-22
wa,2020-12-26,114,53,2021-10-22
wa,2020-12-27,92,53,2021-10-22
wa,2020-12-28,104,53,2021-10-22
wa,2020-12-29,90,53,2021-10-22
wa,2020-12-30,107,53,2021-10-22
wa,2020-12-31,101,53,2021-10-22
wa,2021-01-01,99,53,2021-10-22
wa,2021-01-02,90,53,2021-10-22
wa,2021-01-03,98,53,2021-10-22
wa,2021-01-04,108,53,2021-10-22
wa,2021-01-05,118,53,2021-10-22
wa,2021-01-06,108,53,2021-10-22
wa,2021-01-07,103,53,2021-10-22
wa,2021-01-08,86,53,2021-10-22
wa,2021-01-09,87,53,2021-10-22
wa,2021-01-10,105,53,2021-10-22
wa,2021-01-11,104,53,2021-10-22
wa,2021-01-12,99,53,2021-10-22
wa,2021-01-13,96,53,2021-10-22
wa,2021-01-14,102,53,2021-10-22
wa,2021-01-15,71,53,2021-10-22
wa,2021-01-16,88,53,2021-10-22
wa,2021-01-17,110,53,2021-10-22
wa,2021-01-18,80,53,2021-10-22
wa,2021-01-19,88,53,2021-10-22
wa,2021-01-20,93,53,2021-10-22
wa,2021-01-21,100,53,2021-10-22
wa,2021-01-22,83,53,2021-10-22
wa,2021-01-23,67,53,2021-10-22
wa,2021-01-24,70,53,2021-10-22
wa,2021-01-25,91,53,2021-10-22
wa,2021-01-26,87,53,2021-10-22
wa,2021-01-27,100,53,2021-10-22
wa,2021-01-28,84,53,2021-10-22
wa,2021-01-29,78,53,2021-10-22
wa,2021-01-30,68,53,2021-10-22
wa,2021-01-31,71,53,2021-10-22
wa,2021-02-01,76,53,2021-10-22
wa,2021-02-02,77,53,2021-10-22
wa,2021-02-03,68,53,2021-10-22
wa,2021-02-04,70,53,2021-10-22
wa,2021-02-05,71,53,2021-10-22
wa,2021-02-06,48,53,2021-10-22
wa,2021-02-07,48,53,2021-10-22
wa,2021-02-08,53,53,2021-10-22
wa,2021-02-09,50,53,2021-10-22
wa,2021-02-10,67,53,2021-10-22
wa,2021-02-11,54,53,2021-10-22
wa,2021-02-12,61,53,2021-10-22
wa,2021-02-13,40,53,2021-10-22
wa,2021-02-14,64,53,2021-10-22
wa,2021-02-15,72,53,2021-10-22
wa,2021-02-16,68,53,2021-10-22
wa,2021-02-17,45,53,2021-10-22
wa,2021-02-18,53,53,2021-10-22
wa,2021-02-19,35,53,2021-10-22
wa,2021-02-20,40,53,2021-10-22
wa,2021-02-21,50,53,2021-10-22
wa,2021-02-22,43,53,2021-10-22
wa,2021-02-23,46,53,2021-10-22
wa,2021-02-24,51,53,2021-10-22
wa,2021-02-25,43,53,2021-10-22
wa,2021-02-26,43,53,2021-10-22
wa,2021-02-27,26,53,2021-10-22
wa,2021-02-28,36,53,2021-10-22
wa,2021-03-01,49,53,2021-10-22
wa,2021-03-02,62,53,2021-10-22
wa,2021-03-03,34,53,2021-10-22
wa,2021-03-04,30,53,2021-10-22
wa,2021-03-05,35,53,2021-10-22
wa,2021-03-06,32,53,2021-10-22
wa,2021-03-07,36,53,2021-10-22
wa,2021-03-08,41,53,2021-10-22
wa,2021-03-09,48,53,2021-10-22
wa,2021-03-10,39,53,2021-10-22
wa,2021-03-11,35,53,2021-10-22
wa,2021-03-12,45,53,2021-10-22
wa,2021-03-13,34,53,2021-10-22
wa,2021-03-14,53,53,2021-10-22
wa,2021-03-15,36,53,2021-10-22
wa,2021-03-16,37,53,2021-10-22
wa,2021-03-17,47,53,2021-10-22
wa,2021-03-18,45,53,2021-10-22
wa,2021-03-19,38,53,2021-10-22
wa,2021-03-20,23,53,2021-10-22
wa,2021-03-21,26,53,2021-10-22
wa,2021-03-22,42,53,2021-10-22
wa,2021-03-23,43,53,2021-10-22
wa,2021-03-24,46,53,2021-10-22
wa,2021-03-25,41,53,2021-10-22
wa,2021-03-26,30,53,2021-10-22
wa,2021-03-27,33,53,2021-10-22
wa,2021-03-28,46,53,2021-10-22
wa,2021-03-29,62,53,2021-10-22
wa,2021-03-30,51,53,2021-10-22
wa,2021-03-31,43,53,2021-10-22
wa,2021-04-01,52,53,2021-10-22
wa,2021-04-02,58,53,2021-10-22
wa,2021-04-03,26,53,2021-10-22
wa,2021-04-04,54,53,2021-10-22
wa,2021-04-05,45,53,2021-10-22
wa,2021-04-06,50,53,2021-10-22
wa,2021-04-07,72,53,2021-10-22
wa,2021-04-08,52,53,2021-10-22
wa,2021-04-09,51,53,2021-10-22
wa,2021-04-10,49,53,2021-10-22
wa,2021-04-11,62,53,2021-10-22
wa,2021-04-12,58,53,2021-10-22
wa,2021-04-13,54,53,2021-10-22
wa,2021-04-14,77,53,2021-10-22
wa,2021-04-15,66,53,2021-10-22
wa,2021-04-16,68,53,2021-10-22
wa,2021-04-17,58,53,2021-10-22
wa,2021-04-18,63,53,2021-10-22
wa,2021-04-19,57,53,2021-10-22
wa,2021-04-20,74,53,2021-10-22
wa,2021-04-21,80,53,2021-10-22
wa,2021-04-22,71,53,2021-10-22
wa,2021-04-23,88,53,2021-10-22
wa,2021-04-24,65,53,2021-10-22
wa,2021-04-25,78,53,2021-10-22
wa,2021-04-26,86,53,2021-10-22
wa,2021-04-27,88,53,2021-10-22
wa,2021-04-28,79,53,2021-10-22
wa,2021-04-29,77,53,2021-10-22
wa,2021-04-30,68,53,2021-10-22
wa,2021-05-01,49,53,2021-10-22
wa,2021-05-02,76,53,2021-10-22
wa,2021-05-03,75,53,2021-10-22
wa,2021-05-04,72,53,2021-10-22
wa,2021-05-05,73,53,2021-10-22
wa,2021-05-06,77,53,2021-10-22
wa,2021-05-07,59,53,2021-10-22
wa,2021-05-08,53,53,2021-10-22
wa,2021-05-09,74,53,2021-10-22
wa,2021-05-10,82,53,2021-10-22
wa,2021-05-11,65,53,2021-10-22
wa,2021-05-12,68,53,2021-10-22
wa,2021-05-13,68,53,2021-10-22
wa,2021-05-14,57,53,2021-10-22
wa,2021-05-15,46,53,2021-10-22
wa,2021-05-16,64,53,2021-10-22
wa,2021-05-17,63,53,2021-10-22
wa,2021-05-18,60,53,2021-10-22
wa,2021-05-19,74,53,2021-10-22
wa,2021-05-20,97,53,2021-10-22
wa,2021-05-21,69,53,2021-10-22
wa,2021-05-22,52,53,2021-10-22
wa,2021-05-23,83,53,2021-10-22
wa,2021-05-24,98,53,2021-10-22
wa,2021-05-25,57,53,2021-10-22
wa,2021-05-26,55,53,2021-10-22
wa,2021-05-27,55,53,2021-10-22
wa,2021-05-28,35,53,2021-10-22
wa,2021-05-29,41,53,2021-10-22
wa,2021-05-30,48,53,2021-10-22
wa,2021-05-31,49,53,2021-10-22
wa,2021-06-01,65,53,2021-10-22
wa,2021-06-02,63,53,2021-10-22
wa,2021-06-03,60,53,2021-10-22
wa,2021-06-04,61,53,2021-10-22
wa,2021-06-05,41,53,2021-10-22
wa,2021-06-06,62,53,2021-10-22
wa,2021-06-07,52,53,2021-10-22
wa,2021-06-08,51,53,2021-10-22
wa,2021-06-09,44,53,2021-10-22
wa,2021-06-10,40,53,2021-10-22
wa,2021-06-11,32,53,2021-10-22
wa,2021-06-12,37,53,2021-10-22
wa,2021-06-13,39,53,2021-10-22
wa,2021-06-14,36,53,2021-10-22
wa,2021-06-15,32,53,2021-10-22
wa,2021-06-16,38,53,2021-10-22
wa,2021-06-17,38,53,2021-10-22
wa,2021-06-18,40,53,2021-10-22
wa,2021-06-19,35,53,2021-10-22
wa,2021-06-20,52,53,2021-10-22
wa,2021-06-21,48,53,2021-10-22
wa,2021-06-22,35,53,2021-10-22
wa,2021-06-23,45,53,2021-10-22
wa,2021-06-24,36,53,2021-10-22
wa,2021-06-25,42,53,2021-10-22
wa,2021-06-26,23,53,2021-10-22
wa,2021-06-27,35,53,2021-10-22
wa,2021-06-28,29,53,2021-10-22
wa,2021-06-29,31,53,2021-10-22
wa,2021-06-30,50,53,2021-10-22
wa,2021-07-01,28,53,2021-10-22
wa,2021-07-02,41,53,2021-10-22
wa,2021-07-03,37,53,2021-10-22
wa,2021-07-04,30,53,2021-10-22
wa,2021-07-05,34,53,2021-10-22
wa,2021-07-06,36,53,2021-10-22
wa,2021-07-07,44,53,2021-10-22
wa,2021-07-08,43,53,2021-10-22
wa,2021-07-09,37,53,2021-10-22
wa,2021-07-10,37,53,2021-10-22
wa,2021-07-11,30,53,2021-10-22
wa,2021-07-12,43,53,2021-10-22
wa,2021-07-13,44,53,2021-10-22
wa,2021-07-14,45,53,2021-10-22
wa,2021-07-15,48,53,2021-10-22
wa,2021-07-16,40,53,2021-10-22
wa,2021-07-17,45,53,2021-10-22
wa,2021-07-18,47,53,2021-10-22
wa,2021-07-19,42,53,2021-10-22
wa,2021-07-20,60,53,2021-10-22
wa,2021-07-21,59,53,2021-10-22
wa,2021-07-22,59,53,2021-10-22
wa,2021-07-23,47,53,2021-10-22
wa,2021-07-24,62,53,2021-10-22
wa,2021-07-25,65,53,2021-10-22
wa,2021-07-26,72,53,2021-10-22
wa,2021-07-27,89,53,2021-10-22
wa,2021-07-28,76,53,2021-10-22
wa,2021-07-29,86,53,2021-10-22
wa,2021-07-30,77,53,2021-10-22
wa,2021-07-31,66,53,2021-10-22
wa,2021-08-01,89,53,2021-10-22
wa,2021-08-02,105,53,2021-10-22
wa,2021-08-03,82,53,2021-10-22
wa,2021-08-04,105,53,2021-10-22
wa,2021-08-05,97,53,2021-10-22
wa,2021-08-06,82,53,2021-10-22
wa,2021-08-07,70,53,2021-10-22
wa,2021-08-08,122,53,2021-10-22
wa,2021-08-09,113,53,2021-10-22
wa,2021-08-10,130,53,2021-10-22
wa,2021-08-11,119,53,2021-10-22
wa,2021-08-12,111,53,2021-10-22
wa,2021-08-13,116,53,2021-10-22
wa,2021-08-14,114,53,2021-10-22
wa,2021-08-15,142,53,2021-10-22
wa,2021-08-16,172,53,2021-10-22
wa,2021-08-17,130,53,2021-10-22
wa,2021-08-18,138,53,2021-10-22
wa,2021-08-19,155,53,2021-10-22
wa,2021-08-20,157,53,2021-10-22
wa,2021-08-21,127,53,2021-10-22
wa,2021-08-22,156,53,2021-10-22
wa,2021-08-23,180,53,2021-10-22
wa,2021-08-24,163,53,2021-10-22
wa,2021-08-25,158,53,2021-10-22
wa,2021-08-26,159,53,2021-10-22
wa,2021-08-27,176,53,2021-10-22
wa,2021-08-28,173,53,2021-10-22
wa,2021-08-29,152,53,2021-10-22
wa,2021-08-30,180,53,2021-10-22
wa,2021-08-31,188,53,2021-10-22
wa,2021-09-01,175,53,2021-10-22
wa,2021-09-02,178,53,2021-10-22
wa,2021-09-03,175,53,2021-10-22
wa,2021-09-04,191,53,2021-10-22
wa,2021-09-05,155,53,2021-10-22
wa,2021-09-06,165,53,2021-10-22
wa,2021-09-07,187,53,2021-10-22
wa,2021-09-08,189,53,2021-10-22
wa,2021-09-09,132,53,2021-10-22
wa,2021-09-10,145,53,2021-10-22
wa,2021-09-11,167,53,2021-10-22
wa,2021-09-12,145,53,2021-10-22
wa,2021-09-13,149,53,2021-10-22
wa,2021-09-14,151,53,2021-10-22
wa,2021-09-15,164,53,2021-10-22
wa,2021-09-16,147,53,2021-10-22
wa,2021-09-17,142,53,2021-10-22
wa,2021-09-18,113,53,2021-10-22
wa,2021-09-19,117,53,2021-10-22
wa,2021-09-20,171,53,2021-10-22
wa,2021-09-21,121,53,2021-10-22
wa,2021-09-22,109,53,2021-10-22
wa,2021-09-23,117,53,2021-10-22
wa,2021-09-24,126,53,2021-10-22
wa,2021-09-25,108,53,2021-10-22
wa,2021-09-26,132,53,2021-10-22
wa,2021-09-27,141,53,2021-10-22
wa,2021-09-28,118,53,2021-10-22
wa,2021-09-29,140,53,2021-10-22
wa,2021-09-30,114,53,2021-10-22
wa,2021-10-01,113,53,2021-10-22
wa,2021-10-02,96,53,2021-10-22
wa,2021-10-03,111,53,2021-10-22
wa,2021-10-04,113,53,2021-10-22
wa,2021-10-05,132,53,2021-10-22
wa,2021-10-06,115,53,2021-10-22
wa,2021-10-07,106,53,2021-10-22
wa,2021-10-08,105,53,2021-10-22
wa,2021-10-09,89,53,2021-10-22
wa,2021-10-10,112,53,2021-10-22
wa,2021-10-11,119,53,2021-10-22
wa,2021-10-12,113,53,2021-10-22
wa,2021-10-13,101,53,2021-10-22
wa,2021-10-14,107,53,2021-10-22
wa,2021-10-15,101,53,2021-10-22
wa,2021-10-16,97,53,2021-10-22
wa,2021-10-17,108,53,2021-10-22
wa,2021-10-18,87,53,2021-10-22
wa,2021-10-19,96,53,2021-10-22
wa,2021-10-20,99,53,2021-10-22
wa,2021-10-21,99,53,2021-10-22
wv,2020-01-27,NA,54,2021-10-22
wv,2020-01-28,NA,54,2021-10-22
wv,2020-01-29,NA,54,2021-10-22
wv,2020-01-30,NA,54,2021-10-22
wv,2020-01-31,NA,54,2021-10-22
wv,2020-02-16,NA,54,2021-10-22
wv,2020-02-17,NA,54,2021-10-22
wv,2020-02-18,NA,54,2021-10-22
wv,2020-02-19,NA,54,2021-10-22
wv,2020-02-20,NA,54,2021-10-22
wv,2020-02-29,NA,54,2021-10-22
wv,2020-03-01,NA,54,2021-10-22
wv,2020-03-02,NA,54,2021-10-22
wv,2020-03-03,NA,54,2021-10-22
wv,2020-03-04,NA,54,2021-10-22
wv,2020-03-05,NA,54,2021-10-22
wv,2020-03-06,NA,54,2021-10-22
wv,2020-03-07,NA,54,2021-10-22
wv,2020-03-08,NA,54,2021-10-22
wv,2020-03-09,NA,54,2021-10-22
wv,2020-03-10,NA,54,2021-10-22
wv,2020-03-11,NA,54,2021-10-22
wv,2020-03-12,NA,54,2021-10-22
wv,2020-03-13,NA,54,2021-10-22
wv,2020-03-14,NA,54,2021-10-22
wv,2020-03-15,NA,54,2021-10-22
wv,2020-03-16,NA,54,2021-10-22
wv,2020-03-17,NA,54,2021-10-22
wv,2020-03-18,NA,54,2021-10-22
wv,2020-03-19,NA,54,2021-10-22
wv,2020-03-20,NA,54,2021-10-22
wv,2020-03-21,NA,54,2021-10-22
wv,2020-03-22,NA,54,2021-10-22
wv,2020-03-23,NA,54,2021-10-22
wv,2020-03-24,NA,54,2021-10-22
wv,2020-03-25,NA,54,2021-10-22
wv,2020-03-26,NA,54,2021-10-22
wv,2020-03-27,NA,54,2021-10-22
wv,2020-03-28,NA,54,2021-10-22
wv,2020-03-29,NA,54,2021-10-22
wv,2020-03-30,NA,54,2021-10-22
wv,2020-03-31,NA,54,2021-10-22
wv,2020-04-01,NA,54,2021-10-22
wv,2020-04-02,NA,54,2021-10-22
wv,2020-04-03,NA,54,2021-10-22
wv,2020-04-04,NA,54,2021-10-22
wv,2020-04-05,NA,54,2021-10-22
wv,2020-04-06,NA,54,2021-10-22
wv,2020-04-07,NA,54,2021-10-22
wv,2020-04-08,NA,54,2021-10-22
wv,2020-04-09,NA,54,2021-10-22
wv,2020-04-10,NA,54,2021-10-22
wv,2020-04-11,NA,54,2021-10-22
wv,2020-04-12,NA,54,2021-10-22
wv,2020-04-13,NA,54,2021-10-22
wv,2020-04-14,NA,54,2021-10-22
wv,2020-04-15,NA,54,2021-10-22
wv,2020-04-16,NA,54,2021-10-22
wv,2020-04-17,NA,54,2021-10-22
wv,2020-04-18,NA,54,2021-10-22
wv,2020-04-19,NA,54,2021-10-22
wv,2020-04-20,NA,54,2021-10-22
wv,2020-04-21,NA,54,2021-10-22
wv,2020-04-22,NA,54,2021-10-22
wv,2020-04-23,NA,54,2021-10-22
wv,2020-04-24,NA,54,2021-10-22
wv,2020-04-25,NA,54,2021-10-22
wv,2020-04-26,NA,54,2021-10-22
wv,2020-04-27,NA,54,2021-10-22
wv,2020-04-28,NA,54,2021-10-22
wv,2020-04-29,NA,54,2021-10-22
wv,2020-04-30,NA,54,2021-10-22
wv,2020-05-01,NA,54,2021-10-22
wv,2020-05-02,NA,54,2021-10-22
wv,2020-05-03,NA,54,2021-10-22
wv,2020-05-04,NA,54,2021-10-22
wv,2020-05-05,NA,54,2021-10-22
wv,2020-05-06,NA,54,2021-10-22
wv,2020-05-07,NA,54,2021-10-22
wv,2020-05-08,NA,54,2021-10-22
wv,2020-05-09,NA,54,2021-10-22
wv,2020-05-10,NA,54,2021-10-22
wv,2020-05-11,NA,54,2021-10-22
wv,2020-05-12,NA,54,2021-10-22
wv,2020-05-13,NA,54,2021-10-22
wv,2020-05-14,NA,54,2021-10-22
wv,2020-05-15,NA,54,2021-10-22
wv,2020-05-16,NA,54,2021-10-22
wv,2020-05-17,NA,54,2021-10-22
wv,2020-05-18,NA,54,2021-10-22
wv,2020-05-19,NA,54,2021-10-22
wv,2020-05-20,NA,54,2021-10-22
wv,2020-05-21,NA,54,2021-10-22
wv,2020-05-22,NA,54,2021-10-22
wv,2020-05-23,NA,54,2021-10-22
wv,2020-05-24,NA,54,2021-10-22
wv,2020-05-25,NA,54,2021-10-22
wv,2020-05-26,NA,54,2021-10-22
wv,2020-05-27,NA,54,2021-10-22
wv,2020-05-28,NA,54,2021-10-22
wv,2020-05-29,NA,54,2021-10-22
wv,2020-05-30,NA,54,2021-10-22
wv,2020-05-31,NA,54,2021-10-22
wv,2020-06-01,NA,54,2021-10-22
wv,2020-06-02,NA,54,2021-10-22
wv,2020-06-03,NA,54,2021-10-22
wv,2020-06-04,NA,54,2021-10-22
wv,2020-06-05,NA,54,2021-10-22
wv,2020-06-06,NA,54,2021-10-22
wv,2020-06-07,NA,54,2021-10-22
wv,2020-06-08,NA,54,2021-10-22
wv,2020-06-09,NA,54,2021-10-22
wv,2020-06-10,NA,54,2021-10-22
wv,2020-06-11,NA,54,2021-10-22
wv,2020-06-12,NA,54,2021-10-22
wv,2020-06-13,NA,54,2021-10-22
wv,2020-06-14,NA,54,2021-10-22
wv,2020-06-15,NA,54,2021-10-22
wv,2020-06-16,NA,54,2021-10-22
wv,2020-06-17,NA,54,2021-10-22
wv,2020-06-18,NA,54,2021-10-22
wv,2020-06-19,NA,54,2021-10-22
wv,2020-06-20,NA,54,2021-10-22
wv,2020-06-21,NA,54,2021-10-22
wv,2020-06-22,NA,54,2021-10-22
wv,2020-06-23,NA,54,2021-10-22
wv,2020-06-24,NA,54,2021-10-22
wv,2020-06-25,NA,54,2021-10-22
wv,2020-06-26,NA,54,2021-10-22
wv,2020-06-27,NA,54,2021-10-22
wv,2020-06-28,NA,54,2021-10-22
wv,2020-06-29,NA,54,2021-10-22
wv,2020-06-30,NA,54,2021-10-22
wv,2020-07-01,NA,54,2021-10-22
wv,2020-07-02,NA,54,2021-10-22
wv,2020-07-03,NA,54,2021-10-22
wv,2020-07-04,NA,54,2021-10-22
wv,2020-07-05,NA,54,2021-10-22
wv,2020-07-06,NA,54,2021-10-22
wv,2020-07-07,NA,54,2021-10-22
wv,2020-07-08,NA,54,2021-10-22
wv,2020-07-09,NA,54,2021-10-22
wv,2020-07-10,NA,54,2021-10-22
wv,2020-07-11,NA,54,2021-10-22
wv,2020-07-12,NA,54,2021-10-22
wv,2020-07-13,NA,54,2021-10-22
wv,2020-07-14,8,54,2021-10-22
wv,2020-07-15,13,54,2021-10-22
wv,2020-07-16,17,54,2021-10-22
wv,2020-07-17,7,54,2021-10-22
wv,2020-07-18,9,54,2021-10-22
wv,2020-07-19,5,54,2021-10-22
wv,2020-07-20,7,54,2021-10-22
wv,2020-07-21,17,54,2021-10-22
wv,2020-07-22,21,54,2021-10-22
wv,2020-07-23,15,54,2021-10-22
wv,2020-07-24,10,54,2021-10-22
wv,2020-07-25,10,54,2021-10-22
wv,2020-07-26,13,54,2021-10-22
wv,2020-07-27,22,54,2021-10-22
wv,2020-07-28,16,54,2021-10-22
wv,2020-07-29,7,54,2021-10-22
wv,2020-07-30,20,54,2021-10-22
wv,2020-07-31,8,54,2021-10-22
wv,2020-08-01,7,54,2021-10-22
wv,2020-08-02,15,54,2021-10-22
wv,2020-08-03,16,54,2021-10-22
wv,2020-08-04,17,54,2021-10-22
wv,2020-08-05,10,54,2021-10-22
wv,2020-08-06,15,54,2021-10-22
wv,2020-08-07,17,54,2021-10-22
wv,2020-08-08,11,54,2021-10-22
wv,2020-08-09,9,54,2021-10-22
wv,2020-08-10,10,54,2021-10-22
wv,2020-08-11,14,54,2021-10-22
wv,2020-08-12,11,54,2021-10-22
wv,2020-08-13,7,54,2021-10-22
wv,2020-08-14,12,54,2021-10-22
wv,2020-08-15,9,54,2021-10-22
wv,2020-08-16,9,54,2021-10-22
wv,2020-08-17,10,54,2021-10-22
wv,2020-08-18,28,54,2021-10-22
wv,2020-08-19,15,54,2021-10-22
wv,2020-08-20,11,54,2021-10-22
wv,2020-08-21,12,54,2021-10-22
wv,2020-08-22,11,54,2021-10-22
wv,2020-08-23,9,54,2021-10-22
wv,2020-08-24,20,54,2021-10-22
wv,2020-08-25,14,54,2021-10-22
wv,2020-08-26,20,54,2021-10-22
wv,2020-08-27,22,54,2021-10-22
wv,2020-08-28,18,54,2021-10-22
wv,2020-08-29,13,54,2021-10-22
wv,2020-08-30,11,54,2021-10-22
wv,2020-08-31,9,54,2021-10-22
wv,2020-09-01,16,54,2021-10-22
wv,2020-09-02,18,54,2021-10-22
wv,2020-09-03,14,54,2021-10-22
wv,2020-09-04,15,54,2021-10-22
wv,2020-09-05,9,54,2021-10-22
wv,2020-09-06,19,54,2021-10-22
wv,2020-09-07,7,54,2021-10-22
wv,2020-09-08,11,54,2021-10-22
wv,2020-09-09,13,54,2021-10-22
wv,2020-09-10,8,54,2021-10-22
wv,2020-09-11,23,54,2021-10-22
wv,2020-09-12,12,54,2021-10-22
wv,2020-09-13,14,54,2021-10-22
wv,2020-09-14,19,54,2021-10-22
wv,2020-09-15,23,54,2021-10-22
wv,2020-09-16,20,54,2021-10-22
wv,2020-09-17,17,54,2021-10-22
wv,2020-09-18,16,54,2021-10-22
wv,2020-09-19,23,54,2021-10-22
wv,2020-09-20,17,54,2021-10-22
wv,2020-09-21,10,54,2021-10-22
wv,2020-09-22,21,54,2021-10-22
wv,2020-09-23,18,54,2021-10-22
wv,2020-09-24,16,54,2021-10-22
wv,2020-09-25,11,54,2021-10-22
wv,2020-09-26,12,54,2021-10-22
wv,2020-09-27,14,54,2021-10-22
wv,2020-09-28,20,54,2021-10-22
wv,2020-09-29,22,54,2021-10-22
wv,2020-09-30,10,54,2021-10-22
wv,2020-10-01,19,54,2021-10-22
wv,2020-10-02,21,54,2021-10-22
wv,2020-10-03,13,54,2021-10-22
wv,2020-10-04,16,54,2021-10-22
wv,2020-10-05,18,54,2021-10-22
wv,2020-10-06,10,54,2021-10-22
wv,2020-10-07,15,54,2021-10-22
wv,2020-10-08,21,54,2021-10-22
wv,2020-10-09,16,54,2021-10-22
wv,2020-10-10,17,54,2021-10-22
wv,2020-10-11,15,54,2021-10-22
wv,2020-10-12,24,54,2021-10-22
wv,2020-10-13,26,54,2021-10-22
wv,2020-10-14,24,54,2021-10-22
wv,2020-10-15,30,54,2021-10-22
wv,2020-10-16,24,54,2021-10-22
wv,2020-10-17,20,54,2021-10-22
wv,2020-10-18,29,54,2021-10-22
wv,2020-10-19,27,54,2021-10-22
wv,2020-10-20,20,54,2021-10-22
wv,2020-10-21,28,54,2021-10-22
wv,2020-10-22,38,54,2021-10-22
wv,2020-10-23,36,54,2021-10-22
wv,2020-10-24,25,54,2021-10-22
wv,2020-10-25,24,54,2021-10-22
wv,2020-10-26,27,54,2021-10-22
wv,2020-10-27,41,54,2021-10-22
wv,2020-10-28,34,54,2021-10-22
wv,2020-10-29,23,54,2021-10-22
wv,2020-10-30,28,54,2021-10-22
wv,2020-10-31,37,54,2021-10-22
wv,2020-11-01,32,54,2021-10-22
wv,2020-11-02,30,54,2021-10-22
wv,2020-11-03,28,54,2021-10-22
wv,2020-11-04,34,54,2021-10-22
wv,2020-11-05,43,54,2021-10-22
wv,2020-11-06,48,54,2021-10-22
wv,2020-11-07,40,54,2021-10-22
wv,2020-11-08,29,54,2021-10-22
wv,2020-11-09,38,54,2021-10-22
wv,2020-11-10,41,54,2021-10-22
wv,2020-11-11,61,54,2021-10-22
wv,2020-11-12,38,54,2021-10-22
wv,2020-11-13,61,54,2021-10-22
wv,2020-11-14,44,54,2021-10-22
wv,2020-11-15,42,54,2021-10-22
wv,2020-11-16,51,54,2021-10-22
wv,2020-11-17,41,54,2021-10-22
wv,2020-11-18,55,54,2021-10-22
wv,2020-11-19,63,54,2021-10-22
wv,2020-11-20,77,54,2021-10-22
wv,2020-11-21,65,54,2021-10-22
wv,2020-11-22,47,54,2021-10-22
wv,2020-11-23,83,54,2021-10-22
wv,2020-11-24,76,54,2021-10-22
wv,2020-11-25,79,54,2021-10-22
wv,2020-11-26,61,54,2021-10-22
wv,2020-11-27,69,54,2021-10-22
wv,2020-11-28,89,54,2021-10-22
wv,2020-11-29,68,54,2021-10-22
wv,2020-11-30,70,54,2021-10-22
wv,2020-12-01,61,54,2021-10-22
wv,2020-12-02,56,54,2021-10-22
wv,2020-12-03,82,54,2021-10-22
wv,2020-12-04,78,54,2021-10-22
wv,2020-12-05,55,54,2021-10-22
wv,2020-12-06,62,54,2021-10-22
wv,2020-12-07,82,54,2021-10-22
wv,2020-12-08,93,54,2021-10-22
wv,2020-12-09,88,54,2021-10-22
wv,2020-12-10,96,54,2021-10-22
wv,2020-12-11,91,54,2021-10-22
wv,2020-12-12,82,54,2021-10-22
wv,2020-12-13,82,54,2021-10-22
wv,2020-12-14,92,54,2021-10-22
wv,2020-12-15,84,54,2021-10-22
wv,2020-12-16,66,54,2021-10-22
wv,2020-12-17,82,54,2021-10-22
wv,2020-12-18,78,54,2021-10-22
wv,2020-12-19,66,54,2021-10-22
wv,2020-12-20,87,54,2021-10-22
wv,2020-12-21,97,54,2021-10-22
wv,2020-12-22,110,54,2021-10-22
wv,2020-12-23,89,54,2021-10-22
wv,2020-12-24,83,54,2021-10-22
wv,2020-12-25,73,54,2021-10-22
wv,2020-12-26,92,54,2021-10-22
wv,2020-12-27,81,54,2021-10-22
wv,2020-12-28,112,54,2021-10-22
wv,2020-12-29,101,54,2021-10-22
wv,2020-12-30,107,54,2021-10-22
wv,2020-12-31,90,54,2021-10-22
wv,2021-01-01,94,54,2021-10-22
wv,2021-01-02,72,54,2021-10-22
wv,2021-01-03,92,54,2021-10-22
wv,2021-01-04,85,54,2021-10-22
wv,2021-01-05,97,54,2021-10-22
wv,2021-01-06,99,54,2021-10-22
wv,2021-01-07,94,54,2021-10-22
wv,2021-01-08,91,54,2021-10-22
wv,2021-01-09,72,54,2021-10-22
wv,2021-01-10,81,54,2021-10-22
wv,2021-01-11,89,54,2021-10-22
wv,2021-01-12,73,54,2021-10-22
wv,2021-01-13,88,54,2021-10-22
wv,2021-01-14,81,54,2021-10-22
wv,2021-01-15,66,54,2021-10-22
wv,2021-01-16,61,54,2021-10-22
wv,2021-01-17,71,54,2021-10-22
wv,2021-01-18,65,54,2021-10-22
wv,2021-01-19,72,54,2021-10-22
wv,2021-01-20,81,54,2021-10-22
wv,2021-01-21,66,54,2021-10-22
wv,2021-01-22,84,54,2021-10-22
wv,2021-01-23,58,54,2021-10-22
wv,2021-01-24,52,54,2021-10-22
wv,2021-01-25,59,54,2021-10-22
wv,2021-01-26,57,54,2021-10-22
wv,2021-01-27,59,54,2021-10-22
wv,2021-01-28,54,54,2021-10-22
wv,2021-01-29,53,54,2021-10-22
wv,2021-01-30,44,54,2021-10-22
wv,2021-01-31,50,54,2021-10-22
wv,2021-02-01,52,54,2021-10-22
wv,2021-02-02,41,54,2021-10-22
wv,2021-02-03,66,54,2021-10-22
wv,2021-02-04,61,54,2021-10-22
wv,2021-02-05,49,54,2021-10-22
wv,2021-02-06,57,54,2021-10-22
wv,2021-02-07,28,54,2021-10-22
wv,2021-02-08,41,54,2021-10-22
wv,2021-02-09,41,54,2021-10-22
wv,2021-02-10,34,54,2021-10-22
wv,2021-02-11,23,54,2021-10-22
wv,2021-02-12,32,54,2021-10-22
wv,2021-02-13,34,54,2021-10-22
wv,2021-02-14,32,54,2021-10-22
wv,2021-02-15,33,54,2021-10-22
wv,2021-02-16,38,54,2021-10-22
wv,2021-02-17,43,54,2021-10-22
wv,2021-02-18,25,54,2021-10-22
wv,2021-02-19,33,54,2021-10-22
wv,2021-02-20,28,54,2021-10-22
wv,2021-02-21,29,54,2021-10-22
wv,2021-02-22,32,54,2021-10-22
wv,2021-02-23,35,54,2021-10-22
wv,2021-02-24,27,54,2021-10-22
wv,2021-02-25,18,54,2021-10-22
wv,2021-02-26,23,54,2021-10-22
wv,2021-02-27,20,54,2021-10-22
wv,2021-02-28,14,54,2021-10-22
wv,2021-03-01,19,54,2021-10-22
wv,2021-03-02,20,54,2021-10-22
wv,2021-03-03,23,54,2021-10-22
wv,2021-03-04,15,54,2021-10-22
wv,2021-03-05,21,54,2021-10-22
wv,2021-03-06,23,54,2021-10-22
wv,2021-03-07,21,54,2021-10-22
wv,2021-03-08,20,54,2021-10-22
wv,2021-03-09,15,54,2021-10-22
wv,2021-03-10,19,54,2021-10-22
wv,2021-03-11,16,54,2021-10-22
wv,2021-03-12,24,54,2021-10-22
wv,2021-03-13,23,54,2021-10-22
wv,2021-03-14,17,54,2021-10-22
wv,2021-03-15,28,54,2021-10-22
wv,2021-03-16,23,54,2021-10-22
wv,2021-03-17,18,54,2021-10-22
wv,2021-03-18,16,54,2021-10-22
wv,2021-03-19,22,54,2021-10-22
wv,2021-03-20,19,54,2021-10-22
wv,2021-03-21,14,54,2021-10-22
wv,2021-03-22,31,54,2021-10-22
wv,2021-03-23,25,54,2021-10-22
wv,2021-03-24,27,54,2021-10-22
wv,2021-03-25,21,54,2021-10-22
wv,2021-03-26,27,54,2021-10-22
wv,2021-03-27,29,54,2021-10-22
wv,2021-03-28,35,54,2021-10-22
wv,2021-03-29,25,54,2021-10-22
wv,2021-03-30,31,54,2021-10-22
wv,2021-03-31,35,54,2021-10-22
wv,2021-04-01,35,54,2021-10-22
wv,2021-04-02,28,54,2021-10-22
wv,2021-04-03,29,54,2021-10-22
wv,2021-04-04,31,54,2021-10-22
wv,2021-04-05,49,54,2021-10-22
wv,2021-04-06,45,54,2021-10-22
wv,2021-04-07,36,54,2021-10-22
wv,2021-04-08,41,54,2021-10-22
wv,2021-04-09,26,54,2021-10-22
wv,2021-04-10,26,54,2021-10-22
wv,2021-04-11,20,54,2021-10-22
wv,2021-04-12,25,54,2021-10-22
wv,2021-04-13,43,54,2021-10-22
wv,2021-04-14,33,54,2021-10-22
wv,2021-04-15,29,54,2021-10-22
wv,2021-04-16,41,54,2021-10-22
wv,2021-04-17,36,54,2021-10-22
wv,2021-04-18,38,54,2021-10-22
wv,2021-04-19,36,54,2021-10-22
wv,2021-04-20,39,54,2021-10-22
wv,2021-04-21,39,54,2021-10-22
wv,2021-04-22,33,54,2021-10-22
wv,2021-04-23,16,54,2021-10-22
wv,2021-04-24,43,54,2021-10-22
wv,2021-04-25,19,54,2021-10-22
wv,2021-04-26,27,54,2021-10-22
wv,2021-04-27,24,54,2021-10-22
wv,2021-04-28,35,54,2021-10-22
wv,2021-04-29,34,54,2021-10-22
wv,2021-04-30,41,54,2021-10-22
wv,2021-05-01,30,54,2021-10-22
wv,2021-05-02,32,54,2021-10-22
wv,2021-05-03,41,54,2021-10-22
wv,2021-05-04,30,54,2021-10-22
wv,2021-05-05,40,54,2021-10-22
wv,2021-05-06,36,54,2021-10-22
wv,2021-05-07,33,54,2021-10-22
wv,2021-05-08,27,54,2021-10-22
wv,2021-05-09,32,54,2021-10-22
wv,2021-05-10,39,54,2021-10-22
wv,2021-05-11,43,54,2021-10-22
wv,2021-05-12,22,54,2021-10-22
wv,2021-05-13,30,54,2021-10-22
wv,2021-05-14,19,54,2021-10-22
wv,2021-05-15,24,54,2021-10-22
wv,2021-05-16,19,54,2021-10-22
wv,2021-05-17,38,54,2021-10-22
wv,2021-05-18,38,54,2021-10-22
wv,2021-05-19,31,54,2021-10-22
wv,2021-05-20,27,54,2021-10-22
wv,2021-05-21,30,54,2021-10-22
wv,2021-05-22,22,54,2021-10-22
wv,2021-05-23,25,54,2021-10-22
wv,2021-05-24,24,54,2021-10-22
wv,2021-05-25,26,54,2021-10-22
wv,2021-05-26,23,54,2021-10-22
wv,2021-05-27,28,54,2021-10-22
wv,2021-05-28,24,54,2021-10-22
wv,2021-05-29,26,54,2021-10-22
wv,2021-05-30,18,54,2021-10-22
wv,2021-05-31,16,54,2021-10-22
wv,2021-06-01,24,54,2021-10-22
wv,2021-06-02,22,54,2021-10-22
wv,2021-06-03,19,54,2021-10-22
wv,2021-06-04,9,54,2021-10-22
wv,2021-06-05,16,54,2021-10-22
wv,2021-06-06,12,54,2021-10-22
wv,2021-06-07,14,54,2021-10-22
wv,2021-06-08,19,54,2021-10-22
wv,2021-06-09,32,54,2021-10-22
wv,2021-06-10,13,54,2021-10-22
wv,2021-06-11,11,54,2021-10-22
wv,2021-06-12,17,54,2021-10-22
wv,2021-06-13,13,54,2021-10-22
wv,2021-06-14,19,54,2021-10-22
wv,2021-06-15,9,54,2021-10-22
wv,2021-06-16,14,54,2021-10-22
wv,2021-06-17,11,54,2021-10-22
wv,2021-06-18,9,54,2021-10-22
wv,2021-06-19,11,54,2021-10-22
wv,2021-06-20,13,54,2021-10-22
wv,2021-06-21,5,54,2021-10-22
wv,2021-06-22,10,54,2021-10-22
wv,2021-06-23,4,54,2021-10-22
wv,2021-06-24,9,54,2021-10-22
wv,2021-06-25,15,54,2021-10-22
wv,2021-06-26,6,54,2021-10-22
wv,2021-06-27,8,54,2021-10-22
wv,2021-06-28,11,54,2021-10-22
wv,2021-06-29,11,54,2021-10-22
wv,2021-06-30,7,54,2021-10-22
wv,2021-07-01,7,54,2021-10-22
wv,2021-07-02,4,54,2021-10-22
wv,2021-07-03,2,54,2021-10-22
wv,2021-07-04,9,54,2021-10-22
wv,2021-07-05,10,54,2021-10-22
wv,2021-07-06,15,54,2021-10-22
wv,2021-07-07,7,54,2021-10-22
wv,2021-07-08,9,54,2021-10-22
wv,2021-07-09,11,54,2021-10-22
wv,2021-07-10,5,54,2021-10-22
wv,2021-07-11,7,54,2021-10-22
wv,2021-07-12,9,54,2021-10-22
wv,2021-07-13,9,54,2021-10-22
wv,2021-07-14,12,54,2021-10-22
wv,2021-07-15,8,54,2021-10-22
wv,2021-07-16,9,54,2021-10-22
wv,2021-07-17,10,54,2021-10-22
wv,2021-07-18,10,54,2021-10-22
wv,2021-07-19,14,54,2021-10-22
wv,2021-07-20,14,54,2021-10-22
wv,2021-07-21,5,54,2021-10-22
wv,2021-07-22,12,54,2021-10-22
wv,2021-07-23,16,54,2021-10-22
wv,2021-07-24,16,54,2021-10-22
wv,2021-07-25,21,54,2021-10-22
wv,2021-07-26,22,54,2021-10-22
wv,2021-07-27,24,54,2021-10-22
wv,2021-07-28,23,54,2021-10-22
wv,2021-07-29,21,54,2021-10-22
wv,2021-07-30,20,54,2021-10-22
wv,2021-07-31,22,54,2021-10-22
wv,2021-08-01,33,54,2021-10-22
wv,2021-08-02,22,54,2021-10-22
wv,2021-08-03,41,54,2021-10-22
wv,2021-08-04,38,54,2021-10-22
wv,2021-08-05,36,54,2021-10-22
wv,2021-08-06,43,54,2021-10-22
wv,2021-08-07,43,54,2021-10-22
wv,2021-08-08,31,54,2021-10-22
wv,2021-08-09,39,54,2021-10-22
wv,2021-08-10,46,54,2021-10-22
wv,2021-08-11,46,54,2021-10-22
wv,2021-08-12,44,54,2021-10-22
wv,2021-08-13,53,54,2021-10-22
wv,2021-08-14,62,54,2021-10-22
wv,2021-08-15,57,54,2021-10-22
wv,2021-08-16,70,54,2021-10-22
wv,2021-08-17,66,54,2021-10-22
wv,2021-08-18,57,54,2021-10-22
wv,2021-08-19,61,54,2021-10-22
wv,2021-08-20,63,54,2021-10-22
wv,2021-08-21,62,54,2021-10-22
wv,2021-08-22,67,54,2021-10-22
wv,2021-08-23,75,54,2021-10-22
wv,2021-08-24,64,54,2021-10-22
wv,2021-08-25,81,54,2021-10-22
wv,2021-08-26,108,54,2021-10-22
wv,2021-08-27,101,54,2021-10-22
wv,2021-08-28,84,54,2021-10-22
wv,2021-08-29,85,54,2021-10-22
wv,2021-08-30,92,54,2021-10-22
wv,2021-08-31,98,54,2021-10-22
wv,2021-09-01,111,54,2021-10-22
wv,2021-09-02,93,54,2021-10-22
wv,2021-09-03,103,54,2021-10-22
wv,2021-09-04,86,54,2021-10-22
wv,2021-09-05,79,54,2021-10-22
wv,2021-09-06,97,54,2021-10-22
wv,2021-09-07,104,54,2021-10-22
wv,2021-09-08,94,54,2021-10-22
wv,2021-09-09,90,54,2021-10-22
wv,2021-09-10,101,54,2021-10-22
wv,2021-09-11,99,54,2021-10-22
wv,2021-09-12,93,54,2021-10-22
wv,2021-09-13,109,54,2021-10-22
wv,2021-09-14,123,54,2021-10-22
wv,2021-09-15,103,54,2021-10-22
wv,2021-09-16,107,54,2021-10-22
wv,2021-09-17,121,54,2021-10-22
wv,2021-09-18,103,54,2021-10-22
wv,2021-09-19,74,54,2021-10-22
wv,2021-09-20,109,54,2021-10-22
wv,2021-09-21,158,54,2021-10-22
wv,2021-09-22,112,54,2021-10-22
wv,2021-09-23,110,54,2021-10-22
wv,2021-09-24,92,54,2021-10-22
wv,2021-09-25,91,54,2021-10-22
wv,2021-09-26,76,54,2021-10-22
wv,2021-09-27,110,54,2021-10-22
wv,2021-09-28,93,54,2021-10-22
wv,2021-09-29,120,54,2021-10-22
wv,2021-09-30,110,54,2021-10-22
wv,2021-10-01,91,54,2021-10-22
wv,2021-10-02,82,54,2021-10-22
wv,2021-10-03,68,54,2021-10-22
wv,2021-10-04,90,54,2021-10-22
wv,2021-10-05,95,54,2021-10-22
wv,2021-10-06,93,54,2021-10-22
wv,2021-10-07,102,54,2021-10-22
wv,2021-10-08,95,54,2021-10-22
wv,2021-10-09,69,54,2021-10-22
wv,2021-10-10,72,54,2021-10-22
wv,2021-10-11,79,54,2021-10-22
wv,2021-10-12,89,54,2021-10-22
wv,2021-10-13,97,54,2021-10-22
wv,2021-10-14,72,54,2021-10-22
wv,2021-10-15,75,54,2021-10-22
wv,2021-10-16,49,54,2021-10-22
wv,2021-10-17,56,54,2021-10-22
wv,2021-10-18,81,54,2021-10-22
wv,2021-10-19,71,54,2021-10-22
wv,2021-10-20,77,54,2021-10-22
wv,2021-10-21,77,54,2021-10-22
wi,2020-02-29,NA,55,2021-10-22
wi,2020-03-01,NA,55,2021-10-22
wi,2020-03-02,NA,55,2021-10-22
wi,2020-03-03,NA,55,2021-10-22
wi,2020-03-04,NA,55,2021-10-22
wi,2020-03-05,NA,55,2021-10-22
wi,2020-03-06,NA,55,2021-10-22
wi,2020-03-07,NA,55,2021-10-22
wi,2020-03-08,NA,55,2021-10-22
wi,2020-03-09,NA,55,2021-10-22
wi,2020-03-10,NA,55,2021-10-22
wi,2020-03-11,NA,55,2021-10-22
wi,2020-03-12,NA,55,2021-10-22
wi,2020-03-13,NA,55,2021-10-22
wi,2020-03-14,NA,55,2021-10-22
wi,2020-03-15,NA,55,2021-10-22
wi,2020-03-16,NA,55,2021-10-22
wi,2020-03-17,NA,55,2021-10-22
wi,2020-03-18,NA,55,2021-10-22
wi,2020-03-19,NA,55,2021-10-22
wi,2020-03-20,NA,55,2021-10-22
wi,2020-03-21,NA,55,2021-10-22
wi,2020-03-22,NA,55,2021-10-22
wi,2020-03-23,NA,55,2021-10-22
wi,2020-03-24,NA,55,2021-10-22
wi,2020-03-25,NA,55,2021-10-22
wi,2020-03-26,NA,55,2021-10-22
wi,2020-03-27,NA,55,2021-10-22
wi,2020-03-28,NA,55,2021-10-22
wi,2020-03-29,NA,55,2021-10-22
wi,2020-03-30,NA,55,2021-10-22
wi,2020-03-31,NA,55,2021-10-22
wi,2020-04-01,NA,55,2021-10-22
wi,2020-04-02,NA,55,2021-10-22
wi,2020-04-03,NA,55,2021-10-22
wi,2020-04-04,NA,55,2021-10-22
wi,2020-04-05,NA,55,2021-10-22
wi,2020-04-06,NA,55,2021-10-22
wi,2020-04-07,NA,55,2021-10-22
wi,2020-04-08,NA,55,2021-10-22
wi,2020-04-09,NA,55,2021-10-22
wi,2020-04-10,NA,55,2021-10-22
wi,2020-04-11,NA,55,2021-10-22
wi,2020-04-12,NA,55,2021-10-22
wi,2020-04-13,NA,55,2021-10-22
wi,2020-04-14,NA,55,2021-10-22
wi,2020-04-15,NA,55,2021-10-22
wi,2020-04-16,NA,55,2021-10-22
wi,2020-04-17,NA,55,2021-10-22
wi,2020-04-18,NA,55,2021-10-22
wi,2020-04-19,NA,55,2021-10-22
wi,2020-04-20,NA,55,2021-10-22
wi,2020-04-21,NA,55,2021-10-22
wi,2020-04-22,NA,55,2021-10-22
wi,2020-04-23,NA,55,2021-10-22
wi,2020-04-24,NA,55,2021-10-22
wi,2020-04-25,NA,55,2021-10-22
wi,2020-04-26,NA,55,2021-10-22
wi,2020-04-27,NA,55,2021-10-22
wi,2020-04-28,NA,55,2021-10-22
wi,2020-04-29,NA,55,2021-10-22
wi,2020-04-30,NA,55,2021-10-22
wi,2020-05-01,NA,55,2021-10-22
wi,2020-05-02,NA,55,2021-10-22
wi,2020-05-03,NA,55,2021-10-22
wi,2020-05-04,NA,55,2021-10-22
wi,2020-05-05,NA,55,2021-10-22
wi,2020-05-06,NA,55,2021-10-22
wi,2020-05-07,NA,55,2021-10-22
wi,2020-05-08,NA,55,2021-10-22
wi,2020-05-09,NA,55,2021-10-22
wi,2020-05-10,NA,55,2021-10-22
wi,2020-05-11,NA,55,2021-10-22
wi,2020-05-12,NA,55,2021-10-22
wi,2020-05-13,NA,55,2021-10-22
wi,2020-05-14,NA,55,2021-10-22
wi,2020-05-15,NA,55,2021-10-22
wi,2020-05-16,NA,55,2021-10-22
wi,2020-05-17,NA,55,2021-10-22
wi,2020-05-18,NA,55,2021-10-22
wi,2020-05-19,NA,55,2021-10-22
wi,2020-05-20,NA,55,2021-10-22
wi,2020-05-21,NA,55,2021-10-22
wi,2020-05-22,NA,55,2021-10-22
wi,2020-05-23,NA,55,2021-10-22
wi,2020-05-24,NA,55,2021-10-22
wi,2020-05-25,NA,55,2021-10-22
wi,2020-05-26,NA,55,2021-10-22
wi,2020-05-27,NA,55,2021-10-22
wi,2020-05-28,NA,55,2021-10-22
wi,2020-05-29,NA,55,2021-10-22
wi,2020-05-30,NA,55,2021-10-22
wi,2020-05-31,NA,55,2021-10-22
wi,2020-06-01,NA,55,2021-10-22
wi,2020-06-02,NA,55,2021-10-22
wi,2020-06-03,NA,55,2021-10-22
wi,2020-06-04,NA,55,2021-10-22
wi,2020-06-05,NA,55,2021-10-22
wi,2020-06-06,NA,55,2021-10-22
wi,2020-06-07,NA,55,2021-10-22
wi,2020-06-08,NA,55,2021-10-22
wi,2020-06-09,NA,55,2021-10-22
wi,2020-06-10,NA,55,2021-10-22
wi,2020-06-11,NA,55,2021-10-22
wi,2020-06-12,NA,55,2021-10-22
wi,2020-06-13,NA,55,2021-10-22
wi,2020-06-14,NA,55,2021-10-22
wi,2020-06-15,NA,55,2021-10-22
wi,2020-06-16,NA,55,2021-10-22
wi,2020-06-17,NA,55,2021-10-22
wi,2020-06-18,NA,55,2021-10-22
wi,2020-06-19,NA,55,2021-10-22
wi,2020-06-20,NA,55,2021-10-22
wi,2020-06-21,NA,55,2021-10-22
wi,2020-06-22,NA,55,2021-10-22
wi,2020-06-23,NA,55,2021-10-22
wi,2020-06-24,NA,55,2021-10-22
wi,2020-06-25,NA,55,2021-10-22
wi,2020-06-26,NA,55,2021-10-22
wi,2020-06-27,NA,55,2021-10-22
wi,2020-06-28,NA,55,2021-10-22
wi,2020-06-29,NA,55,2021-10-22
wi,2020-06-30,NA,55,2021-10-22
wi,2020-07-01,NA,55,2021-10-22
wi,2020-07-02,NA,55,2021-10-22
wi,2020-07-03,NA,55,2021-10-22
wi,2020-07-04,NA,55,2021-10-22
wi,2020-07-05,NA,55,2021-10-22
wi,2020-07-06,NA,55,2021-10-22
wi,2020-07-07,NA,55,2021-10-22
wi,2020-07-08,NA,55,2021-10-22
wi,2020-07-09,NA,55,2021-10-22
wi,2020-07-10,NA,55,2021-10-22
wi,2020-07-11,NA,55,2021-10-22
wi,2020-07-12,NA,55,2021-10-22
wi,2020-07-13,NA,55,2021-10-22
wi,2020-07-14,70,55,2021-10-22
wi,2020-07-15,74,55,2021-10-22
wi,2020-07-16,57,55,2021-10-22
wi,2020-07-17,29,55,2021-10-22
wi,2020-07-18,50,55,2021-10-22
wi,2020-07-19,43,55,2021-10-22
wi,2020-07-20,50,55,2021-10-22
wi,2020-07-21,43,55,2021-10-22
wi,2020-07-22,28,55,2021-10-22
wi,2020-07-23,43,55,2021-10-22
wi,2020-07-24,31,55,2021-10-22
wi,2020-07-25,23,55,2021-10-22
wi,2020-07-26,27,55,2021-10-22
wi,2020-07-27,26,55,2021-10-22
wi,2020-07-28,80,55,2021-10-22
wi,2020-07-29,60,55,2021-10-22
wi,2020-07-30,81,55,2021-10-22
wi,2020-07-31,73,55,2021-10-22
wi,2020-08-01,68,55,2021-10-22
wi,2020-08-02,92,55,2021-10-22
wi,2020-08-03,68,55,2021-10-22
wi,2020-08-04,96,55,2021-10-22
wi,2020-08-05,79,55,2021-10-22
wi,2020-08-06,110,55,2021-10-22
wi,2020-08-07,67,55,2021-10-22
wi,2020-08-08,78,55,2021-10-22
wi,2020-08-09,93,55,2021-10-22
wi,2020-08-10,90,55,2021-10-22
wi,2020-08-11,63,55,2021-10-22
wi,2020-08-12,73,55,2021-10-22
wi,2020-08-13,84,55,2021-10-22
wi,2020-08-14,70,55,2021-10-22
wi,2020-08-15,70,55,2021-10-22
wi,2020-08-16,65,55,2021-10-22
wi,2020-08-17,89,55,2021-10-22
wi,2020-08-18,67,55,2021-10-22
wi,2020-08-19,75,55,2021-10-22
wi,2020-08-20,67,55,2021-10-22
wi,2020-08-21,69,55,2021-10-22
wi,2020-08-22,79,55,2021-10-22
wi,2020-08-23,59,55,2021-10-22
wi,2020-08-24,80,55,2021-10-22
wi,2020-08-25,69,55,2021-10-22
wi,2020-08-26,52,55,2021-10-22
wi,2020-08-27,73,55,2021-10-22
wi,2020-08-28,59,55,2021-10-22
wi,2020-08-29,56,55,2021-10-22
wi,2020-08-30,60,55,2021-10-22
wi,2020-08-31,59,55,2021-10-22
wi,2020-09-01,60,55,2021-10-22
wi,2020-09-02,73,55,2021-10-22
wi,2020-09-03,65,55,2021-10-22
wi,2020-09-04,62,55,2021-10-22
wi,2020-09-05,66,55,2021-10-22
wi,2020-09-06,64,55,2021-10-22
wi,2020-09-07,58,55,2021-10-22
wi,2020-09-08,73,55,2021-10-22
wi,2020-09-09,97,55,2021-10-22
wi,2020-09-10,77,55,2021-10-22
wi,2020-09-11,95,55,2021-10-22
wi,2020-09-12,84,55,2021-10-22
wi,2020-09-13,91,55,2021-10-22
wi,2020-09-14,67,55,2021-10-22
wi,2020-09-15,77,55,2021-10-22
wi,2020-09-16,67,55,2021-10-22
wi,2020-09-17,77,55,2021-10-22
wi,2020-09-18,142,55,2021-10-22
wi,2020-09-19,66,55,2021-10-22
wi,2020-09-20,76,55,2021-10-22
wi,2020-09-21,110,55,2021-10-22
wi,2020-09-22,106,55,2021-10-22
wi,2020-09-23,112,55,2021-10-22
wi,2020-09-24,114,55,2021-10-22
wi,2020-09-25,138,55,2021-10-22
wi,2020-09-26,128,55,2021-10-22
wi,2020-09-27,135,55,2021-10-22
wi,2020-09-28,131,55,2021-10-22
wi,2020-09-29,142,55,2021-10-22
wi,2020-09-30,142,55,2021-10-22
wi,2020-10-01,196,55,2021-10-22
wi,2020-10-02,200,55,2021-10-22
wi,2020-10-03,164,55,2021-10-22
wi,2020-10-04,170,55,2021-10-22
wi,2020-10-05,210,55,2021-10-22
wi,2020-10-06,199,55,2021-10-22
wi,2020-10-07,175,55,2021-10-22
wi,2020-10-08,214,55,2021-10-22
wi,2020-10-09,217,55,2021-10-22
wi,2020-10-10,209,55,2021-10-22
wi,2020-10-11,195,55,2021-10-22
wi,2020-10-12,275,55,2021-10-22
wi,2020-10-13,268,55,2021-10-22
wi,2020-10-14,294,55,2021-10-22
wi,2020-10-15,297,55,2021-10-22
wi,2020-10-16,303,55,2021-10-22
wi,2020-10-17,270,55,2021-10-22
wi,2020-10-18,302,55,2021-10-22
wi,2020-10-19,305,55,2021-10-22
wi,2020-10-20,313,55,2021-10-22
wi,2020-10-21,345,55,2021-10-22
wi,2020-10-22,341,55,2021-10-22
wi,2020-10-23,333,55,2021-10-22
wi,2020-10-24,340,55,2021-10-22
wi,2020-10-25,332,55,2021-10-22
wi,2020-10-26,340,55,2021-10-22
wi,2020-10-27,373,55,2021-10-22
wi,2020-10-28,364,55,2021-10-22
wi,2020-10-29,377,55,2021-10-22
wi,2020-10-30,351,55,2021-10-22
wi,2020-10-31,327,55,2021-10-22
wi,2020-11-01,384,55,2021-10-22
wi,2020-11-02,433,55,2021-10-22
wi,2020-11-03,393,55,2021-10-22
wi,2020-11-04,426,55,2021-10-22
wi,2020-11-05,443,55,2021-10-22
wi,2020-11-06,444,55,2021-10-22
wi,2020-11-07,419,55,2021-10-22
wi,2020-11-08,449,55,2021-10-22
wi,2020-11-09,551,55,2021-10-22
wi,2020-11-10,499,55,2021-10-22
wi,2020-11-11,508,55,2021-10-22
wi,2020-11-12,497,55,2021-10-22
wi,2020-11-13,513,55,2021-10-22
wi,2020-11-14,474,55,2021-10-22
wi,2020-11-15,505,55,2021-10-22
wi,2020-11-16,519,55,2021-10-22
wi,2020-11-17,520,55,2021-10-22
wi,2020-11-18,476,55,2021-10-22
wi,2020-11-19,450,55,2021-10-22
wi,2020-11-20,427,55,2021-10-22
wi,2020-11-21,380,55,2021-10-22
wi,2020-11-22,425,55,2021-10-22
wi,2020-11-23,482,55,2021-10-22
wi,2020-11-24,427,55,2021-10-22
wi,2020-11-25,428,55,2021-10-22
wi,2020-11-26,345,55,2021-10-22
wi,2020-11-27,419,55,2021-10-22
wi,2020-11-28,403,55,2021-10-22
wi,2020-11-29,362,55,2021-10-22
wi,2020-11-30,408,55,2021-10-22
wi,2020-12-01,390,55,2021-10-22
wi,2020-12-02,408,55,2021-10-22
wi,2020-12-03,376,55,2021-10-22
wi,2020-12-04,344,55,2021-10-22
wi,2020-12-05,281,55,2021-10-22
wi,2020-12-06,312,55,2021-10-22
wi,2020-12-07,387,55,2021-10-22
wi,2020-12-08,342,55,2021-10-22
wi,2020-12-09,389,55,2021-10-22
wi,2020-12-10,353,55,2021-10-22
wi,2020-12-11,347,55,2021-10-22
wi,2020-12-12,338,55,2021-10-22
wi,2020-12-13,324,55,2021-10-22
wi,2020-12-14,367,55,2021-10-22
wi,2020-12-15,338,55,2021-10-22
wi,2020-12-16,302,55,2021-10-22
wi,2020-12-17,311,55,2021-10-22
wi,2020-12-18,305,55,2021-10-22
wi,2020-12-19,252,55,2021-10-22
wi,2020-12-20,263,55,2021-10-22
wi,2020-12-21,282,55,2021-10-22
wi,2020-12-22,269,55,2021-10-22
wi,2020-12-23,232,55,2021-10-22
wi,2020-12-24,199,55,2021-10-22
wi,2020-12-25,211,55,2021-10-22
wi,2020-12-26,216,55,2021-10-22
wi,2020-12-27,206,55,2021-10-22
wi,2020-12-28,225,55,2021-10-22
wi,2020-12-29,243,55,2021-10-22
wi,2020-12-30,257,55,2021-10-22
wi,2020-12-31,236,55,2021-10-22
wi,2021-01-01,203,55,2021-10-22
wi,2021-01-02,240,55,2021-10-22
wi,2021-01-03,235,55,2021-10-22
wi,2021-01-04,262,55,2021-10-22
wi,2021-01-05,271,55,2021-10-22
wi,2021-01-06,235,55,2021-10-22
wi,2021-01-07,251,55,2021-10-22
wi,2021-01-08,229,55,2021-10-22
wi,2021-01-09,203,55,2021-10-22
wi,2021-01-10,205,55,2021-10-22
wi,2021-01-11,248,55,2021-10-22
wi,2021-01-12,256,55,2021-10-22
wi,2021-01-13,255,55,2021-10-22
wi,2021-01-14,212,55,2021-10-22
wi,2021-01-15,212,55,2021-10-22
wi,2021-01-16,170,55,2021-10-22
wi,2021-01-17,188,55,2021-10-22
wi,2021-01-18,200,55,2021-10-22
wi,2021-01-19,168,55,2021-10-22
wi,2021-01-20,188,55,2021-10-22
wi,2021-01-21,181,55,2021-10-22
wi,2021-01-22,197,55,2021-10-22
wi,2021-01-23,140,55,2021-10-22
wi,2021-01-24,161,55,2021-10-22
wi,2021-01-25,183,55,2021-10-22
wi,2021-01-26,166,55,2021-10-22
wi,2021-01-27,168,55,2021-10-22
wi,2021-01-28,160,55,2021-10-22
wi,2021-01-29,142,55,2021-10-22
wi,2021-01-30,127,55,2021-10-22
wi,2021-01-31,122,55,2021-10-22
wi,2021-02-01,163,55,2021-10-22
wi,2021-02-02,155,55,2021-10-22
wi,2021-02-03,137,55,2021-10-22
wi,2021-02-04,108,55,2021-10-22
wi,2021-02-05,119,55,2021-10-22
wi,2021-02-06,81,55,2021-10-22
wi,2021-02-07,92,55,2021-10-22
wi,2021-02-08,109,55,2021-10-22
wi,2021-02-09,110,55,2021-10-22
wi,2021-02-10,103,55,2021-10-22
wi,2021-02-11,91,55,2021-10-22
wi,2021-02-12,93,55,2021-10-22
wi,2021-02-13,87,55,2021-10-22
wi,2021-02-14,75,55,2021-10-22
wi,2021-02-15,91,55,2021-10-22
wi,2021-02-16,88,55,2021-10-22
wi,2021-02-17,98,55,2021-10-22
wi,2021-02-18,91,55,2021-10-22
wi,2021-02-19,85,55,2021-10-22
wi,2021-02-20,56,55,2021-10-22
wi,2021-02-21,59,55,2021-10-22
wi,2021-02-22,79,55,2021-10-22
wi,2021-02-23,80,55,2021-10-22
wi,2021-02-24,79,55,2021-10-22
wi,2021-02-25,60,55,2021-10-22
wi,2021-02-26,64,55,2021-10-22
wi,2021-02-27,53,55,2021-10-22
wi,2021-02-28,59,55,2021-10-22
wi,2021-03-01,72,55,2021-10-22
wi,2021-03-02,66,55,2021-10-22
wi,2021-03-03,54,55,2021-10-22
wi,2021-03-04,69,55,2021-10-22
wi,2021-03-05,64,55,2021-10-22
wi,2021-03-06,48,55,2021-10-22
wi,2021-03-07,50,55,2021-10-22
wi,2021-03-08,59,55,2021-10-22
wi,2021-03-09,60,55,2021-10-22
wi,2021-03-10,73,55,2021-10-22
wi,2021-03-11,69,55,2021-10-22
wi,2021-03-12,63,55,2021-10-22
wi,2021-03-13,47,55,2021-10-22
wi,2021-03-14,51,55,2021-10-22
wi,2021-03-15,63,55,2021-10-22
wi,2021-03-16,51,55,2021-10-22
wi,2021-03-17,58,55,2021-10-22
wi,2021-03-18,58,55,2021-10-22
wi,2021-03-19,49,55,2021-10-22
wi,2021-03-20,40,55,2021-10-22
wi,2021-03-21,48,55,2021-10-22
wi,2021-03-22,64,55,2021-10-22
wi,2021-03-23,50,55,2021-10-22
wi,2021-03-24,55,55,2021-10-22
wi,2021-03-25,45,55,2021-10-22
wi,2021-03-26,52,55,2021-10-22
wi,2021-03-27,46,55,2021-10-22
wi,2021-03-28,46,55,2021-10-22
wi,2021-03-29,56,55,2021-10-22
wi,2021-03-30,51,55,2021-10-22
wi,2021-03-31,58,55,2021-10-22
wi,2021-04-01,62,55,2021-10-22
wi,2021-04-02,66,55,2021-10-22
wi,2021-04-03,70,55,2021-10-22
wi,2021-04-04,62,55,2021-10-22
wi,2021-04-05,78,55,2021-10-22
wi,2021-04-06,86,55,2021-10-22
wi,2021-04-07,81,55,2021-10-22
wi,2021-04-08,75,55,2021-10-22
wi,2021-04-09,81,55,2021-10-22
wi,2021-04-10,70,55,2021-10-22
wi,2021-04-11,74,55,2021-10-22
wi,2021-04-12,87,55,2021-10-22
wi,2021-04-13,82,55,2021-10-22
wi,2021-04-14,80,55,2021-10-22
wi,2021-04-15,109,55,2021-10-22
wi,2021-04-16,103,55,2021-10-22
wi,2021-04-17,76,55,2021-10-22
wi,2021-04-18,84,55,2021-10-22
wi,2021-04-19,76,55,2021-10-22
wi,2021-04-20,101,55,2021-10-22
wi,2021-04-21,90,55,2021-10-22
wi,2021-04-22,86,55,2021-10-22
wi,2021-04-23,91,55,2021-10-22
wi,2021-04-24,85,55,2021-10-22
wi,2021-04-25,84,55,2021-10-22
wi,2021-04-26,77,55,2021-10-22
wi,2021-04-27,103,55,2021-10-22
wi,2021-04-28,77,55,2021-10-22
wi,2021-04-29,89,55,2021-10-22
wi,2021-04-30,85,55,2021-10-22
wi,2021-05-01,88,55,2021-10-22
wi,2021-05-02,70,55,2021-10-22
wi,2021-05-03,94,55,2021-10-22
wi,2021-05-04,96,55,2021-10-22
wi,2021-05-05,88,55,2021-10-22
wi,2021-05-06,90,55,2021-10-22
wi,2021-05-07,80,55,2021-10-22
wi,2021-05-08,77,55,2021-10-22
wi,2021-05-09,80,55,2021-10-22
wi,2021-05-10,87,55,2021-10-22
wi,2021-05-11,83,55,2021-10-22
wi,2021-05-12,91,55,2021-10-22
wi,2021-05-13,93,55,2021-10-22
wi,2021-05-14,85,55,2021-10-22
wi,2021-05-15,73,55,2021-10-22
wi,2021-05-16,81,55,2021-10-22
wi,2021-05-17,97,55,2021-10-22
wi,2021-05-18,72,55,2021-10-22
wi,2021-05-19,66,55,2021-10-22
wi,2021-05-20,69,55,2021-10-22
wi,2021-05-21,65,55,2021-10-22
wi,2021-05-22,51,55,2021-10-22
wi,2021-05-23,60,55,2021-10-22
wi,2021-05-24,53,55,2021-10-22
wi,2021-05-25,60,55,2021-10-22
wi,2021-05-26,74,55,2021-10-22
wi,2021-05-27,54,55,2021-10-22
wi,2021-05-28,43,55,2021-10-22
wi,2021-05-29,36,55,2021-10-22
wi,2021-05-30,37,55,2021-10-22
wi,2021-05-31,33,55,2021-10-22
wi,2021-06-01,41,55,2021-10-22
wi,2021-06-02,40,55,2021-10-22
wi,2021-06-03,49,55,2021-10-22
wi,2021-06-04,40,55,2021-10-22
wi,2021-06-05,26,55,2021-10-22
wi,2021-06-06,35,55,2021-10-22
wi,2021-06-07,40,55,2021-10-22
wi,2021-06-08,27,55,2021-10-22
wi,2021-06-09,29,55,2021-10-22
wi,2021-06-10,37,55,2021-10-22
wi,2021-06-11,27,55,2021-10-22
wi,2021-06-12,20,55,2021-10-22
wi,2021-06-13,19,55,2021-10-22
wi,2021-06-14,29,55,2021-10-22
wi,2021-06-15,24,55,2021-10-22
wi,2021-06-16,22,55,2021-10-22
wi,2021-06-17,18,55,2021-10-22
wi,2021-06-18,24,55,2021-10-22
wi,2021-06-19,18,55,2021-10-22
wi,2021-06-20,18,55,2021-10-22
wi,2021-06-21,19,55,2021-10-22
wi,2021-06-22,24,55,2021-10-22
wi,2021-06-23,19,55,2021-10-22
wi,2021-06-24,21,55,2021-10-22
wi,2021-06-25,11,55,2021-10-22
wi,2021-06-26,16,55,2021-10-22
wi,2021-06-27,14,55,2021-10-22
wi,2021-06-28,19,55,2021-10-22
wi,2021-06-29,18,55,2021-10-22
wi,2021-06-30,31,55,2021-10-22
wi,2021-07-01,11,55,2021-10-22
wi,2021-07-02,13,55,2021-10-22
wi,2021-07-03,11,55,2021-10-22
wi,2021-07-04,11,55,2021-10-22
wi,2021-07-05,16,55,2021-10-22
wi,2021-07-06,21,55,2021-10-22
wi,2021-07-07,19,55,2021-10-22
wi,2021-07-08,23,55,2021-10-22
wi,2021-07-09,25,55,2021-10-22
wi,2021-07-10,15,55,2021-10-22
wi,2021-07-11,28,55,2021-10-22
wi,2021-07-12,18,55,2021-10-22
wi,2021-07-13,26,55,2021-10-22
wi,2021-07-14,21,55,2021-10-22
wi,2021-07-15,30,55,2021-10-22
wi,2021-07-16,33,55,2021-10-22
wi,2021-07-17,35,55,2021-10-22
wi,2021-07-18,33,55,2021-10-22
wi,2021-07-19,26,55,2021-10-22
wi,2021-07-20,31,55,2021-10-22
wi,2021-07-21,39,55,2021-10-22
wi,2021-07-22,49,55,2021-10-22
wi,2021-07-23,49,55,2021-10-22
wi,2021-07-24,35,55,2021-10-22
wi,2021-07-25,36,55,2021-10-22
wi,2021-07-26,43,55,2021-10-22
wi,2021-07-27,45,55,2021-10-22
wi,2021-07-28,52,55,2021-10-22
wi,2021-07-29,69,55,2021-10-22
wi,2021-07-30,67,55,2021-10-22
wi,2021-07-31,50,55,2021-10-22
wi,2021-08-01,80,55,2021-10-22
wi,2021-08-02,86,55,2021-10-22
wi,2021-08-03,90,55,2021-10-22
wi,2021-08-04,98,55,2021-10-22
wi,2021-08-05,116,55,2021-10-22
wi,2021-08-06,93,55,2021-10-22
wi,2021-08-07,96,55,2021-10-22
wi,2021-08-08,114,55,2021-10-22
wi,2021-08-09,138,55,2021-10-22
wi,2021-08-10,153,55,2021-10-22
wi,2021-08-11,151,55,2021-10-22
wi,2021-08-12,150,55,2021-10-22
wi,2021-08-13,132,55,2021-10-22
wi,2021-08-14,150,55,2021-10-22
wi,2021-08-15,147,55,2021-10-22
wi,2021-08-16,178,55,2021-10-22
wi,2021-08-17,181,55,2021-10-22
wi,2021-08-18,169,55,2021-10-22
wi,2021-08-19,172,55,2021-10-22
wi,2021-08-20,170,55,2021-10-22
wi,2021-08-21,168,55,2021-10-22
wi,2021-08-22,178,55,2021-10-22
wi,2021-08-23,156,55,2021-10-22
wi,2021-08-24,148,55,2021-10-22
wi,2021-08-25,149,55,2021-10-22
wi,2021-08-26,157,55,2021-10-22
wi,2021-08-27,166,55,2021-10-22
wi,2021-08-28,167,55,2021-10-22
wi,2021-08-29,169,55,2021-10-22
wi,2021-08-30,230,55,2021-10-22
wi,2021-08-31,204,55,2021-10-22
wi,2021-09-01,207,55,2021-10-22
wi,2021-09-02,202,55,2021-10-22
wi,2021-09-03,205,55,2021-10-22
wi,2021-09-04,201,55,2021-10-22
wi,2021-09-05,171,55,2021-10-22
wi,2021-09-06,229,55,2021-10-22
wi,2021-09-07,204,55,2021-10-22
wi,2021-09-08,234,55,2021-10-22
wi,2021-09-09,217,55,2021-10-22
wi,2021-09-10,225,55,2021-10-22
wi,2021-09-11,200,55,2021-10-22
wi,2021-09-12,199,55,2021-10-22
wi,2021-09-13,228,55,2021-10-22
wi,2021-09-14,206,55,2021-10-22
wi,2021-09-15,218,55,2021-10-22
wi,2021-09-16,211,55,2021-10-22
wi,2021-09-17,256,55,2021-10-22
wi,2021-09-18,193,55,2021-10-22
wi,2021-09-19,204,55,2021-10-22
wi,2021-09-20,240,55,2021-10-22
wi,2021-09-21,240,55,2021-10-22
wi,2021-09-22,241,55,2021-10-22
wi,2021-09-23,215,55,2021-10-22
wi,2021-09-24,218,55,2021-10-22
wi,2021-09-25,206,55,2021-10-22
wi,2021-09-26,188,55,2021-10-22
wi,2021-09-27,222,55,2021-10-22
wi,2021-09-28,205,55,2021-10-22
wi,2021-09-29,211,55,2021-10-22
wi,2021-09-30,206,55,2021-10-22
wi,2021-10-01,190,55,2021-10-22
wi,2021-10-02,193,55,2021-10-22
wi,2021-10-03,195,55,2021-10-22
wi,2021-10-04,214,55,2021-10-22
wi,2021-10-05,193,55,2021-10-22
wi,2021-10-06,223,55,2021-10-22
wi,2021-10-07,223,55,2021-10-22
wi,2021-10-08,204,55,2021-10-22
wi,2021-10-09,203,55,2021-10-22
wi,2021-10-10,191,55,2021-10-22
wi,2021-10-11,214,55,2021-10-22
wi,2021-10-12,190,55,2021-10-22
wi,2021-10-13,194,55,2021-10-22
wi,2021-10-14,180,55,2021-10-22
wi,2021-10-15,187,55,2021-10-22
wi,2021-10-16,184,55,2021-10-22
wi,2021-10-17,155,55,2021-10-22
wi,2021-10-18,197,55,2021-10-22
wi,2021-10-19,179,55,2021-10-22
wi,2021-10-20,164,55,2021-10-22
wi,2021-10-21,164,55,2021-10-22
wy,2020-02-29,NA,56,2021-10-22
wy,2020-03-01,NA,56,2021-10-22
wy,2020-03-02,NA,56,2021-10-22
wy,2020-03-03,NA,56,2021-10-22
wy,2020-03-04,NA,56,2021-10-22
wy,2020-03-05,NA,56,2021-10-22
wy,2020-03-06,NA,56,2021-10-22
wy,2020-03-07,NA,56,2021-10-22
wy,2020-03-08,NA,56,2021-10-22
wy,2020-03-09,NA,56,2021-10-22
wy,2020-03-10,NA,56,2021-10-22
wy,2020-03-11,NA,56,2021-10-22
wy,2020-03-12,NA,56,2021-10-22
wy,2020-03-13,NA,56,2021-10-22
wy,2020-03-14,NA,56,2021-10-22
wy,2020-03-15,NA,56,2021-10-22
wy,2020-03-16,NA,56,2021-10-22
wy,2020-03-17,NA,56,2021-10-22
wy,2020-03-18,NA,56,2021-10-22
wy,2020-03-19,NA,56,2021-10-22
wy,2020-03-20,NA,56,2021-10-22
wy,2020-03-21,NA,56,2021-10-22
wy,2020-03-22,NA,56,2021-10-22
wy,2020-03-23,NA,56,2021-10-22
wy,2020-03-24,NA,56,2021-10-22
wy,2020-03-25,NA,56,2021-10-22
wy,2020-03-26,NA,56,2021-10-22
wy,2020-03-27,NA,56,2021-10-22
wy,2020-03-28,NA,56,2021-10-22
wy,2020-03-29,NA,56,2021-10-22
wy,2020-03-30,NA,56,2021-10-22
wy,2020-03-31,NA,56,2021-10-22
wy,2020-04-01,NA,56,2021-10-22
wy,2020-04-02,NA,56,2021-10-22
wy,2020-04-03,NA,56,2021-10-22
wy,2020-04-04,NA,56,2021-10-22
wy,2020-04-05,NA,56,2021-10-22
wy,2020-04-06,NA,56,2021-10-22
wy,2020-04-07,NA,56,2021-10-22
wy,2020-04-08,NA,56,2021-10-22
wy,2020-04-09,NA,56,2021-10-22
wy,2020-04-10,NA,56,2021-10-22
wy,2020-04-11,NA,56,2021-10-22
wy,2020-04-12,NA,56,2021-10-22
wy,2020-04-13,NA,56,2021-10-22
wy,2020-04-14,NA,56,2021-10-22
wy,2020-04-15,NA,56,2021-10-22
wy,2020-04-16,NA,56,2021-10-22
wy,2020-04-17,NA,56,2021-10-22
wy,2020-04-18,NA,56,2021-10-22
wy,2020-04-19,NA,56,2021-10-22
wy,2020-04-20,NA,56,2021-10-22
wy,2020-04-21,NA,56,2021-10-22
wy,2020-04-22,NA,56,2021-10-22
wy,2020-04-23,NA,56,2021-10-22
wy,2020-04-24,NA,56,2021-10-22
wy,2020-04-25,NA,56,2021-10-22
wy,2020-04-26,NA,56,2021-10-22
wy,2020-04-27,NA,56,2021-10-22
wy,2020-04-28,NA,56,2021-10-22
wy,2020-04-29,NA,56,2021-10-22
wy,2020-04-30,NA,56,2021-10-22
wy,2020-05-01,NA,56,2021-10-22
wy,2020-05-02,NA,56,2021-10-22
wy,2020-05-03,NA,56,2021-10-22
wy,2020-05-04,NA,56,2021-10-22
wy,2020-05-05,NA,56,2021-10-22
wy,2020-05-06,NA,56,2021-10-22
wy,2020-05-07,NA,56,2021-10-22
wy,2020-05-08,NA,56,2021-10-22
wy,2020-05-09,NA,56,2021-10-22
wy,2020-05-10,NA,56,2021-10-22
wy,2020-05-11,NA,56,2021-10-22
wy,2020-05-12,NA,56,2021-10-22
wy,2020-05-13,NA,56,2021-10-22
wy,2020-05-14,NA,56,2021-10-22
wy,2020-05-15,NA,56,2021-10-22
wy,2020-05-16,NA,56,2021-10-22
wy,2020-05-17,NA,56,2021-10-22
wy,2020-05-18,NA,56,2021-10-22
wy,2020-05-19,NA,56,2021-10-22
wy,2020-05-20,NA,56,2021-10-22
wy,2020-05-21,NA,56,2021-10-22
wy,2020-05-22,NA,56,2021-10-22
wy,2020-05-23,NA,56,2021-10-22
wy,2020-05-24,NA,56,2021-10-22
wy,2020-05-25,NA,56,2021-10-22
wy,2020-05-26,NA,56,2021-10-22
wy,2020-05-27,NA,56,2021-10-22
wy,2020-05-28,NA,56,2021-10-22
wy,2020-05-29,NA,56,2021-10-22
wy,2020-05-30,NA,56,2021-10-22
wy,2020-05-31,NA,56,2021-10-22
wy,2020-06-01,NA,56,2021-10-22
wy,2020-06-02,NA,56,2021-10-22
wy,2020-06-03,NA,56,2021-10-22
wy,2020-06-04,NA,56,2021-10-22
wy,2020-06-05,NA,56,2021-10-22
wy,2020-06-06,NA,56,2021-10-22
wy,2020-06-07,NA,56,2021-10-22
wy,2020-06-08,NA,56,2021-10-22
wy,2020-06-09,NA,56,2021-10-22
wy,2020-06-10,NA,56,2021-10-22
wy,2020-06-11,NA,56,2021-10-22
wy,2020-06-12,NA,56,2021-10-22
wy,2020-06-13,NA,56,2021-10-22
wy,2020-06-14,NA,56,2021-10-22
wy,2020-06-15,NA,56,2021-10-22
wy,2020-06-16,NA,56,2021-10-22
wy,2020-06-17,NA,56,2021-10-22
wy,2020-06-18,NA,56,2021-10-22
wy,2020-06-19,NA,56,2021-10-22
wy,2020-06-20,NA,56,2021-10-22
wy,2020-06-21,NA,56,2021-10-22
wy,2020-06-22,NA,56,2021-10-22
wy,2020-06-23,NA,56,2021-10-22
wy,2020-06-24,NA,56,2021-10-22
wy,2020-06-25,NA,56,2021-10-22
wy,2020-06-26,NA,56,2021-10-22
wy,2020-06-27,NA,56,2021-10-22
wy,2020-06-28,NA,56,2021-10-22
wy,2020-06-29,NA,56,2021-10-22
wy,2020-06-30,NA,56,2021-10-22
wy,2020-07-01,NA,56,2021-10-22
wy,2020-07-02,NA,56,2021-10-22
wy,2020-07-03,NA,56,2021-10-22
wy,2020-07-04,NA,56,2021-10-22
wy,2020-07-05,NA,56,2021-10-22
wy,2020-07-06,NA,56,2021-10-22
wy,2020-07-07,NA,56,2021-10-22
wy,2020-07-08,NA,56,2021-10-22
wy,2020-07-09,NA,56,2021-10-22
wy,2020-07-10,NA,56,2021-10-22
wy,2020-07-11,NA,56,2021-10-22
wy,2020-07-12,NA,56,2021-10-22
wy,2020-07-13,NA,56,2021-10-22
wy,2020-07-14,1,56,2021-10-22
wy,2020-07-15,1,56,2021-10-22
wy,2020-07-16,3,56,2021-10-22
wy,2020-07-17,5,56,2021-10-22
wy,2020-07-18,4,56,2021-10-22
wy,2020-07-19,5,56,2021-10-22
wy,2020-07-20,1,56,2021-10-22
wy,2020-07-21,0,56,2021-10-22
wy,2020-07-22,3,56,2021-10-22
wy,2020-07-23,2,56,2021-10-22
wy,2020-07-24,1,56,2021-10-22
wy,2020-07-25,1,56,2021-10-22
wy,2020-07-26,1,56,2021-10-22
wy,2020-07-27,45,56,2021-10-22
wy,2020-07-28,8,56,2021-10-22
wy,2020-07-29,5,56,2021-10-22
wy,2020-07-30,9,56,2021-10-22
wy,2020-07-31,14,56,2021-10-22
wy,2020-08-01,14,56,2021-10-22
wy,2020-08-02,7,56,2021-10-22
wy,2020-08-03,9,56,2021-10-22
wy,2020-08-04,8,56,2021-10-22
wy,2020-08-05,10,56,2021-10-22
wy,2020-08-06,9,56,2021-10-22
wy,2020-08-07,13,56,2021-10-22
wy,2020-08-08,10,56,2021-10-22
wy,2020-08-09,7,56,2021-10-22
wy,2020-08-10,7,56,2021-10-22
wy,2020-08-11,6,56,2021-10-22
wy,2020-08-12,5,56,2021-10-22
wy,2020-08-13,8,56,2021-10-22
wy,2020-08-14,7,56,2021-10-22
wy,2020-08-15,3,56,2021-10-22
wy,2020-08-16,5,56,2021-10-22
wy,2020-08-17,5,56,2021-10-22
wy,2020-08-18,7,56,2021-10-22
wy,2020-08-19,8,56,2021-10-22
wy,2020-08-20,7,56,2021-10-22
wy,2020-08-21,5,56,2021-10-22
wy,2020-08-22,8,56,2021-10-22
wy,2020-08-23,8,56,2021-10-22
wy,2020-08-24,4,56,2021-10-22
wy,2020-08-25,2,56,2021-10-22
wy,2020-08-26,5,56,2021-10-22
wy,2020-08-27,5,56,2021-10-22
wy,2020-08-28,5,56,2021-10-22
wy,2020-08-29,4,56,2021-10-22
wy,2020-08-30,5,56,2021-10-22
wy,2020-08-31,5,56,2021-10-22
wy,2020-09-01,9,56,2021-10-22
wy,2020-09-02,7,56,2021-10-22
wy,2020-09-03,8,56,2021-10-22
wy,2020-09-04,8,56,2021-10-22
wy,2020-09-05,8,56,2021-10-22
wy,2020-09-06,8,56,2021-10-22
wy,2020-09-07,8,56,2021-10-22
wy,2020-09-08,5,56,2021-10-22
wy,2020-09-09,7,56,2021-10-22
wy,2020-09-10,6,56,2021-10-22
wy,2020-09-11,8,56,2021-10-22
wy,2020-09-12,6,56,2021-10-22
wy,2020-09-13,5,56,2021-10-22
wy,2020-09-14,9,56,2021-10-22
wy,2020-09-15,4,56,2021-10-22
wy,2020-09-16,5,56,2021-10-22
wy,2020-09-17,4,56,2021-10-22
wy,2020-09-18,5,56,2021-10-22
wy,2020-09-19,7,56,2021-10-22
wy,2020-09-20,7,56,2021-10-22
wy,2020-09-21,9,56,2021-10-22
wy,2020-09-22,7,56,2021-10-22
wy,2020-09-23,8,56,2021-10-22
wy,2020-09-24,9,56,2021-10-22
wy,2020-09-25,13,56,2021-10-22
wy,2020-09-26,10,56,2021-10-22
wy,2020-09-27,10,56,2021-10-22
wy,2020-09-28,11,56,2021-10-22
wy,2020-09-29,16,56,2021-10-22
wy,2020-09-30,15,56,2021-10-22
wy,2020-10-01,5,56,2021-10-22
wy,2020-10-02,13,56,2021-10-22
wy,2020-10-03,16,56,2021-10-22
wy,2020-10-04,18,56,2021-10-22
wy,2020-10-05,11,56,2021-10-22
wy,2020-10-06,12,56,2021-10-22
wy,2020-10-07,12,56,2021-10-22
wy,2020-10-08,13,56,2021-10-22
wy,2020-10-09,17,56,2021-10-22
wy,2020-10-10,12,56,2021-10-22
wy,2020-10-11,17,56,2021-10-22
wy,2020-10-12,15,56,2021-10-22
wy,2020-10-13,20,56,2021-10-22
wy,2020-10-14,16,56,2021-10-22
wy,2020-10-15,21,56,2021-10-22
wy,2020-10-16,23,56,2021-10-22
wy,2020-10-17,32,56,2021-10-22
wy,2020-10-18,30,56,2021-10-22
wy,2020-10-19,31,56,2021-10-22
wy,2020-10-20,25,56,2021-10-22
wy,2020-10-21,12,56,2021-10-22
wy,2020-10-22,12,56,2021-10-22
wy,2020-10-23,15,56,2021-10-22
wy,2020-10-24,17,56,2021-10-22
wy,2020-10-25,15,56,2021-10-22
wy,2020-10-26,18,56,2021-10-22
wy,2020-10-27,12,56,2021-10-22
wy,2020-10-28,25,56,2021-10-22
wy,2020-10-29,25,56,2021-10-22
wy,2020-10-30,22,56,2021-10-22
wy,2020-10-31,13,56,2021-10-22
wy,2020-11-01,21,56,2021-10-22
wy,2020-11-02,25,56,2021-10-22
wy,2020-11-03,33,56,2021-10-22
wy,2020-11-04,28,56,2021-10-22
wy,2020-11-05,28,56,2021-10-22
wy,2020-11-06,28,56,2021-10-22
wy,2020-11-07,28,56,2021-10-22
wy,2020-11-08,33,56,2021-10-22
wy,2020-11-09,26,56,2021-10-22
wy,2020-11-10,36,56,2021-10-22
wy,2020-11-11,26,56,2021-10-22
wy,2020-11-12,27,56,2021-10-22
wy,2020-11-13,33,56,2021-10-22
wy,2020-11-14,22,56,2021-10-22
wy,2020-11-15,25,56,2021-10-22
wy,2020-11-16,39,56,2021-10-22
wy,2020-11-17,49,56,2021-10-22
wy,2020-11-18,43,56,2021-10-22
wy,2020-11-19,34,56,2021-10-22
wy,2020-11-20,43,56,2021-10-22
wy,2020-11-21,27,56,2021-10-22
wy,2020-11-22,30,56,2021-10-22
wy,2020-11-23,45,56,2021-10-22
wy,2020-11-24,35,56,2021-10-22
wy,2020-11-25,35,56,2021-10-22
wy,2020-11-26,29,56,2021-10-22
wy,2020-11-27,34,56,2021-10-22
wy,2020-11-28,34,56,2021-10-22
wy,2020-11-29,32,56,2021-10-22
wy,2020-11-30,44,56,2021-10-22
wy,2020-12-01,33,56,2021-10-22
wy,2020-12-02,32,56,2021-10-22
wy,2020-12-03,33,56,2021-10-22
wy,2020-12-04,37,56,2021-10-22
wy,2020-12-05,35,56,2021-10-22
wy,2020-12-06,26,56,2021-10-22
wy,2020-12-07,35,56,2021-10-22
wy,2020-12-08,36,56,2021-10-22
wy,2020-12-09,41,56,2021-10-22
wy,2020-12-10,30,56,2021-10-22
wy,2020-12-11,29,56,2021-10-22
wy,2020-12-12,24,56,2021-10-22
wy,2020-12-13,31,56,2021-10-22
wy,2020-12-14,31,56,2021-10-22
wy,2020-12-15,30,56,2021-10-22
wy,2020-12-16,21,56,2021-10-22
wy,2020-12-17,27,56,2021-10-22
wy,2020-12-18,24,56,2021-10-22
wy,2020-12-19,21,56,2021-10-22
wy,2020-12-20,18,56,2021-10-22
wy,2020-12-21,28,56,2021-10-22
wy,2020-12-22,31,56,2021-10-22
wy,2020-12-23,15,56,2021-10-22
wy,2020-12-24,23,56,2021-10-22
wy,2020-12-25,18,56,2021-10-22
wy,2020-12-26,18,56,2021-10-22
wy,2020-12-27,18,56,2021-10-22
wy,2020-12-28,33,56,2021-10-22
wy,2020-12-29,19,56,2021-10-22
wy,2020-12-30,6,56,2021-10-22
wy,2020-12-31,14,56,2021-10-22
wy,2021-01-01,26,56,2021-10-22
wy,2021-01-02,11,56,2021-10-22
wy,2021-01-03,20,56,2021-10-22
wy,2021-01-04,16,56,2021-10-22
wy,2021-01-05,19,56,2021-10-22
wy,2021-01-06,19,56,2021-10-22
wy,2021-01-07,18,56,2021-10-22
wy,2021-01-08,12,56,2021-10-22
wy,2021-01-09,14,56,2021-10-22
wy,2021-01-10,12,56,2021-10-22
wy,2021-01-11,20,56,2021-10-22
wy,2021-01-12,12,56,2021-10-22
wy,2021-01-13,18,56,2021-10-22
wy,2021-01-14,18,56,2021-10-22
wy,2021-01-15,24,56,2021-10-22
wy,2021-01-16,9,56,2021-10-22
wy,2021-01-17,12,56,2021-10-22
wy,2021-01-18,16,56,2021-10-22
wy,2021-01-19,12,56,2021-10-22
wy,2021-01-20,15,56,2021-10-22
wy,2021-01-21,9,56,2021-10-22
wy,2021-01-22,13,56,2021-10-22
wy,2021-01-23,21,56,2021-10-22
wy,2021-01-24,8,56,2021-10-22
wy,2021-01-25,20,56,2021-10-22
wy,2021-01-26,10,56,2021-10-22
wy,2021-01-27,1,56,2021-10-22
wy,2021-01-28,6,56,2021-10-22
wy,2021-01-29,7,56,2021-10-22
wy,2021-01-30,11,56,2021-10-22
wy,2021-01-31,4,56,2021-10-22
wy,2021-02-01,13,56,2021-10-22
wy,2021-02-02,11,56,2021-10-22
wy,2021-02-03,8,56,2021-10-22
wy,2021-02-04,6,56,2021-10-22
wy,2021-02-05,9,56,2021-10-22
wy,2021-02-06,9,56,2021-10-22
wy,2021-02-07,7,56,2021-10-22
wy,2021-02-08,14,56,2021-10-22
wy,2021-02-09,11,56,2021-10-22
wy,2021-02-10,11,56,2021-10-22
wy,2021-02-11,14,56,2021-10-22
wy,2021-02-12,7,56,2021-10-22
wy,2021-02-13,8,56,2021-10-22
wy,2021-02-14,6,56,2021-10-22
wy,2021-02-15,2,56,2021-10-22
wy,2021-02-16,6,56,2021-10-22
wy,2021-02-17,8,56,2021-10-22
wy,2021-02-18,7,56,2021-10-22
wy,2021-02-19,4,56,2021-10-22
wy,2021-02-20,5,56,2021-10-22
wy,2021-02-21,2,56,2021-10-22
wy,2021-02-22,4,56,2021-10-22
wy,2021-02-23,11,56,2021-10-22
wy,2021-02-24,4,56,2021-10-22
wy,2021-02-25,7,56,2021-10-22
wy,2021-02-26,4,56,2021-10-22
wy,2021-02-27,0,56,2021-10-22
wy,2021-02-28,3,56,2021-10-22
wy,2021-03-01,6,56,2021-10-22
wy,2021-03-02,4,56,2021-10-22
wy,2021-03-03,3,56,2021-10-22
wy,2021-03-04,1,56,2021-10-22
wy,2021-03-05,4,56,2021-10-22
wy,2021-03-06,5,56,2021-10-22
wy,2021-03-07,0,56,2021-10-22
wy,2021-03-08,6,56,2021-10-22
wy,2021-03-09,2,56,2021-10-22
wy,2021-03-10,1,56,2021-10-22
wy,2021-03-11,4,56,2021-10-22
wy,2021-03-12,0,56,2021-10-22
wy,2021-03-13,0,56,2021-10-22
wy,2021-03-14,3,56,2021-10-22
wy,2021-03-15,3,56,2021-10-22
wy,2021-03-16,3,56,2021-10-22
wy,2021-03-17,4,56,2021-10-22
wy,2021-03-18,3,56,2021-10-22
wy,2021-03-19,4,56,2021-10-22
wy,2021-03-20,2,56,2021-10-22
wy,2021-03-21,3,56,2021-10-22
wy,2021-03-22,7,56,2021-10-22
wy,2021-03-23,7,56,2021-10-22
wy,2021-03-24,7,56,2021-10-22
wy,2021-03-25,2,56,2021-10-22
wy,2021-03-26,1,56,2021-10-22
wy,2021-03-27,0,56,2021-10-22
wy,2021-03-28,2,56,2021-10-22
wy,2021-03-29,6,56,2021-10-22
wy,2021-03-30,5,56,2021-10-22
wy,2021-03-31,9,56,2021-10-22
wy,2021-04-01,7,56,2021-10-22
wy,2021-04-02,6,56,2021-10-22
wy,2021-04-03,4,56,2021-10-22
wy,2021-04-04,5,56,2021-10-22
wy,2021-04-05,4,56,2021-10-22
wy,2021-04-06,6,56,2021-10-22
wy,2021-04-07,6,56,2021-10-22
wy,2021-04-08,8,56,2021-10-22
wy,2021-04-09,3,56,2021-10-22
wy,2021-04-10,5,56,2021-10-22
wy,2021-04-11,4,56,2021-10-22
wy,2021-04-12,6,56,2021-10-22
wy,2021-04-13,10,56,2021-10-22
wy,2021-04-14,8,56,2021-10-22
wy,2021-04-15,6,56,2021-10-22
wy,2021-04-16,6,56,2021-10-22
wy,2021-04-17,6,56,2021-10-22
wy,2021-04-18,3,56,2021-10-22
wy,2021-04-19,4,56,2021-10-22
wy,2021-04-20,1,56,2021-10-22
wy,2021-04-21,10,56,2021-10-22
wy,2021-04-22,5,56,2021-10-22
wy,2021-04-23,10,56,2021-10-22
wy,2021-04-24,2,56,2021-10-22
wy,2021-04-25,8,56,2021-10-22
wy,2021-04-26,4,56,2021-10-22
wy,2021-04-27,7,56,2021-10-22
wy,2021-04-28,9,56,2021-10-22
wy,2021-04-29,5,56,2021-10-22
wy,2021-04-30,3,56,2021-10-22
wy,2021-05-01,5,56,2021-10-22
wy,2021-05-02,9,56,2021-10-22
wy,2021-05-03,10,56,2021-10-22
wy,2021-05-04,5,56,2021-10-22
wy,2021-05-05,4,56,2021-10-22
wy,2021-05-06,2,56,2021-10-22
wy,2021-05-07,8,56,2021-10-22
wy,2021-05-08,5,56,2021-10-22
wy,2021-05-09,4,56,2021-10-22
wy,2021-05-10,7,56,2021-10-22
wy,2021-05-11,9,56,2021-10-22
wy,2021-05-12,9,56,2021-10-22
wy,2021-05-13,5,56,2021-10-22
wy,2021-05-14,3,56,2021-10-22
wy,2021-05-15,3,56,2021-10-22
wy,2021-05-16,7,56,2021-10-22
wy,2021-05-17,5,56,2021-10-22
wy,2021-05-18,8,56,2021-10-22
wy,2021-05-19,9,56,2021-10-22
wy,2021-05-20,13,56,2021-10-22
wy,2021-05-21,7,56,2021-10-22
wy,2021-05-22,8,56,2021-10-22
wy,2021-05-23,13,56,2021-10-22
wy,2021-05-24,7,56,2021-10-22
wy,2021-05-25,8,56,2021-10-22
wy,2021-05-26,10,56,2021-10-22
wy,2021-05-27,8,56,2021-10-22
wy,2021-05-28,10,56,2021-10-22
wy,2021-05-29,11,56,2021-10-22
wy,2021-05-30,10,56,2021-10-22
wy,2021-05-31,15,56,2021-10-22
wy,2021-06-01,10,56,2021-10-22
wy,2021-06-02,14,56,2021-10-22
wy,2021-06-03,7,56,2021-10-22
wy,2021-06-04,12,56,2021-10-22
wy,2021-06-05,8,56,2021-10-22
wy,2021-06-06,9,56,2021-10-22
wy,2021-06-07,13,56,2021-10-22
wy,2021-06-08,14,56,2021-10-22
wy,2021-06-09,8,56,2021-10-22
wy,2021-06-10,7,56,2021-10-22
wy,2021-06-11,8,56,2021-10-22
wy,2021-06-12,10,56,2021-10-22
wy,2021-06-13,7,56,2021-10-22
wy,2021-06-14,11,56,2021-10-22
wy,2021-06-15,6,56,2021-10-22
wy,2021-06-16,7,56,2021-10-22
wy,2021-06-17,5,56,2021-10-22
wy,2021-06-18,6,56,2021-10-22
wy,2021-06-19,5,56,2021-10-22
wy,2021-06-20,4,56,2021-10-22
wy,2021-06-21,3,56,2021-10-22
wy,2021-06-22,4,56,2021-10-22
wy,2021-06-23,4,56,2021-10-22
wy,2021-06-24,10,56,2021-10-22
wy,2021-06-25,7,56,2021-10-22
wy,2021-06-26,11,56,2021-10-22
wy,2021-06-27,10,56,2021-10-22
wy,2021-06-28,9,56,2021-10-22
wy,2021-06-29,7,56,2021-10-22
wy,2021-06-30,8,56,2021-10-22
wy,2021-07-01,3,56,2021-10-22
wy,2021-07-02,12,56,2021-10-22
wy,2021-07-03,6,56,2021-10-22
wy,2021-07-04,7,56,2021-10-22
wy,2021-07-05,7,56,2021-10-22
wy,2021-07-06,12,56,2021-10-22
wy,2021-07-07,8,56,2021-10-22
wy,2021-07-08,5,56,2021-10-22
wy,2021-07-09,10,56,2021-10-22
wy,2021-07-10,9,56,2021-10-22
wy,2021-07-11,8,56,2021-10-22
wy,2021-07-12,9,56,2021-10-22
wy,2021-07-13,13,56,2021-10-22
wy,2021-07-14,12,56,2021-10-22
wy,2021-07-15,13,56,2021-10-22
wy,2021-07-16,14,56,2021-10-22
wy,2021-07-17,11,56,2021-10-22
wy,2021-07-18,18,56,2021-10-22
wy,2021-07-19,23,56,2021-10-22
wy,2021-07-20,13,56,2021-10-22
wy,2021-07-21,18,56,2021-10-22
wy,2021-07-22,19,56,2021-10-22
wy,2021-07-23,14,56,2021-10-22
wy,2021-07-24,12,56,2021-10-22
wy,2021-07-25,11,56,2021-10-22
wy,2021-07-26,13,56,2021-10-22
wy,2021-07-27,13,56,2021-10-22
wy,2021-07-28,9,56,2021-10-22
wy,2021-07-29,9,56,2021-10-22
wy,2021-07-30,20,56,2021-10-22
wy,2021-07-31,22,56,2021-10-22
wy,2021-08-01,17,56,2021-10-22
wy,2021-08-02,14,56,2021-10-22
wy,2021-08-03,12,56,2021-10-22
wy,2021-08-04,11,56,2021-10-22
wy,2021-08-05,17,56,2021-10-22
wy,2021-08-06,25,56,2021-10-22
wy,2021-08-07,14,56,2021-10-22
wy,2021-08-08,19,56,2021-10-22
wy,2021-08-09,19,56,2021-10-22
wy,2021-08-10,25,56,2021-10-22
wy,2021-08-11,15,56,2021-10-22
wy,2021-08-12,23,56,2021-10-22
wy,2021-08-13,28,56,2021-10-22
wy,2021-08-14,24,56,2021-10-22
wy,2021-08-15,13,56,2021-10-22
wy,2021-08-16,28,56,2021-10-22
wy,2021-08-17,28,56,2021-10-22
wy,2021-08-18,43,56,2021-10-22
wy,2021-08-19,28,56,2021-10-22
wy,2021-08-20,33,56,2021-10-22
wy,2021-08-21,24,56,2021-10-22
wy,2021-08-22,46,56,2021-10-22
wy,2021-08-23,46,56,2021-10-22
wy,2021-08-24,46,56,2021-10-22
wy,2021-08-25,43,56,2021-10-22
wy,2021-08-26,38,56,2021-10-22
wy,2021-08-27,38,56,2021-10-22
wy,2021-08-28,45,56,2021-10-22
wy,2021-08-29,29,56,2021-10-22
wy,2021-08-30,28,56,2021-10-22
wy,2021-08-31,35,56,2021-10-22
wy,2021-09-01,27,56,2021-10-22
wy,2021-09-02,29,56,2021-10-22
wy,2021-09-03,36,56,2021-10-22
wy,2021-09-04,32,56,2021-10-22
wy,2021-09-05,30,56,2021-10-22
wy,2021-09-06,40,56,2021-10-22
wy,2021-09-07,44,56,2021-10-22
wy,2021-09-08,36,56,2021-10-22
wy,2021-09-09,25,56,2021-10-22
wy,2021-09-10,31,56,2021-10-22
wy,2021-09-11,33,56,2021-10-22
wy,2021-09-12,28,56,2021-10-22
wy,2021-09-13,32,56,2021-10-22
wy,2021-09-14,37,56,2021-10-22
wy,2021-09-15,31,56,2021-10-22
wy,2021-09-16,33,56,2021-10-22
wy,2021-09-17,26,56,2021-10-22
wy,2021-09-18,27,56,2021-10-22
wy,2021-09-19,35,56,2021-10-22
wy,2021-09-20,33,56,2021-10-22
wy,2021-09-21,34,56,2021-10-22
wy,2021-09-22,33,56,2021-10-22
wy,2021-09-23,31,56,2021-10-22
wy,2021-09-24,22,56,2021-10-22
wy,2021-09-25,25,56,2021-10-22
wy,2021-09-26,31,56,2021-10-22
wy,2021-09-27,32,56,2021-10-22
wy,2021-09-28,30,56,2021-10-22
wy,2021-09-29,32,56,2021-10-22
wy,2021-09-30,27,56,2021-10-22
wy,2021-10-01,23,56,2021-10-22
wy,2021-10-02,31,56,2021-10-22
wy,2021-10-03,23,56,2021-10-22
wy,2021-10-04,33,56,2021-10-22
wy,2021-10-05,34,56,2021-10-22
wy,2021-10-06,44,56,2021-10-22
wy,2021-10-07,35,56,2021-10-22
wy,2021-10-08,45,56,2021-10-22
wy,2021-10-09,36,56,2021-10-22
wy,2021-10-10,51,56,2021-10-22
wy,2021-10-11,48,56,2021-10-22
wy,2021-10-12,38,56,2021-10-22
wy,2021-10-13,32,56,2021-10-22
wy,2021-10-14,36,56,2021-10-22
wy,2021-10-15,39,56,2021-10-22
wy,2021-10-16,31,56,2021-10-22
wy,2021-10-17,30,56,2021-10-22
wy,2021-10-18,46,56,2021-10-22
wy,2021-10-19,31,56,2021-10-22
wy,2021-10-20,39,56,2021-10-22
wy,2021-10-21,39,56,2021-10-22
NA,2021-08-23,0,60,2021-10-22
NA,2021-08-24,0,60,2021-10-22
NA,2021-08-25,0,60,2021-10-22
NA,2021-08-26,0,60,2021-10-22
NA,2021-08-27,0,60,2021-10-22
NA,2021-08-28,0,60,2021-10-22
NA,2021-08-29,0,60,2021-10-22
NA,2021-08-30,0,60,2021-10-22
NA,2021-08-31,0,60,2021-10-22
NA,2021-09-01,0,60,2021-10-22
NA,2021-09-02,0,60,2021-10-22
NA,2021-09-03,0,60,2021-10-22
NA,2021-09-04,0,60,2021-10-22
NA,2021-09-05,0,60,2021-10-22
NA,2021-09-06,0,60,2021-10-22
NA,2021-09-07,0,60,2021-10-22
NA,2021-09-08,0,60,2021-10-22
NA,2021-09-09,0,60,2021-10-22
NA,2021-09-10,0,60,2021-10-22
NA,2021-09-11,0,60,2021-10-22
NA,2021-09-12,0,60,2021-10-22
NA,2021-09-13,0,60,2021-10-22
NA,2021-09-14,0,60,2021-10-22
NA,2021-09-15,0,60,2021-10-22
NA,2021-09-16,0,60,2021-10-22
NA,2021-09-17,0,60,2021-10-22
NA,2021-09-18,0,60,2021-10-22
NA,2021-09-19,0,60,2021-10-22
NA,2021-09-20,0,60,2021-10-22
NA,2021-09-21,0,60,2021-10-22
NA,2021-09-22,0,60,2021-10-22
NA,2021-09-23,0,60,2021-10-22
NA,2021-09-24,0,60,2021-10-22
NA,2021-09-25,0,60,2021-10-22
NA,2021-09-26,0,60,2021-10-22
NA,2021-09-27,0,60,2021-10-22
NA,2021-09-28,0,60,2021-10-22
NA,2021-09-29,0,60,2021-10-22
NA,2021-09-30,0,60,2021-10-22
NA,2021-10-01,0,60,2021-10-22
NA,2021-10-02,0,60,2021-10-22
NA,2021-10-03,0,60,2021-10-22
NA,2021-10-04,0,60,2021-10-22
NA,2021-10-05,0,60,2021-10-22
NA,2021-10-06,0,60,2021-10-22
NA,2021-10-07,0,60,2021-10-22
NA,2021-10-08,0,60,2021-10-22
NA,2021-10-09,0,60,2021-10-22
NA,2021-10-10,0,60,2021-10-22
NA,2021-10-11,0,60,2021-10-22
NA,2021-10-12,0,60,2021-10-22
NA,2021-10-13,0,60,2021-10-22
NA,2021-10-14,0,60,2021-10-22
NA,2021-10-15,0,60,2021-10-22
NA,2021-10-16,0,60,2021-10-22
NA,2021-10-17,0,60,2021-10-22
NA,2021-10-18,0,60,2021-10-22
NA,2021-10-19,0,60,2021-10-22
NA,2021-10-20,0,60,2021-10-22
NA,2021-10-21,0,60,2021-10-22
pr,2019-12-31,NA,72,2021-10-22
pr,2020-01-01,NA,72,2021-10-22
pr,2020-01-02,NA,72,2021-10-22
pr,2020-01-03,NA,72,2021-10-22
pr,2020-01-04,NA,72,2021-10-22
pr,2020-02-29,NA,72,2021-10-22
pr,2020-03-01,NA,72,2021-10-22
pr,2020-03-02,NA,72,2021-10-22
pr,2020-03-03,NA,72,2021-10-22
pr,2020-03-04,NA,72,2021-10-22
pr,2020-03-05,NA,72,2021-10-22
pr,2020-03-06,NA,72,2021-10-22
pr,2020-03-07,NA,72,2021-10-22
pr,2020-03-08,NA,72,2021-10-22
pr,2020-03-09,NA,72,2021-10-22
pr,2020-03-10,NA,72,2021-10-22
pr,2020-03-11,NA,72,2021-10-22
pr,2020-03-12,NA,72,2021-10-22
pr,2020-03-13,NA,72,2021-10-22
pr,2020-03-14,NA,72,2021-10-22
pr,2020-03-15,NA,72,2021-10-22
pr,2020-03-16,NA,72,2021-10-22
pr,2020-03-17,NA,72,2021-10-22
pr,2020-03-18,NA,72,2021-10-22
pr,2020-03-19,NA,72,2021-10-22
pr,2020-03-20,NA,72,2021-10-22
pr,2020-03-21,NA,72,2021-10-22
pr,2020-03-22,NA,72,2021-10-22
pr,2020-03-23,NA,72,2021-10-22
pr,2020-03-24,NA,72,2021-10-22
pr,2020-03-25,NA,72,2021-10-22
pr,2020-03-26,NA,72,2021-10-22
pr,2020-03-27,NA,72,2021-10-22
pr,2020-03-28,NA,72,2021-10-22
pr,2020-03-29,NA,72,2021-10-22
pr,2020-03-30,NA,72,2021-10-22
pr,2020-03-31,NA,72,2021-10-22
pr,2020-04-01,NA,72,2021-10-22
pr,2020-04-02,NA,72,2021-10-22
pr,2020-04-03,NA,72,2021-10-22
pr,2020-04-04,NA,72,2021-10-22
pr,2020-04-05,NA,72,2021-10-22
pr,2020-04-06,NA,72,2021-10-22
pr,2020-04-07,NA,72,2021-10-22
pr,2020-04-08,NA,72,2021-10-22
pr,2020-04-09,39,72,2021-10-22
pr,2020-04-10,39,72,2021-10-22
pr,2020-04-11,39,72,2021-10-22
pr,2020-04-12,39,72,2021-10-22
pr,2020-04-13,39,72,2021-10-22
pr,2020-04-14,NA,72,2021-10-22
pr,2020-04-15,NA,72,2021-10-22
pr,2020-04-16,NA,72,2021-10-22
pr,2020-04-17,NA,72,2021-10-22
pr,2020-04-18,NA,72,2021-10-22
pr,2020-04-19,NA,72,2021-10-22
pr,2020-04-20,NA,72,2021-10-22
pr,2020-04-21,NA,72,2021-10-22
pr,2020-04-22,NA,72,2021-10-22
pr,2020-04-23,NA,72,2021-10-22
pr,2020-04-24,NA,72,2021-10-22
pr,2020-04-25,NA,72,2021-10-22
pr,2020-04-26,NA,72,2021-10-22
pr,2020-04-27,NA,72,2021-10-22
pr,2020-04-28,NA,72,2021-10-22
pr,2020-04-29,NA,72,2021-10-22
pr,2020-04-30,NA,72,2021-10-22
pr,2020-05-01,NA,72,2021-10-22
pr,2020-05-02,NA,72,2021-10-22
pr,2020-05-03,NA,72,2021-10-22
pr,2020-05-04,NA,72,2021-10-22
pr,2020-05-05,NA,72,2021-10-22
pr,2020-05-06,NA,72,2021-10-22
pr,2020-05-07,NA,72,2021-10-22
pr,2020-05-08,NA,72,2021-10-22
pr,2020-05-09,NA,72,2021-10-22
pr,2020-05-10,NA,72,2021-10-22
pr,2020-05-11,NA,72,2021-10-22
pr,2020-05-12,NA,72,2021-10-22
pr,2020-05-13,NA,72,2021-10-22
pr,2020-05-14,NA,72,2021-10-22
pr,2020-05-15,NA,72,2021-10-22
pr,2020-05-16,NA,72,2021-10-22
pr,2020-05-17,NA,72,2021-10-22
pr,2020-05-18,NA,72,2021-10-22
pr,2020-05-19,NA,72,2021-10-22
pr,2020-05-20,NA,72,2021-10-22
pr,2020-05-21,NA,72,2021-10-22
pr,2020-05-22,NA,72,2021-10-22
pr,2020-05-23,NA,72,2021-10-22
pr,2020-05-24,NA,72,2021-10-22
pr,2020-05-25,NA,72,2021-10-22
pr,2020-05-26,NA,72,2021-10-22
pr,2020-05-27,NA,72,2021-10-22
pr,2020-05-28,NA,72,2021-10-22
pr,2020-05-29,NA,72,2021-10-22
pr,2020-05-30,NA,72,2021-10-22
pr,2020-05-31,NA,72,2021-10-22
pr,2020-06-01,NA,72,2021-10-22
pr,2020-06-02,NA,72,2021-10-22
pr,2020-06-03,NA,72,2021-10-22
pr,2020-06-04,NA,72,2021-10-22
pr,2020-06-05,NA,72,2021-10-22
pr,2020-06-06,NA,72,2021-10-22
pr,2020-06-07,NA,72,2021-10-22
pr,2020-06-08,NA,72,2021-10-22
pr,2020-06-09,NA,72,2021-10-22
pr,2020-06-10,NA,72,2021-10-22
pr,2020-06-11,NA,72,2021-10-22
pr,2020-06-12,NA,72,2021-10-22
pr,2020-06-13,NA,72,2021-10-22
pr,2020-06-14,NA,72,2021-10-22
pr,2020-06-15,NA,72,2021-10-22
pr,2020-06-16,NA,72,2021-10-22
pr,2020-06-17,NA,72,2021-10-22
pr,2020-06-18,NA,72,2021-10-22
pr,2020-06-19,NA,72,2021-10-22
pr,2020-06-20,NA,72,2021-10-22
pr,2020-06-21,NA,72,2021-10-22
pr,2020-06-22,NA,72,2021-10-22
pr,2020-06-23,NA,72,2021-10-22
pr,2020-06-24,NA,72,2021-10-22
pr,2020-06-25,NA,72,2021-10-22
pr,2020-06-26,NA,72,2021-10-22
pr,2020-06-27,NA,72,2021-10-22
pr,2020-06-28,NA,72,2021-10-22
pr,2020-06-29,NA,72,2021-10-22
pr,2020-06-30,NA,72,2021-10-22
pr,2020-07-01,NA,72,2021-10-22
pr,2020-07-02,NA,72,2021-10-22
pr,2020-07-03,NA,72,2021-10-22
pr,2020-07-04,NA,72,2021-10-22
pr,2020-07-05,NA,72,2021-10-22
pr,2020-07-06,NA,72,2021-10-22
pr,2020-07-07,NA,72,2021-10-22
pr,2020-07-08,NA,72,2021-10-22
pr,2020-07-09,24,72,2021-10-22
pr,2020-07-10,0,72,2021-10-22
pr,2020-07-11,0,72,2021-10-22
pr,2020-07-12,0,72,2021-10-22
pr,2020-07-13,0,72,2021-10-22
pr,2020-07-14,0,72,2021-10-22
pr,2020-07-15,0,72,2021-10-22
pr,2020-07-16,1,72,2021-10-22
pr,2020-07-17,1,72,2021-10-22
pr,2020-07-18,1,72,2021-10-22
pr,2020-07-19,1,72,2021-10-22
pr,2020-07-20,1,72,2021-10-22
pr,2020-07-21,0,72,2021-10-22
pr,2020-07-22,NA,72,2021-10-22
pr,2020-07-23,NA,72,2021-10-22
pr,2020-07-24,NA,72,2021-10-22
pr,2020-07-25,NA,72,2021-10-22
pr,2020-07-26,NA,72,2021-10-22
pr,2020-07-27,13,72,2021-10-22
pr,2020-07-28,18,72,2021-10-22
pr,2020-07-29,16,72,2021-10-22
pr,2020-07-30,17,72,2021-10-22
pr,2020-07-31,9,72,2021-10-22
pr,2020-08-01,3,72,2021-10-22
pr,2020-08-02,9,72,2021-10-22
pr,2020-08-03,8,72,2021-10-22
pr,2020-08-04,23,72,2021-10-22
pr,2020-08-05,21,72,2021-10-22
pr,2020-08-06,13,72,2021-10-22
pr,2020-08-07,14,72,2021-10-22
pr,2020-08-08,41,72,2021-10-22
pr,2020-08-09,27,72,2021-10-22
pr,2020-08-10,28,72,2021-10-22
pr,2020-08-11,22,72,2021-10-22
pr,2020-08-12,22,72,2021-10-22
pr,2020-08-13,22,72,2021-10-22
pr,2020-08-14,25,72,2021-10-22
pr,2020-08-15,22,72,2021-10-22
pr,2020-08-16,18,72,2021-10-22
pr,2020-08-17,33,72,2021-10-22
pr,2020-08-18,26,72,2021-10-22
pr,2020-08-19,21,72,2021-10-22
pr,2020-08-20,25,72,2021-10-22
pr,2020-08-21,20,72,2021-10-22
pr,2020-08-22,9,72,2021-10-22
pr,2020-08-23,22,72,2021-10-22
pr,2020-08-24,20,72,2021-10-22
pr,2020-08-25,28,72,2021-10-22
pr,2020-08-26,28,72,2021-10-22
pr,2020-08-27,22,72,2021-10-22
pr,2020-08-28,30,72,2021-10-22
pr,2020-08-29,22,72,2021-10-22
pr,2020-08-30,18,72,2021-10-22
pr,2020-08-31,26,72,2021-10-22
pr,2020-09-01,26,72,2021-10-22
pr,2020-09-02,22,72,2021-10-22
pr,2020-09-03,31,72,2021-10-22
pr,2020-09-04,21,72,2021-10-22
pr,2020-09-05,9,72,2021-10-22
pr,2020-09-06,10,72,2021-10-22
pr,2020-09-07,16,72,2021-10-22
pr,2020-09-08,15,72,2021-10-22
pr,2020-09-09,35,72,2021-10-22
pr,2020-09-10,32,72,2021-10-22
pr,2020-09-11,31,72,2021-10-22
pr,2020-09-12,30,72,2021-10-22
pr,2020-09-13,27,72,2021-10-22
pr,2020-09-14,29,72,2021-10-22
pr,2020-09-15,21,72,2021-10-22
pr,2020-09-16,26,72,2021-10-22
pr,2020-09-17,19,72,2021-10-22
pr,2020-09-18,26,72,2021-10-22
pr,2020-09-19,21,72,2021-10-22
pr,2020-09-20,41,72,2021-10-22
pr,2020-09-21,26,72,2021-10-22
pr,2020-09-22,31,72,2021-10-22
pr,2020-09-23,25,72,2021-10-22
pr,2020-09-24,18,72,2021-10-22
pr,2020-09-25,22,72,2021-10-22
pr,2020-09-26,21,72,2021-10-22
pr,2020-09-27,21,72,2021-10-22
pr,2020-09-28,23,72,2021-10-22
pr,2020-09-29,27,72,2021-10-22
pr,2020-09-30,24,72,2021-10-22
pr,2020-10-01,28,72,2021-10-22
pr,2020-10-02,23,72,2021-10-22
pr,2020-10-03,41,72,2021-10-22
pr,2020-10-04,42,72,2021-10-22
pr,2020-10-05,17,72,2021-10-22
pr,2020-10-06,55,72,2021-10-22
pr,2020-10-07,62,72,2021-10-22
pr,2020-10-08,20,72,2021-10-22
pr,2020-10-09,17,72,2021-10-22
pr,2020-10-10,27,72,2021-10-22
pr,2020-10-11,17,72,2021-10-22
pr,2020-10-12,14,72,2021-10-22
pr,2020-10-13,24,72,2021-10-22
pr,2020-10-14,17,72,2021-10-22
pr,2020-10-15,20,72,2021-10-22
pr,2020-10-16,14,72,2021-10-22
pr,2020-10-17,15,72,2021-10-22
pr,2020-10-18,18,72,2021-10-22
pr,2020-10-19,139,72,2021-10-22
pr,2020-10-20,134,72,2021-10-22
pr,2020-10-21,132,72,2021-10-22
pr,2020-10-22,136,72,2021-10-22
pr,2020-10-23,30,72,2021-10-22
pr,2020-10-24,10,72,2021-10-22
pr,2020-10-25,129,72,2021-10-22
pr,2020-10-26,36,72,2021-10-22
pr,2020-10-27,221,72,2021-10-22
pr,2020-10-28,241,72,2021-10-22
pr,2020-10-29,233,72,2021-10-22
pr,2020-10-30,76,72,2021-10-22
pr,2020-10-31,92,72,2021-10-22
pr,2020-11-01,199,72,2021-10-22
pr,2020-11-02,13,72,2021-10-22
pr,2020-11-03,209,72,2021-10-22
pr,2020-11-04,221,72,2021-10-22
pr,2020-11-05,235,72,2021-10-22
pr,2020-11-06,114,72,2021-10-22
pr,2020-11-07,101,72,2021-10-22
pr,2020-11-08,241,72,2021-10-22
pr,2020-11-09,216,72,2021-10-22
pr,2020-11-10,88,72,2021-10-22
pr,2020-11-11,203,72,2021-10-22
pr,2020-11-12,210,72,2021-10-22
pr,2020-11-13,40,72,2021-10-22
pr,2020-11-14,21,72,2021-10-22
pr,2020-11-15,197,72,2021-10-22
pr,2020-11-16,207,72,2021-10-22
pr,2020-11-17,206,72,2021-10-22
pr,2020-11-18,47,72,2021-10-22
pr,2020-11-19,219,72,2021-10-22
pr,2020-11-20,52,72,2021-10-22
pr,2020-11-21,31,72,2021-10-22
pr,2020-11-22,203,72,2021-10-22
pr,2020-11-23,205,72,2021-10-22
pr,2020-11-24,220,72,2021-10-22
pr,2020-11-25,42,72,2021-10-22
pr,2020-11-26,30,72,2021-10-22
pr,2020-11-27,27,72,2021-10-22
pr,2020-11-28,28,72,2021-10-22
pr,2020-11-29,210,72,2021-10-22
pr,2020-11-30,224,72,2021-10-22
pr,2020-12-01,49,72,2021-10-22
pr,2020-12-02,45,72,2021-10-22
pr,2020-12-03,51,72,2021-10-22
pr,2020-12-04,46,72,2021-10-22
pr,2020-12-05,20,72,2021-10-22
pr,2020-12-06,26,72,2021-10-22
pr,2020-12-07,42,72,2021-10-22
pr,2020-12-08,49,72,2021-10-22
pr,2020-12-09,34,72,2021-10-22
pr,2020-12-10,45,72,2021-10-22
pr,2020-12-11,41,72,2021-10-22
pr,2020-12-12,40,72,2021-10-22
pr,2020-12-13,21,72,2021-10-22
pr,2020-12-14,21,72,2021-10-22
pr,2020-12-15,36,72,2021-10-22
pr,2020-12-16,43,72,2021-10-22
pr,2020-12-17,29,72,2021-10-22
pr,2020-12-18,30,72,2021-10-22
pr,2020-12-19,44,72,2021-10-22
pr,2020-12-20,33,72,2021-10-22
pr,2020-12-21,27,72,2021-10-22
pr,2020-12-22,33,72,2021-10-22
pr,2020-12-23,35,72,2021-10-22
pr,2020-12-24,23,72,2021-10-22
pr,2020-12-25,23,72,2021-10-22
pr,2020-12-26,16,72,2021-10-22
pr,2020-12-27,26,72,2021-10-22
pr,2020-12-28,35,72,2021-10-22
pr,2020-12-29,47,72,2021-10-22
pr,2020-12-30,36,72,2021-10-22
pr,2020-12-31,33,72,2021-10-22
pr,2021-01-01,17,72,2021-10-22
pr,2021-01-02,15,72,2021-10-22
pr,2021-01-03,11,72,2021-10-22
pr,2021-01-04,33,72,2021-10-22
pr,2021-01-05,33,72,2021-10-22
pr,2021-01-06,16,72,2021-10-22
pr,2021-01-07,38,72,2021-10-22
pr,2021-01-08,35,72,2021-10-22
pr,2021-01-09,14,72,2021-10-22
pr,2021-01-10,22,72,2021-10-22
pr,2021-01-11,30,72,2021-10-22
pr,2021-01-12,21,72,2021-10-22
pr,2021-01-13,24,72,2021-10-22
pr,2021-01-14,22,72,2021-10-22
pr,2021-01-15,26,72,2021-10-22
pr,2021-01-16,15,72,2021-10-22
pr,2021-01-17,21,72,2021-10-22
pr,2021-01-18,22,72,2021-10-22
pr,2021-01-19,16,72,2021-10-22
pr,2021-01-20,30,72,2021-10-22
pr,2021-01-21,25,72,2021-10-22
pr,2021-01-22,26,72,2021-10-22
pr,2021-01-23,19,72,2021-10-22
pr,2021-01-24,16,72,2021-10-22
pr,2021-01-25,14,72,2021-10-22
pr,2021-01-26,16,72,2021-10-22
pr,2021-01-27,15,72,2021-10-22
pr,2021-01-28,18,72,2021-10-22
pr,2021-01-29,24,72,2021-10-22
pr,2021-01-30,23,72,2021-10-22
pr,2021-01-31,23,72,2021-10-22
pr,2021-02-01,12,72,2021-10-22
pr,2021-02-02,23,72,2021-10-22
pr,2021-02-03,20,72,2021-10-22
pr,2021-02-04,16,72,2021-10-22
pr,2021-02-05,26,72,2021-10-22
pr,2021-02-06,12,72,2021-10-22
pr,2021-02-07,23,72,2021-10-22
pr,2021-02-08,15,72,2021-10-22
pr,2021-02-09,13,72,2021-10-22
pr,2021-02-10,48,72,2021-10-22
pr,2021-02-11,12,72,2021-10-22
pr,2021-02-12,21,72,2021-10-22
pr,2021-02-13,21,72,2021-10-22
pr,2021-02-14,14,72,2021-10-22
pr,2021-02-15,13,72,2021-10-22
pr,2021-02-16,16,72,2021-10-22
pr,2021-02-17,25,72,2021-10-22
pr,2021-02-18,9,72,2021-10-22
pr,2021-02-19,11,72,2021-10-22
pr,2021-02-20,5,72,2021-10-22
pr,2021-02-21,8,72,2021-10-22
pr,2021-02-22,5,72,2021-10-22
pr,2021-02-23,13,72,2021-10-22
pr,2021-02-24,3,72,2021-10-22
pr,2021-02-25,8,72,2021-10-22
pr,2021-02-26,14,72,2021-10-22
pr,2021-02-27,13,72,2021-10-22
pr,2021-02-28,13,72,2021-10-22
pr,2021-03-01,18,72,2021-10-22
pr,2021-03-02,7,72,2021-10-22
pr,2021-03-03,17,72,2021-10-22
pr,2021-03-04,3,72,2021-10-22
pr,2021-03-05,8,72,2021-10-22
pr,2021-03-06,9,72,2021-10-22
pr,2021-03-07,8,72,2021-10-22
pr,2021-03-08,7,72,2021-10-22
pr,2021-03-09,9,72,2021-10-22
pr,2021-03-10,19,72,2021-10-22
pr,2021-03-11,14,72,2021-10-22
pr,2021-03-12,15,72,2021-10-22
pr,2021-03-13,2,72,2021-10-22
pr,2021-03-14,5,72,2021-10-22
pr,2021-03-15,5,72,2021-10-22
pr,2021-03-16,9,72,2021-10-22
pr,2021-03-17,13,72,2021-10-22
pr,2021-03-18,16,72,2021-10-22
pr,2021-03-19,16,72,2021-10-22
pr,2021-03-20,19,72,2021-10-22
pr,2021-03-21,14,72,2021-10-22
pr,2021-03-22,4,72,2021-10-22
pr,2021-03-23,13,72,2021-10-22
pr,2021-03-24,34,72,2021-10-22
pr,2021-03-25,24,72,2021-10-22
pr,2021-03-26,25,72,2021-10-22
pr,2021-03-27,28,72,2021-10-22
pr,2021-03-28,23,72,2021-10-22
pr,2021-03-29,10,72,2021-10-22
pr,2021-03-30,15,72,2021-10-22
pr,2021-03-31,27,72,2021-10-22
pr,2021-04-01,16,72,2021-10-22
pr,2021-04-02,30,72,2021-10-22
pr,2021-04-03,21,72,2021-10-22
pr,2021-04-04,23,72,2021-10-22
pr,2021-04-05,32,72,2021-10-22
pr,2021-04-06,34,72,2021-10-22
pr,2021-04-07,37,72,2021-10-22
pr,2021-04-08,20,72,2021-10-22
pr,2021-04-09,36,72,2021-10-22
pr,2021-04-10,47,72,2021-10-22
pr,2021-04-11,20,72,2021-10-22
pr,2021-04-12,42,72,2021-10-22
pr,2021-04-13,44,72,2021-10-22
pr,2021-04-14,54,72,2021-10-22
pr,2021-04-15,49,72,2021-10-22
pr,2021-04-16,42,72,2021-10-22
pr,2021-04-17,36,72,2021-10-22
pr,2021-04-18,56,72,2021-10-22
pr,2021-04-19,39,72,2021-10-22
pr,2021-04-20,45,72,2021-10-22
pr,2021-04-21,48,72,2021-10-22
pr,2021-04-22,37,72,2021-10-22
pr,2021-04-23,42,72,2021-10-22
pr,2021-04-24,62,72,2021-10-22
pr,2021-04-25,32,72,2021-10-22
pr,2021-04-26,64,72,2021-10-22
pr,2021-04-27,39,72,2021-10-22
pr,2021-04-28,36,72,2021-10-22
pr,2021-04-29,25,72,2021-10-22
pr,2021-04-30,37,72,2021-10-22
pr,2021-05-01,18,72,2021-10-22
pr,2021-05-02,22,72,2021-10-22
pr,2021-05-03,22,72,2021-10-22
pr,2021-05-04,24,72,2021-10-22
pr,2021-05-05,23,72,2021-10-22
pr,2021-05-06,17,72,2021-10-22
pr,2021-05-07,25,72,2021-10-22
pr,2021-05-08,6,72,2021-10-22
pr,2021-05-09,15,72,2021-10-22
pr,2021-05-10,26,72,2021-10-22
pr,2021-05-11,9,72,2021-10-22
pr,2021-05-12,32,72,2021-10-22
pr,2021-05-13,17,72,2021-10-22
pr,2021-05-14,14,72,2021-10-22
pr,2021-05-15,11,72,2021-10-22
pr,2021-05-16,9,72,2021-10-22
pr,2021-05-17,19,72,2021-10-22
pr,2021-05-18,13,72,2021-10-22
pr,2021-05-19,6,72,2021-10-22
pr,2021-05-20,11,72,2021-10-22
pr,2021-05-21,13,72,2021-10-22
pr,2021-05-22,11,72,2021-10-22
pr,2021-05-23,17,72,2021-10-22
pr,2021-05-24,14,72,2021-10-22
pr,2021-05-25,2,72,2021-10-22
pr,2021-05-26,10,72,2021-10-22
pr,2021-05-27,2,72,2021-10-22
pr,2021-05-28,6,72,2021-10-22
pr,2021-05-29,5,72,2021-10-22
pr,2021-05-30,1,72,2021-10-22
pr,2021-05-31,14,72,2021-10-22
pr,2021-06-01,3,72,2021-10-22
pr,2021-06-02,9,72,2021-10-22
pr,2021-06-03,7,72,2021-10-22
pr,2021-06-04,1,72,2021-10-22
pr,2021-06-05,1,72,2021-10-22
pr,2021-06-06,0,72,2021-10-22
pr,2021-06-07,4,72,2021-10-22
pr,2021-06-08,3,72,2021-10-22
pr,2021-06-09,2,72,2021-10-22
pr,2021-06-10,6,72,2021-10-22
pr,2021-06-11,0,72,2021-10-22
pr,2021-06-12,1,72,2021-10-22
pr,2021-06-13,2,72,2021-10-22
pr,2021-06-14,3,72,2021-10-22
pr,2021-06-15,2,72,2021-10-22
pr,2021-06-16,3,72,2021-10-22
pr,2021-06-17,1,72,2021-10-22
pr,2021-06-18,5,72,2021-10-22
pr,2021-06-19,1,72,2021-10-22
pr,2021-06-20,0,72,2021-10-22
pr,2021-06-21,3,72,2021-10-22
pr,2021-06-22,4,72,2021-10-22
pr,2021-06-23,2,72,2021-10-22
pr,2021-06-24,2,72,2021-10-22
pr,2021-06-25,3,72,2021-10-22
pr,2021-06-26,3,72,2021-10-22
pr,2021-06-27,1,72,2021-10-22
pr,2021-06-28,3,72,2021-10-22
pr,2021-06-29,0,72,2021-10-22
pr,2021-06-30,5,72,2021-10-22
pr,2021-07-01,3,72,2021-10-22
pr,2021-07-02,2,72,2021-10-22
pr,2021-07-03,2,72,2021-10-22
pr,2021-07-04,2,72,2021-10-22
pr,2021-07-05,1,72,2021-10-22
pr,2021-07-06,2,72,2021-10-22
pr,2021-07-07,1,72,2021-10-22
pr,2021-07-08,4,72,2021-10-22
pr,2021-07-09,4,72,2021-10-22
pr,2021-07-10,6,72,2021-10-22
pr,2021-07-11,2,72,2021-10-22
pr,2021-07-12,2,72,2021-10-22
pr,2021-07-13,3,72,2021-10-22
pr,2021-07-14,4,72,2021-10-22
pr,2021-07-15,6,72,2021-10-22
pr,2021-07-16,4,72,2021-10-22
pr,2021-07-17,4,72,2021-10-22
pr,2021-07-18,3,72,2021-10-22
pr,2021-07-19,8,72,2021-10-22
pr,2021-07-20,16,72,2021-10-22
pr,2021-07-21,16,72,2021-10-22
pr,2021-07-22,6,72,2021-10-22
pr,2021-07-23,1,72,2021-10-22
pr,2021-07-24,6,72,2021-10-22
pr,2021-07-25,9,72,2021-10-22
pr,2021-07-26,11,72,2021-10-22
pr,2021-07-27,13,72,2021-10-22
pr,2021-07-28,18,72,2021-10-22
pr,2021-07-29,15,72,2021-10-22
pr,2021-07-30,21,72,2021-10-22
pr,2021-07-31,16,72,2021-10-22
pr,2021-08-01,9,72,2021-10-22
pr,2021-08-02,18,72,2021-10-22
pr,2021-08-03,42,72,2021-10-22
pr,2021-08-04,28,72,2021-10-22
pr,2021-08-05,30,72,2021-10-22
pr,2021-08-06,44,72,2021-10-22
pr,2021-08-07,28,72,2021-10-22
pr,2021-08-08,21,72,2021-10-22
pr,2021-08-09,18,72,2021-10-22
pr,2021-08-10,23,72,2021-10-22
pr,2021-08-11,25,72,2021-10-22
pr,2021-08-12,30,72,2021-10-22
pr,2021-08-13,32,72,2021-10-22
pr,2021-08-14,29,72,2021-10-22
pr,2021-08-15,29,72,2021-10-22
pr,2021-08-16,27,72,2021-10-22
pr,2021-08-17,34,72,2021-10-22
pr,2021-08-18,38,72,2021-10-22
pr,2021-08-19,34,72,2021-10-22
pr,2021-08-20,44,72,2021-10-22
pr,2021-08-21,25,72,2021-10-22
pr,2021-08-22,23,72,2021-10-22
pr,2021-08-23,22,72,2021-10-22
pr,2021-08-24,38,72,2021-10-22
pr,2021-08-25,27,72,2021-10-22
pr,2021-08-26,37,72,2021-10-22
pr,2021-08-27,22,72,2021-10-22
pr,2021-08-28,21,72,2021-10-22
pr,2021-08-29,13,72,2021-10-22
pr,2021-08-30,22,72,2021-10-22
pr,2021-08-31,27,72,2021-10-22
pr,2021-09-01,26,72,2021-10-22
pr,2021-09-02,23,72,2021-10-22
pr,2021-09-03,32,72,2021-10-22
pr,2021-09-04,21,72,2021-10-22
pr,2021-09-05,13,72,2021-10-22
pr,2021-09-06,5,72,2021-10-22
pr,2021-09-07,16,72,2021-10-22
pr,2021-09-08,21,72,2021-10-22
pr,2021-09-09,32,72,2021-10-22
pr,2021-09-10,27,72,2021-10-22
pr,2021-09-11,17,72,2021-10-22
pr,2021-09-12,13,72,2021-10-22
pr,2021-09-13,22,72,2021-10-22
pr,2021-09-14,19,72,2021-10-22
pr,2021-09-15,9,72,2021-10-22
pr,2021-09-16,16,72,2021-10-22
pr,2021-09-17,15,72,2021-10-22
pr,2021-09-18,10,72,2021-10-22
pr,2021-09-19,12,72,2021-10-22
pr,2021-09-20,3,72,2021-10-22
pr,2021-09-21,12,72,2021-10-22
pr,2021-09-22,8,72,2021-10-22
pr,2021-09-23,10,72,2021-10-22
pr,2021-09-24,5,72,2021-10-22
pr,2021-09-25,4,72,2021-10-22
pr,2021-09-26,1,72,2021-10-22
pr,2021-09-27,2,72,2021-10-22
pr,2021-09-28,8,72,2021-10-22
pr,2021-09-29,8,72,2021-10-22
pr,2021-09-30,3,72,2021-10-22
pr,2021-10-01,5,72,2021-10-22
pr,2021-10-02,2,72,2021-10-22
pr,2021-10-03,8,72,2021-10-22
pr,2021-10-04,5,72,2021-10-22
pr,2021-10-05,5,72,2021-10-22
pr,2021-10-06,8,72,2021-10-22
pr,2021-10-07,5,72,2021-10-22
pr,2021-10-08,7,72,2021-10-22
pr,2021-10-09,4,72,2021-10-22
pr,2021-10-10,4,72,2021-10-22
pr,2021-10-11,1,72,2021-10-22
pr,2021-10-12,7,72,2021-10-22
pr,2021-10-13,8,72,2021-10-22
pr,2021-10-14,6,72,2021-10-22
pr,2021-10-15,11,72,2021-10-22
pr,2021-10-16,0,72,2021-10-22
pr,2021-10-17,3,72,2021-10-22
pr,2021-10-18,4,72,2021-10-22
pr,2021-10-19,6,72,2021-10-22
pr,2021-10-20,11,72,2021-10-22
pr,2021-10-21,11,72,2021-10-22
vi,2020-04-07,NA,78,2021-10-22
vi,2020-04-08,NA,78,2021-10-22
vi,2020-04-09,NA,78,2021-10-22
vi,2020-04-10,NA,78,2021-10-22
vi,2020-04-11,NA,78,2021-10-22
vi,2020-04-12,NA,78,2021-10-22
vi,2020-04-13,NA,78,2021-10-22
vi,2020-04-14,NA,78,2021-10-22
vi,2020-04-15,NA,78,2021-10-22
vi,2020-04-16,NA,78,2021-10-22
vi,2020-04-17,NA,78,2021-10-22
vi,2020-04-18,NA,78,2021-10-22
vi,2020-04-19,NA,78,2021-10-22
vi,2020-04-20,NA,78,2021-10-22
vi,2020-04-21,NA,78,2021-10-22
vi,2020-04-22,NA,78,2021-10-22
vi,2020-04-23,NA,78,2021-10-22
vi,2020-04-24,NA,78,2021-10-22
vi,2020-04-25,NA,78,2021-10-22
vi,2020-04-26,NA,78,2021-10-22
vi,2020-04-27,NA,78,2021-10-22
vi,2020-04-28,NA,78,2021-10-22
vi,2020-04-29,NA,78,2021-10-22
vi,2020-04-30,NA,78,2021-10-22
vi,2020-05-01,NA,78,2021-10-22
vi,2020-05-02,NA,78,2021-10-22
vi,2020-05-03,NA,78,2021-10-22
vi,2020-05-04,NA,78,2021-10-22
vi,2020-05-05,NA,78,2021-10-22
vi,2020-05-06,NA,78,2021-10-22
vi,2020-05-07,NA,78,2021-10-22
vi,2020-05-08,NA,78,2021-10-22
vi,2020-05-09,NA,78,2021-10-22
vi,2020-05-10,NA,78,2021-10-22
vi,2020-05-11,NA,78,2021-10-22
vi,2020-05-12,NA,78,2021-10-22
vi,2020-05-13,NA,78,2021-10-22
vi,2020-05-14,NA,78,2021-10-22
vi,2020-05-15,NA,78,2021-10-22
vi,2020-05-16,NA,78,2021-10-22
vi,2020-05-17,NA,78,2021-10-22
vi,2020-05-18,NA,78,2021-10-22
vi,2020-05-19,NA,78,2021-10-22
vi,2020-05-20,NA,78,2021-10-22
vi,2020-05-21,NA,78,2021-10-22
vi,2020-05-22,NA,78,2021-10-22
vi,2020-05-23,NA,78,2021-10-22
vi,2020-05-24,NA,78,2021-10-22
vi,2020-05-25,NA,78,2021-10-22
vi,2020-05-26,NA,78,2021-10-22
vi,2020-05-27,NA,78,2021-10-22
vi,2020-05-28,NA,78,2021-10-22
vi,2020-05-29,NA,78,2021-10-22
vi,2020-05-30,NA,78,2021-10-22
vi,2020-05-31,NA,78,2021-10-22
vi,2020-06-01,NA,78,2021-10-22
vi,2020-06-02,NA,78,2021-10-22
vi,2020-06-03,NA,78,2021-10-22
vi,2020-06-04,NA,78,2021-10-22
vi,2020-06-05,NA,78,2021-10-22
vi,2020-06-06,NA,78,2021-10-22
vi,2020-06-07,NA,78,2021-10-22
vi,2020-06-08,NA,78,2021-10-22
vi,2020-06-09,NA,78,2021-10-22
vi,2020-06-10,NA,78,2021-10-22
vi,2020-06-11,NA,78,2021-10-22
vi,2020-06-12,NA,78,2021-10-22
vi,2020-06-13,NA,78,2021-10-22
vi,2020-06-14,NA,78,2021-10-22
vi,2020-06-15,NA,78,2021-10-22
vi,2020-06-16,NA,78,2021-10-22
vi,2020-06-17,NA,78,2021-10-22
vi,2020-06-18,NA,78,2021-10-22
vi,2020-06-19,NA,78,2021-10-22
vi,2020-06-20,NA,78,2021-10-22
vi,2020-06-21,NA,78,2021-10-22
vi,2020-06-22,NA,78,2021-10-22
vi,2020-06-23,NA,78,2021-10-22
vi,2020-06-24,NA,78,2021-10-22
vi,2020-06-25,NA,78,2021-10-22
vi,2020-06-26,NA,78,2021-10-22
vi,2020-06-27,NA,78,2021-10-22
vi,2020-06-28,NA,78,2021-10-22
vi,2020-06-29,NA,78,2021-10-22
vi,2020-06-30,NA,78,2021-10-22
vi,2020-07-01,NA,78,2021-10-22
vi,2020-07-02,NA,78,2021-10-22
vi,2020-07-03,NA,78,2021-10-22
vi,2020-07-04,NA,78,2021-10-22
vi,2020-07-05,NA,78,2021-10-22
vi,2020-07-06,NA,78,2021-10-22
vi,2020-07-07,NA,78,2021-10-22
vi,2020-07-08,NA,78,2021-10-22
vi,2020-07-09,NA,78,2021-10-22
vi,2020-07-10,NA,78,2021-10-22
vi,2020-07-11,NA,78,2021-10-22
vi,2020-07-12,NA,78,2021-10-22
vi,2020-07-13,NA,78,2021-10-22
vi,2020-07-14,NA,78,2021-10-22
vi,2020-07-15,NA,78,2021-10-22
vi,2020-07-16,NA,78,2021-10-22
vi,2020-07-17,NA,78,2021-10-22
vi,2020-07-18,NA,78,2021-10-22
vi,2020-07-19,NA,78,2021-10-22
vi,2020-07-20,1,78,2021-10-22
vi,2020-07-21,2,78,2021-10-22
vi,2020-07-22,0,78,2021-10-22
vi,2020-07-23,0,78,2021-10-22
vi,2020-07-24,0,78,2021-10-22
vi,2020-07-25,0,78,2021-10-22
vi,2020-07-26,1,78,2021-10-22
vi,2020-07-27,0,78,2021-10-22
vi,2020-07-28,0,78,2021-10-22
vi,2020-07-29,0,78,2021-10-22
vi,2020-07-30,0,78,2021-10-22
vi,2020-07-31,0,78,2021-10-22
vi,2020-08-01,0,78,2021-10-22
vi,2020-08-02,0,78,2021-10-22
vi,2020-08-03,0,78,2021-10-22
vi,2020-08-04,0,78,2021-10-22
vi,2020-08-05,1,78,2021-10-22
vi,2020-08-06,0,78,2021-10-22
vi,2020-08-07,0,78,2021-10-22
vi,2020-08-08,0,78,2021-10-22
vi,2020-08-09,0,78,2021-10-22
vi,2020-08-10,0,78,2021-10-22
vi,2020-08-11,0,78,2021-10-22
vi,2020-08-12,0,78,2021-10-22
vi,2020-08-13,0,78,2021-10-22
vi,2020-08-14,1,78,2021-10-22
vi,2020-08-15,2,78,2021-10-22
vi,2020-08-16,1,78,2021-10-22
vi,2020-08-17,12,78,2021-10-22
vi,2020-08-18,0,78,2021-10-22
vi,2020-08-19,0,78,2021-10-22
vi,2020-08-20,2,78,2021-10-22
vi,2020-08-21,0,78,2021-10-22
vi,2020-08-22,1,78,2021-10-22
vi,2020-08-23,1,78,2021-10-22
vi,2020-08-24,3,78,2021-10-22
vi,2020-08-25,3,78,2021-10-22
vi,2020-08-26,0,78,2021-10-22
vi,2020-08-27,0,78,2021-10-22
vi,2020-08-28,0,78,2021-10-22
vi,2020-08-29,0,78,2021-10-22
vi,2020-08-30,1,78,2021-10-22
vi,2020-08-31,2,78,2021-10-22
vi,2020-09-01,1,78,2021-10-22
vi,2020-09-02,0,78,2021-10-22
vi,2020-09-03,0,78,2021-10-22
vi,2020-09-04,0,78,2021-10-22
vi,2020-09-05,0,78,2021-10-22
vi,2020-09-06,0,78,2021-10-22
vi,2020-09-07,0,78,2021-10-22
vi,2020-09-08,0,78,2021-10-22
vi,2020-09-09,0,78,2021-10-22
vi,2020-09-10,1,78,2021-10-22
vi,2020-09-11,0,78,2021-10-22
vi,2020-09-12,0,78,2021-10-22
vi,2020-09-13,0,78,2021-10-22
vi,2020-09-14,0,78,2021-10-22
vi,2020-09-15,0,78,2021-10-22
vi,2020-09-16,0,78,2021-10-22
vi,2020-09-17,0,78,2021-10-22
vi,2020-09-18,0,78,2021-10-22
vi,2020-09-19,0,78,2021-10-22
vi,2020-09-20,0,78,2021-10-22
vi,2020-09-21,0,78,2021-10-22
vi,2020-09-22,0,78,2021-10-22
vi,2020-09-23,0,78,2021-10-22
vi,2020-09-24,0,78,2021-10-22
vi,2020-09-25,0,78,2021-10-22
vi,2020-09-26,0,78,2021-10-22
vi,2020-09-27,0,78,2021-10-22
vi,2020-09-28,0,78,2021-10-22
vi,2020-09-29,0,78,2021-10-22
vi,2020-09-30,0,78,2021-10-22
vi,2020-10-01,0,78,2021-10-22
vi,2020-10-02,0,78,2021-10-22
vi,2020-10-03,0,78,2021-10-22
vi,2020-10-04,0,78,2021-10-22
vi,2020-10-05,0,78,2021-10-22
vi,2020-10-06,0,78,2021-10-22
vi,2020-10-07,0,78,2021-10-22
vi,2020-10-08,0,78,2021-10-22
vi,2020-10-09,0,78,2021-10-22
vi,2020-10-10,0,78,2021-10-22
vi,2020-10-11,0,78,2021-10-22
vi,2020-10-12,0,78,2021-10-22
vi,2020-10-13,0,78,2021-10-22
vi,2020-10-14,0,78,2021-10-22
vi,2020-10-15,0,78,2021-10-22
vi,2020-10-16,0,78,2021-10-22
vi,2020-10-17,0,78,2021-10-22
vi,2020-10-18,0,78,2021-10-22
vi,2020-10-19,0,78,2021-10-22
vi,2020-10-20,0,78,2021-10-22
vi,2020-10-21,0,78,2021-10-22
vi,2020-10-22,0,78,2021-10-22
vi,2020-10-23,0,78,2021-10-22
vi,2020-10-24,0,78,2021-10-22
vi,2020-10-25,0,78,2021-10-22
vi,2020-10-26,0,78,2021-10-22
vi,2020-10-27,0,78,2021-10-22
vi,2020-10-28,0,78,2021-10-22
vi,2020-10-29,0,78,2021-10-22
vi,2020-10-30,0,78,2021-10-22
vi,2020-10-31,1,78,2021-10-22
vi,2020-11-01,0,78,2021-10-22
vi,2020-11-02,0,78,2021-10-22
vi,2020-11-03,0,78,2021-10-22
vi,2020-11-04,0,78,2021-10-22
vi,2020-11-05,0,78,2021-10-22
vi,2020-11-06,0,78,2021-10-22
vi,2020-11-07,0,78,2021-10-22
vi,2020-11-08,0,78,2021-10-22
vi,2020-11-09,0,78,2021-10-22
vi,2020-11-10,0,78,2021-10-22
vi,2020-11-11,0,78,2021-10-22
vi,2020-11-12,0,78,2021-10-22
vi,2020-11-13,0,78,2021-10-22
vi,2020-11-14,0,78,2021-10-22
vi,2020-11-15,0,78,2021-10-22
vi,2020-11-16,0,78,2021-10-22
vi,2020-11-17,0,78,2021-10-22
vi,2020-11-18,0,78,2021-10-22
vi,2020-11-19,0,78,2021-10-22
vi,2020-11-20,1,78,2021-10-22
vi,2020-11-21,0,78,2021-10-22
vi,2020-11-22,0,78,2021-10-22
vi,2020-11-23,0,78,2021-10-22
vi,2020-11-24,0,78,2021-10-22
vi,2020-11-25,0,78,2021-10-22
vi,2020-11-26,0,78,2021-10-22
vi,2020-11-27,1,78,2021-10-22
vi,2020-11-28,0,78,2021-10-22
vi,2020-11-29,0,78,2021-10-22
vi,2020-11-30,0,78,2021-10-22
vi,2020-12-01,0,78,2021-10-22
vi,2020-12-02,1,78,2021-10-22
vi,2020-12-03,0,78,2021-10-22
vi,2020-12-04,0,78,2021-10-22
vi,2020-12-05,0,78,2021-10-22
vi,2020-12-06,0,78,2021-10-22
vi,2020-12-07,0,78,2021-10-22
vi,2020-12-08,0,78,2021-10-22
vi,2020-12-09,0,78,2021-10-22
vi,2020-12-10,2,78,2021-10-22
vi,2020-12-11,0,78,2021-10-22
vi,2020-12-12,0,78,2021-10-22
vi,2020-12-13,0,78,2021-10-22
vi,2020-12-14,0,78,2021-10-22
vi,2020-12-15,2,78,2021-10-22
vi,2020-12-16,0,78,2021-10-22
vi,2020-12-17,0,78,2021-10-22
vi,2020-12-18,0,78,2021-10-22
vi,2020-12-19,0,78,2021-10-22
vi,2020-12-20,0,78,2021-10-22
vi,2020-12-21,0,78,2021-10-22
vi,2020-12-22,0,78,2021-10-22
vi,2020-12-23,0,78,2021-10-22
vi,2020-12-24,0,78,2021-10-22
vi,2020-12-25,1,78,2021-10-22
vi,2020-12-26,0,78,2021-10-22
vi,2020-12-27,0,78,2021-10-22
vi,2020-12-28,4,78,2021-10-22
vi,2020-12-29,0,78,2021-10-22
vi,2020-12-30,0,78,2021-10-22
vi,2020-12-31,0,78,2021-10-22
vi,2021-01-01,0,78,2021-10-22
vi,2021-01-02,0,78,2021-10-22
vi,2021-01-03,0,78,2021-10-22
vi,2021-01-04,0,78,2021-10-22
vi,2021-01-05,0,78,2021-10-22
vi,2021-01-06,0,78,2021-10-22
vi,2021-01-07,0,78,2021-10-22
vi,2021-01-08,0,78,2021-10-22
vi,2021-01-09,0,78,2021-10-22
vi,2021-01-10,0,78,2021-10-22
vi,2021-01-11,0,78,2021-10-22
vi,2021-01-12,0,78,2021-10-22
vi,2021-01-13,0,78,2021-10-22
vi,2021-01-14,1,78,2021-10-22
vi,2021-01-15,0,78,2021-10-22
vi,2021-01-16,0,78,2021-10-22
vi,2021-01-17,0,78,2021-10-22
vi,2021-01-18,0,78,2021-10-22
vi,2021-01-19,0,78,2021-10-22
vi,2021-01-20,1,78,2021-10-22
vi,2021-01-21,1,78,2021-10-22
vi,2021-01-22,0,78,2021-10-22
vi,2021-01-23,0,78,2021-10-22
vi,2021-01-24,0,78,2021-10-22
vi,2021-01-25,0,78,2021-10-22
vi,2021-01-26,1,78,2021-10-22
vi,2021-01-27,2,78,2021-10-22
vi,2021-01-28,1,78,2021-10-22
vi,2021-01-29,0,78,2021-10-22
vi,2021-01-30,0,78,2021-10-22
vi,2021-01-31,0,78,2021-10-22
vi,2021-02-01,0,78,2021-10-22
vi,2021-02-02,0,78,2021-10-22
vi,2021-02-03,0,78,2021-10-22
vi,2021-02-04,0,78,2021-10-22
vi,2021-02-05,0,78,2021-10-22
vi,2021-02-06,0,78,2021-10-22
vi,2021-02-07,0,78,2021-10-22
vi,2021-02-08,0,78,2021-10-22
vi,2021-02-09,0,78,2021-10-22
vi,2021-02-10,0,78,2021-10-22
vi,2021-02-11,0,78,2021-10-22
vi,2021-02-12,0,78,2021-10-22
vi,2021-02-13,0,78,2021-10-22
vi,2021-02-14,0,78,2021-10-22
vi,2021-02-15,0,78,2021-10-22
vi,2021-02-16,0,78,2021-10-22
vi,2021-02-17,0,78,2021-10-22
vi,2021-02-18,0,78,2021-10-22
vi,2021-02-19,0,78,2021-10-22
vi,2021-02-20,0,78,2021-10-22
vi,2021-02-21,0,78,2021-10-22
vi,2021-02-22,1,78,2021-10-22
vi,2021-02-23,0,78,2021-10-22
vi,2021-02-24,0,78,2021-10-22
vi,2021-02-25,1,78,2021-10-22
vi,2021-02-26,0,78,2021-10-22
vi,2021-02-27,0,78,2021-10-22
vi,2021-02-28,0,78,2021-10-22
vi,2021-03-01,0,78,2021-10-22
vi,2021-03-02,0,78,2021-10-22
vi,2021-03-03,0,78,2021-10-22
vi,2021-03-04,0,78,2021-10-22
vi,2021-03-05,0,78,2021-10-22
vi,2021-03-06,0,78,2021-10-22
vi,2021-03-07,0,78,2021-10-22
vi,2021-03-08,1,78,2021-10-22
vi,2021-03-09,1,78,2021-10-22
vi,2021-03-10,1,78,2021-10-22
vi,2021-03-11,0,78,2021-10-22
vi,2021-03-12,0,78,2021-10-22
vi,2021-03-13,0,78,2021-10-22
vi,2021-03-14,0,78,2021-10-22
vi,2021-03-15,0,78,2021-10-22
vi,2021-03-16,0,78,2021-10-22
vi,2021-03-17,0,78,2021-10-22
vi,2021-03-18,0,78,2021-10-22
vi,2021-03-19,0,78,2021-10-22
vi,2021-03-20,0,78,2021-10-22
vi,2021-03-21,0,78,2021-10-22
vi,2021-03-22,0,78,2021-10-22
vi,2021-03-23,0,78,2021-10-22
vi,2021-03-24,0,78,2021-10-22
vi,2021-03-25,0,78,2021-10-22
vi,2021-03-26,0,78,2021-10-22
vi,2021-03-27,0,78,2021-10-22
vi,2021-03-28,0,78,2021-10-22
vi,2021-03-29,3,78,2021-10-22
vi,2021-03-30,0,78,2021-10-22
vi,2021-03-31,0,78,2021-10-22
vi,2021-04-01,0,78,2021-10-22
vi,2021-04-02,0,78,2021-10-22
vi,2021-04-03,0,78,2021-10-22
vi,2021-04-04,1,78,2021-10-22
vi,2021-04-05,1,78,2021-10-22
vi,2021-04-06,1,78,2021-10-22
vi,2021-04-07,2,78,2021-10-22
vi,2021-04-08,0,78,2021-10-22
vi,2021-04-09,0,78,2021-10-22
vi,2021-04-10,0,78,2021-10-22
vi,2021-04-11,1,78,2021-10-22
vi,2021-04-12,0,78,2021-10-22
vi,2021-04-13,0,78,2021-10-22
vi,2021-04-14,0,78,2021-10-22
vi,2021-04-15,0,78,2021-10-22
vi,2021-04-16,0,78,2021-10-22
vi,2021-04-17,0,78,2021-10-22
vi,2021-04-18,1,78,2021-10-22
vi,2021-04-19,0,78,2021-10-22
vi,2021-04-20,0,78,2021-10-22
vi,2021-04-21,1,78,2021-10-22
vi,2021-04-22,2,78,2021-10-22
vi,2021-04-23,0,78,2021-10-22
vi,2021-04-24,2,78,2021-10-22
vi,2021-04-25,1,78,2021-10-22
vi,2021-04-26,0,78,2021-10-22
vi,2021-04-27,0,78,2021-10-22
vi,2021-04-28,0,78,2021-10-22
vi,2021-04-29,0,78,2021-10-22
vi,2021-04-30,1,78,2021-10-22
vi,2021-05-01,0,78,2021-10-22
vi,2021-05-02,0,78,2021-10-22
vi,2021-05-03,0,78,2021-10-22
vi,2021-05-04,1,78,2021-10-22
vi,2021-05-05,0,78,2021-10-22
vi,2021-05-06,0,78,2021-10-22
vi,2021-05-07,0,78,2021-10-22
vi,2021-05-08,0,78,2021-10-22
vi,2021-05-09,0,78,2021-10-22
vi,2021-05-10,0,78,2021-10-22
vi,2021-05-11,0,78,2021-10-22
vi,2021-05-12,0,78,2021-10-22
vi,2021-05-13,0,78,2021-10-22
vi,2021-05-14,0,78,2021-10-22
vi,2021-05-15,1,78,2021-10-22
vi,2021-05-16,0,78,2021-10-22
vi,2021-05-17,0,78,2021-10-22
vi,2021-05-18,0,78,2021-10-22
vi,2021-05-19,0,78,2021-10-22
vi,2021-05-20,0,78,2021-10-22
vi,2021-05-21,0,78,2021-10-22
vi,2021-05-22,0,78,2021-10-22
vi,2021-05-23,0,78,2021-10-22
vi,2021-05-24,0,78,2021-10-22
vi,2021-05-25,0,78,2021-10-22
vi,2021-05-26,0,78,2021-10-22
vi,2021-05-27,0,78,2021-10-22
vi,2021-05-28,0,78,2021-10-22
vi,2021-05-29,0,78,2021-10-22
vi,2021-05-30,0,78,2021-10-22
vi,2021-05-31,0,78,2021-10-22
vi,2021-06-01,1,78,2021-10-22
vi,2021-06-02,0,78,2021-10-22
vi,2021-06-03,0,78,2021-10-22
vi,2021-06-04,0,78,2021-10-22
vi,2021-06-05,0,78,2021-10-22
vi,2021-06-06,0,78,2021-10-22
vi,2021-06-07,3,78,2021-10-22
vi,2021-06-08,2,78,2021-10-22
vi,2021-06-09,2,78,2021-10-22
vi,2021-06-10,2,78,2021-10-22
vi,2021-06-11,1,78,2021-10-22
vi,2021-06-12,0,78,2021-10-22
vi,2021-06-13,0,78,2021-10-22
vi,2021-06-14,0,78,2021-10-22
vi,2021-06-15,1,78,2021-10-22
vi,2021-06-16,0,78,2021-10-22
vi,2021-06-17,0,78,2021-10-22
vi,2021-06-18,0,78,2021-10-22
vi,2021-06-19,0,78,2021-10-22
vi,2021-06-20,2,78,2021-10-22
vi,2021-06-21,2,78,2021-10-22
vi,2021-06-22,0,78,2021-10-22
vi,2021-06-23,0,78,2021-10-22
vi,2021-06-24,2,78,2021-10-22
vi,2021-06-25,1,78,2021-10-22
vi,2021-06-26,0,78,2021-10-22
vi,2021-06-27,0,78,2021-10-22
vi,2021-06-28,0,78,2021-10-22
vi,2021-06-29,0,78,2021-10-22
vi,2021-06-30,0,78,2021-10-22
vi,2021-07-01,1,78,2021-10-22
vi,2021-07-02,0,78,2021-10-22
vi,2021-07-03,1,78,2021-10-22
vi,2021-07-04,2,78,2021-10-22
vi,2021-07-05,0,78,2021-10-22
vi,2021-07-06,1,78,2021-10-22
vi,2021-07-07,0,78,2021-10-22
vi,2021-07-08,0,78,2021-10-22
vi,2021-07-09,0,78,2021-10-22
vi,2021-07-10,1,78,2021-10-22
vi,2021-07-11,3,78,2021-10-22
vi,2021-07-12,1,78,2021-10-22
vi,2021-07-13,0,78,2021-10-22
vi,2021-07-14,1,78,2021-10-22
vi,2021-07-15,2,78,2021-10-22
vi,2021-07-16,3,78,2021-10-22
vi,2021-07-17,0,78,2021-10-22
vi,2021-07-18,0,78,2021-10-22
vi,2021-07-19,1,78,2021-10-22
vi,2021-07-20,1,78,2021-10-22
vi,2021-07-21,4,78,2021-10-22
vi,2021-07-22,1,78,2021-10-22
vi,2021-07-23,0,78,2021-10-22
vi,2021-07-24,0,78,2021-10-22
vi,2021-07-25,0,78,2021-10-22
vi,2021-07-26,0,78,2021-10-22
vi,2021-07-27,0,78,2021-10-22
vi,2021-07-28,3,78,2021-10-22
vi,2021-07-29,0,78,2021-10-22
vi,2021-07-30,2,78,2021-10-22
vi,2021-07-31,1,78,2021-10-22
vi,2021-08-01,0,78,2021-10-22
vi,2021-08-02,0,78,2021-10-22
vi,2021-08-03,0,78,2021-10-22
vi,2021-08-04,3,78,2021-10-22
vi,2021-08-05,2,78,2021-10-22
vi,2021-08-06,1,78,2021-10-22
vi,2021-08-07,0,78,2021-10-22
vi,2021-08-08,1,78,2021-10-22
vi,2021-08-09,2,78,2021-10-22
vi,2021-08-10,4,78,2021-10-22
vi,2021-08-11,3,78,2021-10-22
vi,2021-08-12,3,78,2021-10-22
vi,2021-08-13,1,78,2021-10-22
vi,2021-08-14,1,78,2021-10-22
vi,2021-08-15,1,78,2021-10-22
vi,2021-08-16,1,78,2021-10-22
vi,2021-08-17,1,78,2021-10-22
vi,2021-08-18,0,78,2021-10-22
vi,2021-08-19,0,78,2021-10-22
vi,2021-08-20,0,78,2021-10-22
vi,2021-08-21,0,78,2021-10-22
vi,2021-08-22,2,78,2021-10-22
vi,2021-08-23,1,78,2021-10-22
vi,2021-08-24,0,78,2021-10-22
vi,2021-08-25,0,78,2021-10-22
vi,2021-08-26,0,78,2021-10-22
vi,2021-08-27,0,78,2021-10-22
vi,2021-08-28,0,78,2021-10-22
vi,2021-08-29,0,78,2021-10-22
vi,2021-08-30,0,78,2021-10-22
vi,2021-08-31,1,78,2021-10-22
vi,2021-09-01,0,78,2021-10-22
vi,2021-09-02,0,78,2021-10-22
vi,2021-09-03,0,78,2021-10-22
vi,2021-09-04,1,78,2021-10-22
vi,2021-09-05,0,78,2021-10-22
vi,2021-09-06,1,78,2021-10-22
vi,2021-09-07,0,78,2021-10-22
vi,2021-09-08,2,78,2021-10-22
vi,2021-09-09,0,78,2021-10-22
vi,2021-09-10,1,78,2021-10-22
vi,2021-09-11,1,78,2021-10-22
vi,2021-09-12,0,78,2021-10-22
vi,2021-09-13,2,78,2021-10-22
vi,2021-09-14,3,78,2021-10-22
vi,2021-09-15,0,78,2021-10-22
vi,2021-09-16,0,78,2021-10-22
vi,2021-09-17,0,78,2021-10-22
vi,2021-09-18,0,78,2021-10-22
vi,2021-09-19,0,78,2021-10-22
vi,2021-09-20,1,78,2021-10-22
vi,2021-09-21,1,78,2021-10-22
vi,2021-09-22,1,78,2021-10-22
vi,2021-09-23,0,78,2021-10-22
vi,2021-09-24,0,78,2021-10-22
vi,2021-09-25,0,78,2021-10-22
vi,2021-09-26,1,78,2021-10-22
vi,2021-09-27,0,78,2021-10-22
vi,2021-09-28,2,78,2021-10-22
vi,2021-09-29,2,78,2021-10-22
vi,2021-09-30,2,78,2021-10-22
vi,2021-10-01,0,78,2021-10-22
vi,2021-10-02,0,78,2021-10-22
vi,2021-10-03,0,78,2021-10-22
vi,2021-10-04,0,78,2021-10-22
vi,2021-10-05,0,78,2021-10-22
vi,2021-10-06,2,78,2021-10-22
vi,2021-10-07,1,78,2021-10-22
vi,2021-10-08,0,78,2021-10-22
vi,2021-10-09,0,78,2021-10-22
vi,2021-10-10,1,78,2021-10-22
vi,2021-10-11,0,78,2021-10-22
vi,2021-10-12,0,78,2021-10-22
vi,2021-10-13,0,78,2021-10-22
vi,2021-10-14,1,78,2021-10-22
vi,2021-10-15,0,78,2021-10-22
vi,2021-10-16,0,78,2021-10-22
vi,2021-10-17,0,78,2021-10-22
vi,2021-10-18,0,78,2021-10-22
vi,2021-10-19,2,78,2021-10-22
vi,2021-10-20,1,78,2021-10-22
vi,2021-10-21,1,78,2021-10-22
us,2019-12-31,NA,US,2021-10-22
us,2020-01-01,NA,US,2021-10-22
us,2020-01-02,NA,US,2021-10-22
us,2020-01-03,NA,US,2021-10-22
us,2020-01-04,NA,US,2021-10-22
us,2020-01-05,NA,US,2021-10-22
us,2020-01-06,NA,US,2021-10-22
us,2020-01-07,NA,US,2021-10-22
us,2020-01-08,NA,US,2021-10-22
us,2020-01-09,NA,US,2021-10-22
us,2020-01-10,NA,US,2021-10-22
us,2020-01-11,NA,US,2021-10-22
us,2020-01-12,NA,US,2021-10-22
us,2020-01-13,NA,US,2021-10-22
us,2020-01-14,NA,US,2021-10-22
us,2020-01-15,NA,US,2021-10-22
us,2020-01-16,NA,US,2021-10-22
us,2020-01-17,NA,US,2021-10-22
us,2020-01-18,NA,US,2021-10-22
us,2020-01-19,NA,US,2021-10-22
us,2020-01-20,NA,US,2021-10-22
us,2020-01-21,NA,US,2021-10-22
us,2020-01-22,NA,US,2021-10-22
us,2020-01-23,NA,US,2021-10-22
us,2020-01-24,NA,US,2021-10-22
us,2020-01-25,NA,US,2021-10-22
us,2020-01-26,NA,US,2021-10-22
us,2020-01-27,NA,US,2021-10-22
us,2020-01-28,NA,US,2021-10-22
us,2020-01-29,NA,US,2021-10-22
us,2020-01-30,NA,US,2021-10-22
us,2020-01-31,NA,US,2021-10-22
us,2020-02-01,NA,US,2021-10-22
us,2020-02-02,NA,US,2021-10-22
us,2020-02-03,NA,US,2021-10-22
us,2020-02-04,NA,US,2021-10-22
us,2020-02-05,NA,US,2021-10-22
us,2020-02-06,NA,US,2021-10-22
us,2020-02-07,NA,US,2021-10-22
us,2020-02-08,NA,US,2021-10-22
us,2020-02-09,NA,US,2021-10-22
us,2020-02-10,NA,US,2021-10-22
us,2020-02-11,NA,US,2021-10-22
us,2020-02-12,NA,US,2021-10-22
us,2020-02-13,NA,US,2021-10-22
us,2020-02-14,NA,US,2021-10-22
us,2020-02-15,NA,US,2021-10-22
us,2020-02-16,NA,US,2021-10-22
us,2020-02-17,NA,US,2021-10-22
us,2020-02-18,NA,US,2021-10-22
us,2020-02-19,NA,US,2021-10-22
us,2020-02-20,NA,US,2021-10-22
us,2020-02-21,NA,US,2021-10-22
us,2020-02-22,NA,US,2021-10-22
us,2020-02-23,NA,US,2021-10-22
us,2020-02-24,NA,US,2021-10-22
us,2020-02-25,NA,US,2021-10-22
us,2020-02-26,NA,US,2021-10-22
us,2020-02-27,NA,US,2021-10-22
us,2020-02-28,NA,US,2021-10-22
us,2020-02-29,NA,US,2021-10-22
us,2020-03-01,NA,US,2021-10-22
us,2020-03-02,NA,US,2021-10-22
us,2020-03-03,NA,US,2021-10-22
us,2020-03-04,NA,US,2021-10-22
us,2020-03-05,NA,US,2021-10-22
us,2020-03-06,NA,US,2021-10-22
us,2020-03-07,NA,US,2021-10-22
us,2020-03-08,NA,US,2021-10-22
us,2020-03-09,NA,US,2021-10-22
us,2020-03-10,NA,US,2021-10-22
us,2020-03-11,NA,US,2021-10-22
us,2020-03-12,NA,US,2021-10-22
us,2020-03-13,NA,US,2021-10-22
us,2020-03-14,NA,US,2021-10-22
us,2020-03-15,NA,US,2021-10-22
us,2020-03-16,NA,US,2021-10-22
us,2020-03-17,NA,US,2021-10-22
us,2020-03-18,NA,US,2021-10-22
us,2020-03-19,NA,US,2021-10-22
us,2020-03-20,NA,US,2021-10-22
us,2020-03-21,NA,US,2021-10-22
us,2020-03-22,NA,US,2021-10-22
us,2020-03-23,NA,US,2021-10-22
us,2020-03-24,NA,US,2021-10-22
us,2020-03-25,NA,US,2021-10-22
us,2020-03-26,NA,US,2021-10-22
us,2020-03-27,NA,US,2021-10-22
us,2020-03-28,NA,US,2021-10-22
us,2020-03-29,NA,US,2021-10-22
us,2020-03-30,NA,US,2021-10-22
us,2020-03-31,NA,US,2021-10-22
us,2020-04-01,NA,US,2021-10-22
us,2020-04-02,NA,US,2021-10-22
us,2020-04-03,NA,US,2021-10-22
us,2020-04-04,NA,US,2021-10-22
us,2020-04-05,NA,US,2021-10-22
us,2020-04-06,NA,US,2021-10-22
us,2020-04-07,NA,US,2021-10-22
us,2020-04-08,NA,US,2021-10-22
us,2020-04-09,NA,US,2021-10-22
us,2020-04-10,NA,US,2021-10-22
us,2020-04-11,NA,US,2021-10-22
us,2020-04-12,NA,US,2021-10-22
us,2020-04-13,NA,US,2021-10-22
us,2020-04-14,NA,US,2021-10-22
us,2020-04-15,NA,US,2021-10-22
us,2020-04-16,NA,US,2021-10-22
us,2020-04-17,NA,US,2021-10-22
us,2020-04-18,NA,US,2021-10-22
us,2020-04-19,NA,US,2021-10-22
us,2020-04-20,NA,US,2021-10-22
us,2020-04-21,NA,US,2021-10-22
us,2020-04-22,NA,US,2021-10-22
us,2020-04-23,NA,US,2021-10-22
us,2020-04-24,NA,US,2021-10-22
us,2020-04-25,NA,US,2021-10-22
us,2020-04-26,NA,US,2021-10-22
us,2020-04-27,NA,US,2021-10-22
us,2020-04-28,NA,US,2021-10-22
us,2020-04-29,NA,US,2021-10-22
us,2020-04-30,NA,US,2021-10-22
us,2020-05-01,NA,US,2021-10-22
us,2020-05-02,NA,US,2021-10-22
us,2020-05-03,NA,US,2021-10-22
us,2020-05-04,NA,US,2021-10-22
us,2020-05-05,NA,US,2021-10-22
us,2020-05-06,NA,US,2021-10-22
us,2020-05-07,NA,US,2021-10-22
us,2020-05-08,NA,US,2021-10-22
us,2020-05-09,NA,US,2021-10-22
us,2020-05-10,NA,US,2021-10-22
us,2020-05-11,NA,US,2021-10-22
us,2020-05-12,NA,US,2021-10-22
us,2020-05-13,NA,US,2021-10-22
us,2020-05-14,NA,US,2021-10-22
us,2020-05-15,NA,US,2021-10-22
us,2020-05-16,NA,US,2021-10-22
us,2020-05-17,NA,US,2021-10-22
us,2020-05-18,NA,US,2021-10-22
us,2020-05-19,NA,US,2021-10-22
us,2020-05-20,NA,US,2021-10-22
us,2020-05-21,NA,US,2021-10-22
us,2020-05-22,NA,US,2021-10-22
us,2020-05-23,NA,US,2021-10-22
us,2020-05-24,NA,US,2021-10-22
us,2020-05-25,NA,US,2021-10-22
us,2020-05-26,NA,US,2021-10-22
us,2020-05-27,NA,US,2021-10-22
us,2020-05-28,NA,US,2021-10-22
us,2020-05-29,NA,US,2021-10-22
us,2020-05-30,NA,US,2021-10-22
us,2020-05-31,NA,US,2021-10-22
us,2020-06-01,NA,US,2021-10-22
us,2020-06-02,NA,US,2021-10-22
us,2020-06-03,NA,US,2021-10-22
us,2020-06-04,NA,US,2021-10-22
us,2020-06-05,NA,US,2021-10-22
us,2020-06-06,NA,US,2021-10-22
us,2020-06-07,NA,US,2021-10-22
us,2020-06-08,NA,US,2021-10-22
us,2020-06-09,NA,US,2021-10-22
us,2020-06-10,NA,US,2021-10-22
us,2020-06-11,NA,US,2021-10-22
us,2020-06-12,NA,US,2021-10-22
us,2020-06-13,NA,US,2021-10-22
us,2020-06-14,NA,US,2021-10-22
us,2020-06-15,NA,US,2021-10-22
us,2020-06-16,NA,US,2021-10-22
us,2020-06-17,NA,US,2021-10-22
us,2020-06-18,NA,US,2021-10-22
us,2020-06-19,NA,US,2021-10-22
us,2020-06-20,NA,US,2021-10-22
us,2020-06-21,NA,US,2021-10-22
us,2020-06-22,NA,US,2021-10-22
us,2020-06-23,NA,US,2021-10-22
us,2020-06-24,NA,US,2021-10-22
us,2020-06-25,NA,US,2021-10-22
us,2020-06-26,NA,US,2021-10-22
us,2020-06-27,NA,US,2021-10-22
us,2020-06-28,NA,US,2021-10-22
us,2020-06-29,NA,US,2021-10-22
us,2020-06-30,NA,US,2021-10-22
us,2020-07-01,NA,US,2021-10-22
us,2020-07-02,NA,US,2021-10-22
us,2020-07-03,NA,US,2021-10-22
us,2020-07-04,NA,US,2021-10-22
us,2020-07-05,NA,US,2021-10-22
us,2020-07-06,NA,US,2021-10-22
us,2020-07-07,NA,US,2021-10-22
us,2020-07-08,NA,US,2021-10-22
us,2020-07-09,NA,US,2021-10-22
us,2020-07-10,NA,US,2021-10-22
us,2020-07-11,NA,US,2021-10-22
us,2020-07-12,NA,US,2021-10-22
us,2020-07-13,NA,US,2021-10-22
us,2020-07-14,NA,US,2021-10-22
us,2020-07-15,NA,US,2021-10-22
us,2020-07-16,NA,US,2021-10-22
us,2020-07-17,NA,US,2021-10-22
us,2020-07-18,NA,US,2021-10-22
us,2020-07-19,NA,US,2021-10-22
us,2020-07-20,NA,US,2021-10-22
us,2020-07-21,NA,US,2021-10-22
us,2020-07-22,NA,US,2021-10-22
us,2020-07-23,NA,US,2021-10-22
us,2020-07-24,NA,US,2021-10-22
us,2020-07-25,NA,US,2021-10-22
us,2020-07-26,NA,US,2021-10-22
us,2020-07-27,6100,US,2021-10-22
us,2020-07-28,5260,US,2021-10-22
us,2020-07-29,5388,US,2021-10-22
us,2020-07-30,6289,US,2021-10-22
us,2020-07-31,6034,US,2021-10-22
us,2020-08-01,4502,US,2021-10-22
us,2020-08-02,4476,US,2021-10-22
us,2020-08-03,5065,US,2021-10-22
us,2020-08-04,4843,US,2021-10-22
us,2020-08-05,4911,US,2021-10-22
us,2020-08-06,4920,US,2021-10-22
us,2020-08-07,4655,US,2021-10-22
us,2020-08-08,4149,US,2021-10-22
us,2020-08-09,4095,US,2021-10-22
us,2020-08-10,4794,US,2021-10-22
us,2020-08-11,4454,US,2021-10-22
us,2020-08-12,4596,US,2021-10-22
us,2020-08-13,4828,US,2021-10-22
us,2020-08-14,4739,US,2021-10-22
us,2020-08-15,4172,US,2021-10-22
us,2020-08-16,4581,US,2021-10-22
us,2020-08-17,4745,US,2021-10-22
us,2020-08-18,4273,US,2021-10-22
us,2020-08-19,4422,US,2021-10-22
us,2020-08-20,4173,US,2021-10-22
us,2020-08-21,4520,US,2021-10-22
us,2020-08-22,3704,US,2021-10-22
us,2020-08-23,3770,US,2021-10-22
us,2020-08-24,4368,US,2021-10-22
us,2020-08-25,4419,US,2021-10-22
us,2020-08-26,4178,US,2021-10-22
us,2020-08-27,4667,US,2021-10-22
us,2020-08-28,4611,US,2021-10-22
us,2020-08-29,3915,US,2021-10-22
us,2020-08-30,3905,US,2021-10-22
us,2020-08-31,4123,US,2021-10-22
us,2020-09-01,4083,US,2021-10-22
us,2020-09-02,3851,US,2021-10-22
us,2020-09-03,4070,US,2021-10-22
us,2020-09-04,3773,US,2021-10-22
us,2020-09-05,3317,US,2021-10-22
us,2020-09-06,3419,US,2021-10-22
us,2020-09-07,3667,US,2021-10-22
us,2020-09-08,4544,US,2021-10-22
us,2020-09-09,4501,US,2021-10-22
us,2020-09-10,4466,US,2021-10-22
us,2020-09-11,4053,US,2021-10-22
us,2020-09-12,3754,US,2021-10-22
us,2020-09-13,3045,US,2021-10-22
us,2020-09-14,3892,US,2021-10-22
us,2020-09-15,3478,US,2021-10-22
us,2020-09-16,3569,US,2021-10-22
us,2020-09-17,3528,US,2021-10-22
us,2020-09-18,3436,US,2021-10-22
us,2020-09-19,3076,US,2021-10-22
us,2020-09-20,3216,US,2021-10-22
us,2020-09-21,3747,US,2021-10-22
us,2020-09-22,3689,US,2021-10-22
us,2020-09-23,3577,US,2021-10-22
us,2020-09-24,3643,US,2021-10-22
us,2020-09-25,3711,US,2021-10-22
us,2020-09-26,3294,US,2021-10-22
us,2020-09-27,3697,US,2021-10-22
us,2020-09-28,4103,US,2021-10-22
us,2020-09-29,3992,US,2021-10-22
us,2020-09-30,4039,US,2021-10-22
us,2020-10-01,3897,US,2021-10-22
us,2020-10-02,4237,US,2021-10-22
us,2020-10-03,3660,US,2021-10-22
us,2020-10-04,4586,US,2021-10-22
us,2020-10-05,5382,US,2021-10-22
us,2020-10-06,4819,US,2021-10-22
us,2020-10-07,4838,US,2021-10-22
us,2020-10-08,4765,US,2021-10-22
us,2020-10-09,4777,US,2021-10-22
us,2020-10-10,4545,US,2021-10-22
us,2020-10-11,4667,US,2021-10-22
us,2020-10-12,5438,US,2021-10-22
us,2020-10-13,5363,US,2021-10-22
us,2020-10-14,5281,US,2021-10-22
us,2020-10-15,5582,US,2021-10-22
us,2020-10-16,5546,US,2021-10-22
us,2020-10-17,5173,US,2021-10-22
us,2020-10-18,5229,US,2021-10-22
us,2020-10-19,6205,US,2021-10-22
us,2020-10-20,6007,US,2021-10-22
us,2020-10-21,6159,US,2021-10-22
us,2020-10-22,6135,US,2021-10-22
us,2020-10-23,6272,US,2021-10-22
us,2020-10-24,5424,US,2021-10-22
us,2020-10-25,5548,US,2021-10-22
us,2020-10-26,6628,US,2021-10-22
us,2020-10-27,7024,US,2021-10-22
us,2020-10-28,7171,US,2021-10-22
us,2020-10-29,7437,US,2021-10-22
us,2020-10-30,6907,US,2021-10-22
us,2020-10-31,6349,US,2021-10-22
us,2020-11-01,6842,US,2021-10-22
us,2020-11-02,7920,US,2021-10-22
us,2020-11-03,8093,US,2021-10-22
us,2020-11-04,8477,US,2021-10-22
us,2020-11-05,8809,US,2021-10-22
us,2020-11-06,8990,US,2021-10-22
us,2020-11-07,8318,US,2021-10-22
us,2020-11-08,8648,US,2021-10-22
us,2020-11-09,10356,US,2021-10-22
us,2020-11-10,10453,US,2021-10-22
us,2020-11-11,10573,US,2021-10-22
us,2020-11-12,10741,US,2021-10-22
us,2020-11-13,10767,US,2021-10-22
us,2020-11-14,10141,US,2021-10-22
us,2020-11-15,10397,US,2021-10-22
us,2020-11-16,12212,US,2021-10-22
us,2020-11-17,12121,US,2021-10-22
us,2020-11-18,12155,US,2021-10-22
us,2020-11-19,12506,US,2021-10-22
us,2020-11-20,12140,US,2021-10-22
us,2020-11-21,11030,US,2021-10-22
us,2020-11-22,11270,US,2021-10-22
us,2020-11-23,13513,US,2021-10-22
us,2020-11-24,13256,US,2021-10-22
us,2020-11-25,12734,US,2021-10-22
us,2020-11-26,11112,US,2021-10-22
us,2020-11-27,13097,US,2021-10-22
us,2020-11-28,12441,US,2021-10-22
us,2020-11-29,12151,US,2021-10-22
us,2020-11-30,14464,US,2021-10-22
us,2020-12-01,13954,US,2021-10-22
us,2020-12-02,13921,US,2021-10-22
us,2020-12-03,14049,US,2021-10-22
us,2020-12-04,13935,US,2021-10-22
us,2020-12-05,12465,US,2021-10-22
us,2020-12-06,12701,US,2021-10-22
us,2020-12-07,14799,US,2021-10-22
us,2020-12-08,15108,US,2021-10-22
us,2020-12-09,15271,US,2021-10-22
us,2020-12-10,15279,US,2021-10-22
us,2020-12-11,15073,US,2021-10-22
us,2020-12-12,13408,US,2021-10-22
us,2020-12-13,13554,US,2021-10-22
us,2020-12-14,16195,US,2021-10-22
us,2020-12-15,15580,US,2021-10-22
us,2020-12-16,15257,US,2021-10-22
us,2020-12-17,15282,US,2021-10-22
us,2020-12-18,15188,US,2021-10-22
us,2020-12-19,13877,US,2021-10-22
us,2020-12-20,14168,US,2021-10-22
us,2020-12-21,16784,US,2021-10-22
us,2020-12-22,16471,US,2021-10-22
us,2020-12-23,15811,US,2021-10-22
us,2020-12-24,14513,US,2021-10-22
us,2020-12-25,13384,US,2021-10-22
us,2020-12-26,15153,US,2021-10-22
us,2020-12-27,14818,US,2021-10-22
us,2020-12-28,16618,US,2021-10-22
us,2020-12-29,16820,US,2021-10-22
us,2020-12-30,16758,US,2021-10-22
us,2020-12-31,16046,US,2021-10-22
us,2021-01-01,15144,US,2021-10-22
us,2021-01-02,15939,US,2021-10-22
us,2021-01-03,15091,US,2021-10-22
us,2021-01-04,18112,US,2021-10-22
us,2021-01-05,17709,US,2021-10-22
us,2021-01-06,17079,US,2021-10-22
us,2021-01-07,17018,US,2021-10-22
us,2021-01-08,16784,US,2021-10-22
us,2021-01-09,14514,US,2021-10-22
us,2021-01-10,14151,US,2021-10-22
us,2021-01-11,16656,US,2021-10-22
us,2021-01-12,16467,US,2021-10-22
us,2021-01-13,16254,US,2021-10-22
us,2021-01-14,16275,US,2021-10-22
us,2021-01-15,15612,US,2021-10-22
us,2021-01-16,13442,US,2021-10-22
us,2021-01-17,13003,US,2021-10-22
us,2021-01-18,14573,US,2021-10-22
us,2021-01-19,14096,US,2021-10-22
us,2021-01-20,13908,US,2021-10-22
us,2021-01-21,14233,US,2021-10-22
us,2021-01-22,13328,US,2021-10-22
us,2021-01-23,11411,US,2021-10-22
us,2021-01-24,10732,US,2021-10-22
us,2021-01-25,13284,US,2021-10-22
us,2021-01-26,12527,US,2021-10-22
us,2021-01-27,12223,US,2021-10-22
us,2021-01-28,11241,US,2021-10-22
us,2021-01-29,11082,US,2021-10-22
us,2021-01-30,9539,US,2021-10-22
us,2021-01-31,9293,US,2021-10-22
us,2021-02-01,10703,US,2021-10-22
us,2021-02-02,10591,US,2021-10-22
us,2021-02-03,10654,US,2021-10-22
us,2021-02-04,10177,US,2021-10-22
us,2021-02-05,9852,US,2021-10-22
us,2021-02-06,8129,US,2021-10-22
us,2021-02-07,7643,US,2021-10-22
us,2021-02-08,9132,US,2021-10-22
us,2021-02-09,8683,US,2021-10-22
us,2021-02-10,8344,US,2021-10-22
us,2021-02-11,7958,US,2021-10-22
us,2021-02-12,7588,US,2021-10-22
us,2021-02-13,6519,US,2021-10-22
us,2021-02-14,5914,US,2021-10-22
us,2021-02-15,7055,US,2021-10-22
us,2021-02-16,7286,US,2021-10-22
us,2021-02-17,6942,US,2021-10-22
us,2021-02-18,6726,US,2021-10-22
us,2021-02-19,6753,US,2021-10-22
us,2021-02-20,5824,US,2021-10-22
us,2021-02-21,5738,US,2021-10-22
us,2021-02-22,6798,US,2021-10-22
us,2021-02-23,6604,US,2021-10-22
us,2021-02-24,6258,US,2021-10-22
us,2021-02-25,5774,US,2021-10-22
us,2021-02-26,5601,US,2021-10-22
us,2021-02-27,4972,US,2021-10-22
us,2021-02-28,4584,US,2021-10-22
us,2021-03-01,5453,US,2021-10-22
us,2021-03-02,5405,US,2021-10-22
us,2021-03-03,5420,US,2021-10-22
us,2021-03-04,5328,US,2021-10-22
us,2021-03-05,5064,US,2021-10-22
us,2021-03-06,4345,US,2021-10-22
us,2021-03-07,4318,US,2021-10-22
us,2021-03-08,5137,US,2021-10-22
us,2021-03-09,5190,US,2021-10-22
us,2021-03-10,4956,US,2021-10-22
us,2021-03-11,5242,US,2021-10-22
us,2021-03-12,4739,US,2021-10-22
us,2021-03-13,4127,US,2021-10-22
us,2021-03-14,4200,US,2021-10-22
us,2021-03-15,5011,US,2021-10-22
us,2021-03-16,4943,US,2021-10-22
us,2021-03-17,4936,US,2021-10-22
us,2021-03-18,4917,US,2021-10-22
us,2021-03-19,4884,US,2021-10-22
us,2021-03-20,4143,US,2021-10-22
us,2021-03-21,4256,US,2021-10-22
us,2021-03-22,5296,US,2021-10-22
us,2021-03-23,5216,US,2021-10-22
us,2021-03-24,5283,US,2021-10-22
us,2021-03-25,5195,US,2021-10-22
us,2021-03-26,5074,US,2021-10-22
us,2021-03-27,4714,US,2021-10-22
us,2021-03-28,4514,US,2021-10-22
us,2021-03-29,5461,US,2021-10-22
us,2021-03-30,5281,US,2021-10-22
us,2021-03-31,5388,US,2021-10-22
us,2021-04-01,5374,US,2021-10-22
us,2021-04-02,5315,US,2021-10-22
us,2021-04-03,4832,US,2021-10-22
us,2021-04-04,4897,US,2021-10-22
us,2021-04-05,6081,US,2021-10-22
us,2021-04-06,5832,US,2021-10-22
us,2021-04-07,5753,US,2021-10-22
us,2021-04-08,5792,US,2021-10-22
us,2021-04-09,5628,US,2021-10-22
us,2021-04-10,5242,US,2021-10-22
us,2021-04-11,5131,US,2021-10-22
us,2021-04-12,5973,US,2021-10-22
us,2021-04-13,5856,US,2021-10-22
us,2021-04-14,5795,US,2021-10-22
us,2021-04-15,6007,US,2021-10-22
us,2021-04-16,5907,US,2021-10-22
us,2021-04-17,5265,US,2021-10-22
us,2021-04-18,5109,US,2021-10-22
us,2021-04-19,5847,US,2021-10-22
us,2021-04-20,5676,US,2021-10-22
us,2021-04-21,5483,US,2021-10-22
us,2021-04-22,5305,US,2021-10-22
us,2021-04-23,5124,US,2021-10-22
us,2021-04-24,4600,US,2021-10-22
us,2021-04-25,4514,US,2021-10-22
us,2021-04-26,5338,US,2021-10-22
us,2021-04-27,5083,US,2021-10-22
us,2021-04-28,5039,US,2021-10-22
us,2021-04-29,5090,US,2021-10-22
us,2021-04-30,4591,US,2021-10-22
us,2021-05-01,4111,US,2021-10-22
us,2021-05-02,4286,US,2021-10-22
us,2021-05-03,4818,US,2021-10-22
us,2021-05-04,4583,US,2021-10-22
us,2021-05-05,4411,US,2021-10-22
us,2021-05-06,4414,US,2021-10-22
us,2021-05-07,4195,US,2021-10-22
us,2021-05-08,3509,US,2021-10-22
us,2021-05-09,3604,US,2021-10-22
us,2021-05-10,4126,US,2021-10-22
us,2021-05-11,3982,US,2021-10-22
us,2021-05-12,3781,US,2021-10-22
us,2021-05-13,3769,US,2021-10-22
us,2021-05-14,3546,US,2021-10-22
us,2021-05-15,3036,US,2021-10-22
us,2021-05-16,3028,US,2021-10-22
us,2021-05-17,3595,US,2021-10-22
us,2021-05-18,3570,US,2021-10-22
us,2021-05-19,3268,US,2021-10-22
us,2021-05-20,3330,US,2021-10-22
us,2021-05-21,3229,US,2021-10-22
us,2021-05-22,2848,US,2021-10-22
us,2021-05-23,2831,US,2021-10-22
us,2021-05-24,3255,US,2021-10-22
us,2021-05-25,3061,US,2021-10-22
us,2021-05-26,3040,US,2021-10-22
us,2021-05-27,2855,US,2021-10-22
us,2021-05-28,2597,US,2021-10-22
us,2021-05-29,2300,US,2021-10-22
us,2021-05-30,2217,US,2021-10-22
us,2021-05-31,2292,US,2021-10-22
us,2021-06-01,2659,US,2021-10-22
us,2021-06-02,2504,US,2021-10-22
us,2021-06-03,2455,US,2021-10-22
us,2021-06-04,2280,US,2021-10-22
us,2021-06-05,1971,US,2021-10-22
us,2021-06-06,1932,US,2021-10-22
us,2021-06-07,2346,US,2021-10-22
us,2021-06-08,2227,US,2021-10-22
us,2021-06-09,2217,US,2021-10-22
us,2021-06-10,2236,US,2021-10-22
us,2021-06-11,2030,US,2021-10-22
us,2021-06-12,1849,US,2021-10-22
us,2021-06-13,1823,US,2021-10-22
us,2021-06-14,2020,US,2021-10-22
us,2021-06-15,2058,US,2021-10-22
us,2021-06-16,1955,US,2021-10-22
us,2021-06-17,2087,US,2021-10-22
us,2021-06-18,1844,US,2021-10-22
us,2021-06-19,1634,US,2021-10-22
us,2021-06-20,1669,US,2021-10-22
us,2021-06-21,2046,US,2021-10-22
us,2021-06-22,1982,US,2021-10-22
us,2021-06-23,1990,US,2021-10-22
us,2021-06-24,1941,US,2021-10-22
us,2021-06-25,1954,US,2021-10-22
us,2021-06-26,1802,US,2021-10-22
us,2021-06-27,1827,US,2021-10-22
us,2021-06-28,2114,US,2021-10-22
us,2021-06-29,2152,US,2021-10-22
us,2021-06-30,2100,US,2021-10-22
us,2021-07-01,2358,US,2021-10-22
us,2021-07-02,2117,US,2021-10-22
us,2021-07-03,1922,US,2021-10-22
us,2021-07-04,2007,US,2021-10-22
us,2021-07-05,2337,US,2021-10-22
us,2021-07-06,2671,US,2021-10-22
us,2021-07-07,2708,US,2021-10-22
us,2021-07-08,2787,US,2021-10-22
us,2021-07-09,2805,US,2021-10-22
us,2021-07-10,2604,US,2021-10-22
us,2021-07-11,2813,US,2021-10-22
us,2021-07-12,3343,US,2021-10-22
us,2021-07-13,3280,US,2021-10-22
us,2021-07-14,3512,US,2021-10-22
us,2021-07-15,3743,US,2021-10-22
us,2021-07-16,3794,US,2021-10-22
us,2021-07-17,3598,US,2021-10-22
us,2021-07-18,3959,US,2021-10-22
us,2021-07-19,4742,US,2021-10-22
us,2021-07-20,4772,US,2021-10-22
us,2021-07-21,5261,US,2021-10-22
us,2021-07-22,5383,US,2021-10-22
us,2021-07-23,5575,US,2021-10-22
us,2021-07-24,5361,US,2021-10-22
us,2021-07-25,5841,US,2021-10-22
us,2021-07-26,6833,US,2021-10-22
us,2021-07-27,7061,US,2021-10-22
us,2021-07-28,7215,US,2021-10-22
us,2021-07-29,7989,US,2021-10-22
us,2021-07-30,8045,US,2021-10-22
us,2021-07-31,7410,US,2021-10-22
us,2021-08-01,7880,US,2021-10-22
us,2021-08-02,9420,US,2021-10-22
us,2021-08-03,9492,US,2021-10-22
us,2021-08-04,9834,US,2021-10-22
us,2021-08-05,10223,US,2021-10-22
us,2021-08-06,10195,US,2021-10-22
us,2021-08-07,9814,US,2021-10-22
us,2021-08-08,10123,US,2021-10-22
us,2021-08-09,11547,US,2021-10-22
us,2021-08-10,11700,US,2021-10-22
us,2021-08-11,11995,US,2021-10-22
us,2021-08-12,11979,US,2021-10-22
us,2021-08-13,11747,US,2021-10-22
us,2021-08-14,10694,US,2021-10-22
us,2021-08-15,11154,US,2021-10-22
us,2021-08-16,12814,US,2021-10-22
us,2021-08-17,12844,US,2021-10-22
us,2021-08-18,12806,US,2021-10-22
us,2021-08-19,12687,US,2021-10-22
us,2021-08-20,12478,US,2021-10-22
us,2021-08-21,11668,US,2021-10-22
us,2021-08-22,11636,US,2021-10-22
us,2021-08-23,13104,US,2021-10-22
us,2021-08-24,12766,US,2021-10-22
us,2021-08-25,13073,US,2021-10-22
us,2021-08-26,12825,US,2021-10-22
us,2021-08-27,12327,US,2021-10-22
us,2021-08-28,11264,US,2021-10-22
us,2021-08-29,11411,US,2021-10-22
us,2021-08-30,12958,US,2021-10-22
us,2021-08-31,13129,US,2021-10-22
us,2021-09-01,12862,US,2021-10-22
us,2021-09-02,12088,US,2021-10-22
us,2021-09-03,12183,US,2021-10-22
us,2021-09-04,11108,US,2021-10-22
us,2021-09-05,11030,US,2021-10-22
us,2021-09-06,11475,US,2021-10-22
us,2021-09-07,12503,US,2021-10-22
us,2021-09-08,12317,US,2021-10-22
us,2021-09-09,11836,US,2021-10-22
us,2021-09-10,11287,US,2021-10-22
us,2021-09-11,10168,US,2021-10-22
us,2021-09-12,10161,US,2021-10-22
us,2021-09-13,11230,US,2021-10-22
us,2021-09-14,10921,US,2021-10-22
us,2021-09-15,10915,US,2021-10-22
us,2021-09-16,10326,US,2021-10-22
us,2021-09-17,9926,US,2021-10-22
us,2021-09-18,8780,US,2021-10-22
us,2021-09-19,8643,US,2021-10-22
us,2021-09-20,9829,US,2021-10-22
us,2021-09-21,9648,US,2021-10-22
us,2021-09-22,9275,US,2021-10-22
us,2021-09-23,8953,US,2021-10-22
us,2021-09-24,8461,US,2021-10-22
us,2021-09-25,7492,US,2021-10-22
us,2021-09-26,7341,US,2021-10-22
us,2021-09-27,8581,US,2021-10-22
us,2021-09-28,8193,US,2021-10-22
us,2021-09-29,7947,US,2021-10-22
us,2021-09-30,7833,US,2021-10-22
us,2021-10-01,7337,US,2021-10-22
us,2021-10-02,6505,US,2021-10-22
us,2021-10-03,6500,US,2021-10-22
us,2021-10-04,7596,US,2021-10-22
us,2021-10-05,7612,US,2021-10-22
us,2021-10-06,7376,US,2021-10-22
us,2021-10-07,7097,US,2021-10-22
us,2021-10-08,6889,US,2021-10-22
us,2021-10-09,6074,US,2021-10-22
us,2021-10-10,5979,US,2021-10-22
us,2021-10-11,6939,US,2021-10-22
us,2021-10-12,6784,US,2021-10-22
us,2021-10-13,6535,US,2021-10-22
us,2021-10-14,6567,US,2021-10-22
us,2021-10-15,6243,US,2021-10-22
us,2021-10-16,5400,US,2021-10-22
us,2021-10-17,5378,US,2021-10-22
us,2021-10-18,6108,US,2021-10-22
us,2021-10-19,6002,US,2021-10-22
us,2021-10-20,6066,US,2021-10-22
us,2021-10-21,6054,US,2021-10-22
